73.0,8.0
61.0,6.0
49.0,26.0
44.0,15.0
40.0,5.0
38.0,11.0
47.0,7.0
36.0,3.0
44.0,2.0
28.0,8.0
29.0,9.0
19.0,8.0
15.0,4.0
20.0,6.0
18.0,5.0
23.0,8.0
13.0,7.0
13.0,4.0
14.0,1.0
4.0,0.0
15.0,1.0
13.0,0.0
21.0,2.0
9.0,2.0
15.0,2.0
14.0,6.0
17.0,1.0
15.0,1.0
19.0,2.0
14.0,1.0
20.0,1.0
15.0,4.0
18.0,3.0
15.0,4.0
18.0,2.0
15.0,8.0
21.0,4.0
16.0,4.0
20.0,8.0
43.0,2.0
70.0,1.0
79.0,1.0
123.0,6.0
150.0,4.0
200.0,67.0
211.0,86.0
217.0,154.0
183.0,214.0
207.0,336.0
188.0,274.0
250.0,231.0
242.0,248.0
283.0,139.0
233.0,26.0
211.0,4.0
195.0,0.0
197.0,1.0
179.0,1.0
152.0,2.0
171.0,3.0
155.0,4.0
163.0,4.0
154.0,5.0
157.0,1.0
146.0,4.0
156.0,7.0
159.0,8.0
152.0,5.0
170.0,0.0
200.0,6.0
213.0,7.0
182.0,5.0
184.0,8.0
189.0,6.0
213.0,2.0
175.0,2.0
208.0,11.0
208.0,16.0
241.0,20.0
223.0,38.0
239.0,56.0
229.0,34.0
253.0,36.0
262.0,72.0
237.0,93.0
244.0,94.0
224.0,98.0
260.0,54.0
243.0,35.0
236.0,59.0
240.0,59.0
259.0,163.0
261.0,175.0
269.0,200.0
251.0,182.0
247.0,235.0
340.0,59.0
288.0,85.0
310.0,143.0
337.0,190.0
316.0,166.0
287.0,211.0
357.0,324.0
293.0,329.0
254.0,358.0
331.0,389.0
313.0,254.0
277.0,241.0
314.0,232.0
301.0,141.0
259.0,32.0
252.0,7.0
238.0,10.0
230.0,6.0
227.0,7.0
216.0,9.0
168.0,9.0
214.0,22.0
202.0,20.0
195.0,54.0
205.0,7.0
215.0,7.0
222.0,7.0
194.0,16.0
202.0,36.0
223.0,40.0
205.0,14.0
193.0,14.0
172.0,28.0
190.0,46.0
171.0,12.0
171.0,8.0
167.0,14.0
156.0,8.0
147.0,13.0
95.0,9.0
110.0,5.0
114.0,4.0
73.0,7.0
62.0,2.0
87.0,4.0
60.0,6.0
61.0,6.0
56.0,0.0
