26.0,1.0
23.0,2.0
25.0,0.0
22.0,2.0
31.0,4.0
18.0,1.0
17.0,0.0
12.0,1.0
14.0,2.0
14.0,1.0
18.0,0.0
11.0,1.0
14.0,0.0
16.0,5.0
12.0,1.0
11.0,3.0
10.0,0.0
4.0,0.0
7.0,3.0
6.0,8.0
10.0,1.0
3.0,0.0
6.0,1.0
9.0,0.0
6.0,0.0
2.0,0.0
2.0,0.0
1.0,0.0
2.0,0.0
1.0,0.0
5.0,0.0
0.0,2.0
6.0,1.0
3.0,3.0
4.0,0.0
5.0,0.0
13.0,2.0
13.0,0.0
10.0,1.0
20.0,2.0
27.0,1.0
33.0,1.0
48.0,3.0
58.0,2.0
70.0,2.0
84.0,8.0
120.0,14.0
111.0,104.0
127.0,174.0
127.0,104.0
135.0,38.0
124.0,57.0
107.0,117.0
131.0,62.0
120.0,11.0
91.0,6.0
89.0,2.0
96.0,7.0
89.0,17.0
80.0,16.0
86.0,9.0
77.0,9.0
88.0,13.0
73.0,12.0
80.0,21.0
73.0,29.0
73.0,19.0
89.0,8.0
77.0,19.0
74.0,32.0
78.0,31.0
81.0,42.0
90.0,16.0
85.0,19.0
89.0,5.0
82.0,18.0
80.0,18.0
87.0,39.0
90.0,48.0
94.0,37.0
87.0,21.0
88.0,32.0
82.0,24.0
104.0,20.0
100.0,20.0
99.0,35.0
98.0,24.0
100.0,38.0
82.0,9.0
74.0,4.0
77.0,3.0
81.0,0.0
92.0,4.0
79.0,4.0
87.0,10.0
86.0,3.0
93.0,1.0
85.0,4.0
78.0,2.0
89.0,5.0
92.0,3.0
95.0,5.0
102.0,3.0
91.0,7.0
89.0,1.0
104.0,6.0
84.0,4.0
96.0,2.0
108.0,3.0
107.0,5.0
96.0,2.0
98.0,2.0
78.0,3.0
84.0,3.0
84.0,5.0
72.0,1.0
80.0,7.0
77.0,3.0
69.0,3.0
65.0,1.0
86.0,3.0
68.0,0.0
84.0,0.0
88.0,9.0
78.0,3.0
90.0,3.0
88.0,2.0
83.0,6.0
88.0,4.0
58.0,1.0
88.0,3.0
64.0,2.0
71.0,1.0
61.0,4.0
57.0,2.0
56.0,5.0
53.0,1.0
44.0,3.0
33.0,2.0
42.0,1.0
46.0,1.0
60.0,4.0
56.0,3.0
46.0,2.0
