12.0,8.0
5.0,0.0
6.0,0.0
6.0,0.0
11.0,0.0
7.0,0.0
9.0,0.0
4.0,1.0
3.0,0.0
7.0,0.0
7.0,0.0
5.0,0.0
2.0,0.0
1.0,0.0
1.0,1.0
3.0,0.0
2.0,1.0
2.0,2.0
2.0,0.0
1.0,0.0
1.0,1.0
1.0,1.0
3.0,3.0
1.0,2.0
0.0,0.0
0.0,0.0
0.0,0.0
1.0,0.0
0.0,0.0
0.0,0.0
1.0,0.0
1.0,1.0
1.0,1.0
0.0,3.0
0.0,1.0
0.0,1.0
2.0,1.0
2.0,1.0
1.0,1.0
6.0,2.0
7.0,0.0
10.0,0.0
13.0,0.0
21.0,1.0
18.0,2.0
32.0,0.0
31.0,3.0
33.0,0.0
41.0,2.0
39.0,2.0
46.0,12.0
41.0,22.0
30.0,18.0
36.0,14.0
40.0,20.0
43.0,24.0
32.0,23.0
23.0,3.0
23.0,7.0
31.0,4.0
19.0,5.0
20.0,0.0
27.0,7.0
25.0,6.0
29.0,2.0
19.0,1.0
27.0,10.0
27.0,10.0
28.0,0.0
22.0,4.0
28.0,1.0
25.0,2.0
27.0,0.0
31.0,0.0
33.0,4.0
33.0,1.0
46.0,8.0
41.0,12.0
34.0,7.0
25.0,2.0
50.0,2.0
33.0,3.0
28.0,8.0
34.0,7.0
29.0,8.0
35.0,6.0
25.0,3.0
39.0,0.0
38.0,1.0
40.0,4.0
31.0,2.0
34.0,3.0
40.0,4.0
41.0,1.0
35.0,3.0
42.0,1.0
53.0,5.0
52.0,1.0
49.0,1.0
51.0,3.0
47.0,9.0
41.0,5.0
56.0,8.0
55.0,4.0
49.0,1.0
60.0,3.0
51.0,3.0
55.0,3.0
61.0,3.0
60.0,1.0
39.0,2.0
58.0,3.0
48.0,4.0
59.0,1.0
54.0,3.0
53.0,2.0
49.0,5.0
48.0,2.0
54.0,1.0
50.0,4.0
46.0,2.0
35.0,1.0
39.0,1.0
45.0,2.0
43.0,2.0
46.0,3.0
46.0,2.0
35.0,5.0
35.0,2.0
55.0,2.0
43.0,1.0
40.0,0.0
31.0,0.0
37.0,1.0
32.0,1.0
35.0,0.0
18.0,0.0
32.0,3.0
14.0,1.0
14.0,1.0
13.0,0.0
9.0,0.0
15.0,4.0
10.0,3.0
