17.0,4.0
15.0,6.0
17.0,3.0
17.0,9.0
17.0,1.0
20.0,8.0
21.0,11.0
16.0,0.0
10.0,5.0
11.0,4.0
10.0,5.0
9.0,4.0
6.0,1.0
6.0,2.0
8.0,1.0
7.0,1.0
2.0,1.0
2.0,1.0
7.0,3.0
5.0,2.0
4.0,3.0
2.0,0.0
9.0,4.0
2.0,1.0
1.0,1.0
3.0,1.0
1.0,1.0
2.0,1.0
2.0,2.0
0.0,0.0
0.0,1.0
2.0,3.0
2.0,2.0
2.0,3.0
1.0,2.0
2.0,4.0
2.0,2.0
0.0,1.0
2.0,2.0
2.0,1.0
2.0,3.0
7.0,7.0
7.0,2.0
5.0,0.0
3.0,0.0
21.0,1.0
18.0,4.0
11.0,8.0
15.0,2.0
13.0,2.0
25.0,11.0
16.0,6.0
32.0,7.0
11.0,11.0
27.0,2.0
23.0,1.0
23.0,0.0
18.0,4.0
22.0,6.0
24.0,6.0
25.0,3.0
19.0,3.0
16.0,10.0
30.0,16.0
21.0,4.0
22.0,7.0
26.0,13.0
27.0,12.0
18.0,7.0
34.0,8.0
35.0,15.0
40.0,24.0
30.0,10.0
34.0,13.0
42.0,5.0
29.0,22.0
34.0,20.0
31.0,8.0
22.0,12.0
29.0,10.0
28.0,11.0
38.0,6.0
23.0,11.0
25.0,14.0
31.0,2.0
24.0,9.0
41.0,23.0
29.0,17.0
28.0,11.0
27.0,11.0
33.0,7.0
38.0,16.0
31.0,18.0
23.0,17.0
36.0,27.0
36.0,39.0
38.0,23.0
56.0,30.0
49.0,19.0
45.0,24.0
33.0,18.0
45.0,17.0
67.0,20.0
70.0,17.0
61.0,26.0
58.0,13.0
55.0,7.0
58.0,21.0
51.0,20.0
45.0,23.0
39.0,19.0
49.0,26.0
44.0,15.0
44.0,7.0
30.0,11.0
37.0,12.0
40.0,15.0
34.0,17.0
28.0,16.0
38.0,19.0
38.0,29.0
32.0,22.0
36.0,21.0
28.0,40.0
32.0,23.0
26.0,12.0
29.0,11.0
25.0,20.0
21.0,11.0
20.0,6.0
14.0,13.0
29.0,11.0
25.0,15.0
13.0,8.0
24.0,4.0
10.0,15.0
23.0,14.0
21.0,13.0
18.0,8.0
17.0,10.0
18.0,1.0
20.0,3.0
13.0,5.0
21.0,4.0
