51.0,19.0
43.0,15.0
43.0,12.0
33.0,14.0
29.0,12.0
24.0,4.0
18.0,1.0
33.0,2.0
25.0,3.0
18.0,8.0
10.0,6.0
13.0,6.0
10.0,3.0
11.0,20.0
11.0,6.0
14.0,2.0
5.0,3.0
6.0,7.0
9.0,1.0
6.0,2.0
11.0,0.0
1.0,0.0
3.0,0.0
2.0,3.0
6.0,3.0
6.0,0.0
1.0,4.0
6.0,2.0
4.0,0.0
3.0,8.0
4.0,6.0
2.0,6.0
6.0,2.0
5.0,4.0
6.0,9.0
9.0,4.0
6.0,13.0
6.0,8.0
12.0,10.0
41.0,0.0
46.0,3.0
69.0,1.0
86.0,5.0
157.0,8.0
231.0,12.0
304.0,25.0
456.0,54.0
520.0,267.0
497.0,375.0
538.0,379.0
568.0,319.0
594.0,337.0
585.0,290.0
701.0,100.0
672.0,15.0
539.0,11.0
394.0,10.0
355.0,10.0
282.0,3.0
234.0,7.0
222.0,8.0
176.0,7.0
174.0,3.0
166.0,2.0
151.0,5.0
126.0,8.0
139.0,6.0
149.0,2.0
162.0,3.0
142.0,2.0
176.0,8.0
160.0,4.0
148.0,5.0
170.0,3.0
149.0,2.0
147.0,4.0
169.0,5.0
176.0,1.0
166.0,3.0
157.0,3.0
190.0,2.0
175.0,7.0
176.0,6.0
187.0,8.0
152.0,3.0
143.0,9.0
182.0,5.0
141.0,7.0
157.0,3.0
169.0,7.0
154.0,3.0
157.0,4.0
147.0,6.0
160.0,12.0
158.0,14.0
155.0,7.0
158.0,3.0
168.0,2.0
165.0,2.0
187.0,2.0
183.0,11.0
238.0,20.0
401.0,55.0
330.0,48.0
311.0,21.0
459.0,48.0
337.0,108.0
345.0,94.0
431.0,137.0
356.0,112.0
348.0,54.0
272.0,19.0
289.0,8.0
272.0,8.0
227.0,12.0
226.0,16.0
226.0,13.0
250.0,6.0
245.0,6.0
247.0,8.0
302.0,9.0
310.0,12.0
262.0,16.0
247.0,20.0
280.0,16.0
269.0,19.0
292.0,42.0
252.0,95.0
221.0,63.0
225.0,17.0
190.0,17.0
201.0,16.0
191.0,9.0
179.0,7.0
136.0,4.0
106.0,6.0
96.0,6.0
91.0,3.0
78.0,2.0
101.0,12.0
63.0,9.0
54.0,11.0
54.0,10.0
45.0,7.0
