92.0,14.0
70.0,3.0
67.0,34.0
62.0,47.0
53.0,9.0
52.0,8.0
60.0,10.0
30.0,4.0
38.0,11.0
43.0,2.0
36.0,5.0
30.0,0.0
33.0,5.0
31.0,6.0
33.0,4.0
33.0,4.0
22.0,6.0
14.0,9.0
19.0,3.0
13.0,5.0
11.0,0.0
13.0,1.0
12.0,2.0
19.0,4.0
19.0,1.0
10.0,17.0
13.0,8.0
13.0,8.0
18.0,5.0
15.0,3.0
8.0,1.0
14.0,8.0
15.0,1.0
11.0,1.0
11.0,0.0
14.0,0.0
20.0,2.0
21.0,2.0
19.0,0.0
25.0,5.0
41.0,2.0
43.0,0.0
50.0,4.0
71.0,3.0
68.0,2.0
93.0,4.0
62.0,1.0
117.0,4.0
77.0,2.0
104.0,4.0
122.0,6.0
119.0,2.0
124.0,6.0
103.0,5.0
125.0,1.0
128.0,1.0
157.0,7.0
117.0,0.0
149.0,3.0
148.0,8.0
155.0,3.0
136.0,6.0
140.0,4.0
155.0,4.0
145.0,6.0
162.0,6.0
155.0,2.0
160.0,7.0
173.0,3.0
151.0,4.0
184.0,2.0
195.0,7.0
181.0,2.0
179.0,4.0
198.0,4.0
202.0,3.0
194.0,9.0
214.0,4.0
240.0,5.0
212.0,2.0
239.0,7.0
225.0,9.0
200.0,6.0
260.0,3.0
210.0,5.0
205.0,6.0
251.0,7.0
266.0,8.0
264.0,12.0
311.0,41.0
226.0,101.0
268.0,136.0
299.0,118.0
247.0,107.0
216.0,253.0
270.0,274.0
402.0,17.0
380.0,56.0
354.0,189.0
346.0,241.0
335.0,248.0
350.0,233.0
343.0,169.0
349.0,157.0
325.0,139.0
312.0,106.0
314.0,49.0
251.0,9.0
247.0,8.0
234.0,5.0
197.0,6.0
238.0,4.0
202.0,10.0
202.0,4.0
207.0,5.0
213.0,9.0
202.0,12.0
195.0,5.0
177.0,6.0
170.0,12.0
210.0,13.0
206.0,10.0
193.0,13.0
199.0,24.0
194.0,13.0
207.0,17.0
212.0,18.0
190.0,38.0
147.0,8.0
176.0,20.0
154.0,17.0
169.0,10.0
154.0,26.0
164.0,32.0
113.0,19.0
92.0,5.0
89.0,5.0
69.0,1.0
62.0,2.0
73.0,7.0
61.0,8.0
67.0,6.0
57.0,22.0
63.0,16.0
