46.0,6.0
55.0,3.0
46.0,15.0
51.0,14.0
53.0,12.0
40.0,20.0
43.0,26.0
48.0,17.0
36.0,13.0
31.0,11.0
43.0,13.0
37.0,14.0
35.0,13.0
21.0,14.0
18.0,2.0
16.0,8.0
19.0,6.0
20.0,5.0
15.0,10.0
19.0,3.0
13.0,8.0
13.0,2.0
11.0,3.0
9.0,1.0
7.0,0.0
15.0,2.0
12.0,1.0
10.0,0.0
10.0,0.0
11.0,1.0
15.0,2.0
14.0,2.0
16.0,5.0
11.0,1.0
20.0,12.0
12.0,4.0
23.0,4.0
18.0,11.0
21.0,1.0
44.0,2.0
52.0,2.0
76.0,3.0
124.0,1.0
133.0,3.0
174.0,6.0
205.0,10.0
205.0,13.0
236.0,53.0
226.0,171.0
252.0,147.0
280.0,14.0
317.0,42.0
261.0,14.0
199.0,10.0
188.0,5.0
176.0,7.0
161.0,3.0
160.0,5.0
139.0,5.0
140.0,4.0
156.0,5.0
160.0,3.0
145.0,6.0
155.0,3.0
141.0,5.0
154.0,7.0
172.0,5.0
165.0,6.0
155.0,5.0
140.0,5.0
148.0,4.0
162.0,4.0
178.0,5.0
129.0,4.0
146.0,5.0
146.0,8.0
151.0,5.0
188.0,4.0
183.0,11.0
189.0,4.0
204.0,7.0
193.0,6.0
182.0,10.0
182.0,5.0
197.0,9.0
211.0,9.0
184.0,2.0
227.0,4.0
235.0,7.0
190.0,9.0
268.0,8.0
200.0,4.0
225.0,25.0
269.0,4.0
229.0,9.0
201.0,8.0
228.0,5.0
249.0,7.0
308.0,10.0
270.0,12.0
231.0,15.0
255.0,14.0
355.0,64.0
354.0,126.0
316.0,146.0
353.0,200.0
333.0,183.0
300.0,146.0
294.0,132.0
299.0,78.0
251.0,26.0
232.0,5.0
239.0,12.0
215.0,8.0
212.0,7.0
218.0,12.0
187.0,5.0
172.0,1.0
163.0,6.0
196.0,7.0
198.0,6.0
221.0,4.0
199.0,4.0
217.0,8.0
234.0,14.0
246.0,9.0
228.0,25.0
218.0,76.0
209.0,39.0
187.0,62.0
196.0,28.0
193.0,45.0
199.0,71.0
188.0,50.0
149.0,23.0
126.0,8.0
150.0,5.0
92.0,4.0
109.0,4.0
84.0,1.0
91.0,5.0
77.0,5.0
77.0,6.0
74.0,7.0
