58.0,2.0
33.0,0.0
36.0,1.0
45.0,1.0
33.0,0.0
30.0,0.0
27.0,0.0
30.0,4.0
27.0,1.0
14.0,0.0
13.0,2.0
17.0,1.0
19.0,5.0
13.0,3.0
8.0,0.0
14.0,0.0
18.0,0.0
4.0,1.0
10.0,0.0
6.0,0.0
6.0,0.0
6.0,1.0
6.0,1.0
3.0,0.0
5.0,0.0
6.0,0.0
4.0,0.0
7.0,0.0
6.0,0.0
9.0,2.0
4.0,1.0
9.0,2.0
7.0,1.0
8.0,1.0
8.0,3.0
5.0,8.0
13.0,7.0
4.0,6.0
12.0,11.0
17.0,9.0
19.0,18.0
19.0,54.0
29.0,42.0
36.0,38.0
57.0,51.0
77.0,33.0
74.0,50.0
90.0,97.0
96.0,199.0
110.0,140.0
132.0,154.0
124.0,166.0
124.0,162.0
132.0,90.0
161.0,76.0
156.0,72.0
155.0,67.0
148.0,77.0
145.0,88.0
125.0,69.0
122.0,81.0
126.0,86.0
154.0,119.0
122.0,132.0
135.0,90.0
127.0,64.0
135.0,100.0
101.0,134.0
126.0,189.0
109.0,206.0
135.0,152.0
113.0,148.0
129.0,164.0
122.0,168.0
118.0,140.0
150.0,128.0
140.0,140.0
115.0,118.0
123.0,111.0
142.0,132.0
124.0,151.0
132.0,156.0
128.0,149.0
139.0,126.0
128.0,96.0
128.0,133.0
152.0,112.0
151.0,85.0
170.0,56.0
160.0,63.0
181.0,39.0
149.0,34.0
154.0,74.0
153.0,29.0
161.0,48.0
178.0,61.0
211.0,14.0
160.0,1.0
164.0,2.0
171.0,4.0
183.0,4.0
202.0,2.0
233.0,7.0
238.0,3.0
237.0,6.0
242.0,15.0
253.0,8.0
216.0,5.0
218.0,5.0
199.0,5.0
219.0,8.0
220.0,8.0
193.0,4.0
154.0,2.0
152.0,3.0
130.0,2.0
129.0,0.0
112.0,7.0
120.0,7.0
114.0,2.0
142.0,2.0
128.0,10.0
159.0,6.0
137.0,2.0
131.0,4.0
146.0,5.0
133.0,1.0
152.0,11.0
155.0,5.0
206.0,20.0
179.0,23.0
178.0,46.0
176.0,88.0
172.0,55.0
140.0,25.0
124.0,16.0
110.0,6.0
112.0,8.0
110.0,4.0
91.0,3.0
69.0,2.0
74.0,1.0
68.0,4.0
44.0,0.0
