21.0,2.0
13.0,0.0
10.0,1.0
13.0,0.0
7.0,0.0
6.0,3.0
7.0,0.0
2.0,1.0
5.0,4.0
2.0,0.0
6.0,1.0
2.0,1.0
1.0,1.0
3.0,0.0
0.0,0.0
1.0,0.0
1.0,0.0
2.0,0.0
2.0,2.0
0.0,0.0
0.0,0.0
2.0,1.0
1.0,0.0
0.0,0.0
0.0,0.0
3.0,0.0
0.0,0.0
0.0,0.0
2.0,0.0
0.0,0.0
0.0,0.0
2.0,0.0
1.0,0.0
0.0,4.0
2.0,5.0
2.0,4.0
5.0,8.0
6.0,11.0
4.0,1.0
18.0,0.0
30.0,4.0
27.0,1.0
59.0,3.0
96.0,3.0
118.0,5.0
149.0,5.0
186.0,27.0
206.0,92.0
219.0,171.0
217.0,311.0
259.0,164.0
264.0,202.0
283.0,199.0
283.0,62.0
234.0,7.0
189.0,5.0
116.0,1.0
89.0,1.0
94.0,2.0
71.0,3.0
69.0,1.0
63.0,2.0
63.0,3.0
46.0,2.0
58.0,1.0
44.0,3.0
56.0,0.0
61.0,1.0
69.0,1.0
61.0,1.0
67.0,1.0
64.0,0.0
108.0,0.0
79.0,3.0
76.0,0.0
78.0,2.0
70.0,1.0
79.0,0.0
84.0,1.0
86.0,1.0
66.0,1.0
61.0,1.0
71.0,0.0
64.0,6.0
72.0,3.0
51.0,1.0
69.0,1.0
50.0,2.0
60.0,3.0
52.0,0.0
69.0,2.0
68.0,3.0
53.0,1.0
76.0,2.0
66.0,3.0
67.0,1.0
69.0,6.0
67.0,0.0
82.0,2.0
70.0,1.0
78.0,5.0
79.0,1.0
167.0,2.0
124.0,5.0
124.0,0.0
268.0,10.0
267.0,16.0
233.0,8.0
363.0,8.0
352.0,5.0
262.0,11.0
268.0,6.0
191.0,4.0
221.0,8.0
182.0,5.0
150.0,4.0
140.0,6.0
164.0,5.0
132.0,5.0
142.0,7.0
155.0,3.0
148.0,2.0
140.0,3.0
167.0,2.0
155.0,0.0
160.0,7.0
177.0,8.0
169.0,5.0
152.0,7.0
132.0,3.0
132.0,4.0
117.0,1.0
134.0,7.0
111.0,4.0
79.0,4.0
73.0,5.0
83.0,1.0
66.0,3.0
55.0,1.0
48.0,3.0
49.0,4.0
24.0,1.0
19.0,1.0
17.0,4.0
