53.0,4.0
46.0,4.0
38.0,2.0
39.0,1.0
31.0,1.0
36.0,1.0
27.0,0.0
25.0,0.0
31.0,2.0
35.0,3.0
27.0,1.0
9.0,4.0
20.0,0.0
17.0,0.0
13.0,2.0
14.0,0.0
23.0,1.0
11.0,1.0
14.0,3.0
9.0,1.0
11.0,0.0
4.0,0.0
3.0,2.0
8.0,1.0
3.0,0.0
2.0,0.0
8.0,0.0
4.0,0.0
12.0,1.0
5.0,2.0
8.0,2.0
8.0,2.0
7.0,2.0
7.0,4.0
6.0,1.0
7.0,2.0
15.0,11.0
21.0,13.0
28.0,6.0
45.0,2.0
58.0,2.0
48.0,0.0
84.0,5.0
125.0,3.0
141.0,2.0
222.0,4.0
200.0,5.0
222.0,3.0
308.0,3.0
338.0,16.0
307.0,20.0
332.0,13.0
365.0,15.0
281.0,5.0
198.0,3.0
198.0,7.0
182.0,3.0
194.0,2.0
149.0,3.0
127.0,4.0
122.0,3.0
121.0,1.0
142.0,4.0
131.0,2.0
117.0,5.0
124.0,2.0
126.0,5.0
142.0,2.0
143.0,23.0
163.0,7.0
125.0,9.0
151.0,9.0
153.0,8.0
140.0,12.0
138.0,5.0
134.0,5.0
171.0,4.0
140.0,13.0
141.0,5.0
165.0,4.0
179.0,4.0
155.0,6.0
147.0,4.0
154.0,3.0
152.0,6.0
131.0,5.0
136.0,8.0
143.0,3.0
172.0,16.0
173.0,59.0
175.0,79.0
164.0,68.0
165.0,57.0
157.0,3.0
150.0,3.0
167.0,5.0
180.0,3.0
164.0,2.0
186.0,5.0
187.0,7.0
192.0,5.0
207.0,3.0
289.0,5.0
237.0,6.0
203.0,8.0
283.0,4.0
264.0,4.0
213.0,6.0
254.0,9.0
232.0,8.0
238.0,2.0
254.0,5.0
221.0,4.0
185.0,1.0
219.0,7.0
209.0,0.0
175.0,5.0
202.0,3.0
189.0,1.0
188.0,10.0
206.0,9.0
209.0,8.0
235.0,3.0
206.0,7.0
219.0,4.0
189.0,3.0
227.0,5.0
212.0,3.0
222.0,8.0
179.0,4.0
184.0,5.0
202.0,6.0
187.0,4.0
152.0,2.0
148.0,5.0
133.0,3.0
96.0,0.0
83.0,3.0
93.0,4.0
88.0,6.0
64.0,3.0
54.0,2.0
52.0,4.0
52.0,3.0
