25.0,4.0
21.0,2.0
21.0,1.0
28.0,0.0
14.0,1.0
17.0,2.0
17.0,1.0
13.0,2.0
15.0,1.0
10.0,1.0
6.0,2.0
9.0,0.0
5.0,0.0
8.0,1.0
12.0,0.0
11.0,8.0
12.0,2.0
10.0,2.0
7.0,2.0
3.0,0.0
5.0,0.0
4.0,0.0
2.0,0.0
1.0,0.0
2.0,1.0
2.0,0.0
1.0,1.0
2.0,0.0
2.0,1.0
8.0,0.0
2.0,0.0
2.0,0.0
5.0,0.0
5.0,0.0
2.0,1.0
3.0,0.0
8.0,2.0
6.0,4.0
10.0,8.0
36.0,0.0
29.0,0.0
43.0,1.0
72.0,2.0
80.0,5.0
112.0,9.0
155.0,6.0
175.0,29.0
224.0,170.0
169.0,326.0
156.0,298.0
166.0,168.0
166.0,164.0
168.0,111.0
188.0,41.0
137.0,9.0
120.0,4.0
121.0,1.0
86.0,9.0
96.0,9.0
78.0,7.0
80.0,12.0
80.0,6.0
58.0,3.0
53.0,7.0
51.0,2.0
69.0,5.0
56.0,5.0
50.0,4.0
45.0,5.0
53.0,7.0
48.0,2.0
67.0,3.0
53.0,1.0
53.0,1.0
50.0,3.0
66.0,4.0
68.0,4.0
65.0,2.0
82.0,6.0
67.0,3.0
70.0,1.0
79.0,6.0
62.0,2.0
57.0,0.0
60.0,1.0
51.0,1.0
55.0,3.0
38.0,1.0
52.0,3.0
56.0,4.0
65.0,3.0
54.0,3.0
54.0,7.0
71.0,3.0
53.0,0.0
72.0,1.0
75.0,5.0
54.0,3.0
52.0,0.0
71.0,4.0
78.0,3.0
69.0,3.0
78.0,4.0
94.0,4.0
94.0,3.0
96.0,5.0
99.0,5.0
82.0,4.0
84.0,1.0
84.0,5.0
82.0,4.0
77.0,3.0
85.0,3.0
65.0,3.0
64.0,2.0
83.0,2.0
64.0,3.0
57.0,3.0
73.0,2.0
59.0,3.0
66.0,2.0
78.0,1.0
69.0,2.0
87.0,3.0
67.0,4.0
79.0,0.0
88.0,4.0
94.0,2.0
72.0,4.0
68.0,1.0
65.0,2.0
61.0,1.0
69.0,8.0
57.0,0.0
59.0,1.0
55.0,5.0
57.0,6.0
40.0,4.0
28.0,2.0
30.0,2.0
39.0,1.0
35.0,1.0
39.0,4.0
24.0,3.0
