107.0,9.0
112.0,12.0
96.0,37.0
86.0,23.0
88.0,12.0
72.0,41.0
83.0,24.0
73.0,17.0
88.0,25.0
68.0,24.0
57.0,13.0
50.0,5.0
44.0,2.0
39.0,4.0
36.0,3.0
31.0,2.0
37.0,9.0
31.0,3.0
28.0,1.0
30.0,1.0
26.0,0.0
20.0,1.0
23.0,0.0
23.0,4.0
24.0,3.0
10.0,1.0
20.0,1.0
19.0,7.0
18.0,7.0
17.0,5.0
13.0,2.0
10.0,3.0
17.0,2.0
15.0,4.0
14.0,8.0
17.0,2.0
25.0,5.0
27.0,10.0
24.0,10.0
57.0,6.0
93.0,4.0
113.0,2.0
166.0,2.0
237.0,5.0
268.0,8.0
277.0,11.0
350.0,12.0
325.0,21.0
334.0,80.0
332.0,132.0
383.0,115.0
381.0,116.0
360.0,42.0
304.0,21.0
254.0,6.0
295.0,11.0
264.0,4.0
257.0,9.0
250.0,6.0
230.0,8.0
260.0,11.0
219.0,1.0
224.0,6.0
192.0,4.0
202.0,9.0
191.0,4.0
192.0,3.0
170.0,5.0
197.0,3.0
220.0,7.0
211.0,7.0
197.0,3.0
227.0,3.0
204.0,8.0
199.0,6.0
207.0,5.0
216.0,4.0
208.0,7.0
231.0,6.0
225.0,6.0
264.0,7.0
228.0,7.0
228.0,6.0
238.0,6.0
232.0,6.0
242.0,4.0
196.0,6.0
226.0,2.0
244.0,9.0
183.0,8.0
235.0,6.0
252.0,13.0
234.0,40.0
224.0,7.0
234.0,3.0
226.0,3.0
265.0,4.0
256.0,5.0
241.0,13.0
269.0,16.0
236.0,9.0
285.0,8.0
346.0,13.0
318.0,7.0
337.0,6.0
400.0,15.0
362.0,26.0
335.0,22.0
321.0,10.0
330.0,7.0
288.0,3.0
302.0,13.0
288.0,9.0
316.0,9.0
273.0,8.0
256.0,11.0
256.0,12.0
275.0,11.0
242.0,7.0
235.0,14.0
273.0,11.0
298.0,10.0
246.0,7.0
280.0,7.0
252.0,9.0
247.0,6.0
250.0,11.0
253.0,5.0
249.0,6.0
269.0,3.0
270.0,4.0
226.0,6.0
229.0,6.0
203.0,13.0
190.0,8.0
191.0,6.0
187.0,6.0
158.0,3.0
125.0,4.0
140.0,5.0
110.0,2.0
136.0,6.0
115.0,7.0
113.0,13.0
