41.0,2.0
36.0,1.0
35.0,3.0
24.0,1.0
48.0,5.0
32.0,8.0
34.0,9.0
34.0,10.0
34.0,3.0
25.0,5.0
20.0,4.0
23.0,12.0
21.0,16.0
20.0,10.0
24.0,8.0
17.0,2.0
19.0,1.0
13.0,0.0
17.0,10.0
10.0,9.0
7.0,5.0
15.0,11.0
21.0,6.0
11.0,6.0
11.0,7.0
11.0,3.0
10.0,15.0
8.0,11.0
11.0,5.0
5.0,7.0
6.0,9.0
9.0,8.0
3.0,9.0
2.0,2.0
5.0,3.0
3.0,4.0
4.0,10.0
6.0,9.0
9.0,4.0
20.0,2.0
28.0,5.0
39.0,26.0
50.0,85.0
69.0,107.0
70.0,128.0
74.0,65.0
70.0,111.0
90.0,110.0
122.0,135.0
123.0,114.0
136.0,72.0
155.0,77.0
185.0,71.0
140.0,28.0
151.0,9.0
162.0,8.0
117.0,7.0
89.0,2.0
126.0,3.0
103.0,4.0
116.0,4.0
114.0,5.0
102.0,4.0
100.0,3.0
76.0,0.0
110.0,2.0
94.0,5.0
118.0,2.0
102.0,3.0
103.0,1.0
108.0,3.0
119.0,6.0
127.0,12.0
131.0,2.0
115.0,6.0
130.0,15.0
113.0,6.0
119.0,7.0
126.0,10.0
140.0,8.0
131.0,19.0
120.0,16.0
150.0,15.0
125.0,26.0
126.0,16.0
105.0,5.0
130.0,21.0
123.0,18.0
132.0,34.0
119.0,18.0
117.0,45.0
106.0,68.0
104.0,101.0
159.0,7.0
129.0,8.0
113.0,6.0
133.0,7.0
139.0,11.0
146.0,0.0
152.0,5.0
157.0,17.0
199.0,26.0
231.0,115.0
218.0,137.0
217.0,142.0
209.0,300.0
187.0,340.0
206.0,247.0
182.0,320.0
201.0,312.0
225.0,118.0
209.0,11.0
189.0,7.0
169.0,5.0
170.0,7.0
166.0,5.0
153.0,8.0
146.0,1.0
159.0,10.0
147.0,10.0
172.0,3.0
159.0,7.0
153.0,7.0
173.0,9.0
165.0,10.0
138.0,12.0
152.0,24.0
130.0,40.0
115.0,28.0
121.0,44.0
107.0,13.0
116.0,8.0
131.0,7.0
106.0,13.0
88.0,2.0
104.0,2.0
69.0,4.0
65.0,0.0
62.0,3.0
50.0,4.0
34.0,2.0
55.0,1.0
42.0,5.0
52.0,5.0
