24.0,1.0
9.0,2.0
8.0,0.0
9.0,1.0
14.0,4.0
9.0,0.0
10.0,2.0
7.0,2.0
5.0,1.0
8.0,0.0
8.0,0.0
8.0,4.0
5.0,1.0
12.0,2.0
5.0,2.0
7.0,0.0
9.0,2.0
2.0,1.0
3.0,0.0
2.0,0.0
2.0,1.0
4.0,0.0
3.0,1.0
0.0,1.0
1.0,0.0
4.0,1.0
0.0,1.0
4.0,0.0
5.0,7.0
4.0,1.0
5.0,2.0
2.0,1.0
2.0,2.0
2.0,2.0
7.0,1.0
2.0,6.0
8.0,4.0
3.0,4.0
9.0,9.0
27.0,0.0
37.0,1.0
54.0,0.0
73.0,6.0
115.0,4.0
124.0,20.0
102.0,82.0
118.0,141.0
126.0,159.0
112.0,319.0
158.0,362.0
170.0,264.0
145.0,218.0
147.0,167.0
192.0,55.0
185.0,22.0
134.0,7.0
142.0,2.0
129.0,8.0
103.0,10.0
99.0,3.0
110.0,10.0
83.0,3.0
75.0,2.0
63.0,0.0
68.0,2.0
64.0,2.0
79.0,3.0
68.0,0.0
73.0,5.0
76.0,7.0
78.0,6.0
69.0,5.0
82.0,2.0
67.0,4.0
66.0,11.0
85.0,18.0
74.0,5.0
69.0,5.0
78.0,14.0
66.0,12.0
75.0,19.0
77.0,17.0
68.0,23.0
69.0,35.0
64.0,20.0
58.0,23.0
67.0,30.0
81.0,22.0
77.0,27.0
62.0,38.0
54.0,19.0
86.0,49.0
63.0,34.0
92.0,27.0
84.0,34.0
65.0,30.0
101.0,3.0
89.0,15.0
117.0,24.0
89.0,19.0
117.0,24.0
129.0,25.0
142.0,95.0
136.0,100.0
122.0,83.0
127.0,114.0
126.0,77.0
110.0,65.0
127.0,61.0
118.0,84.0
129.0,74.0
87.0,13.0
83.0,0.0
81.0,5.0
78.0,4.0
77.0,11.0
85.0,12.0
87.0,9.0
84.0,16.0
83.0,16.0
88.0,8.0
94.0,16.0
73.0,15.0
61.0,13.0
84.0,15.0
72.0,8.0
89.0,22.0
67.0,18.0
69.0,16.0
54.0,7.0
68.0,9.0
55.0,7.0
65.0,9.0
48.0,12.0
43.0,5.0
52.0,7.0
35.0,6.0
26.0,1.0
24.0,2.0
31.0,2.0
18.0,1.0
25.0,3.0
21.0,3.0
27.0,0.0
