48.0,11.0
56.0,24.0
67.0,10.0
35.0,5.0
56.0,13.0
30.0,8.0
38.0,10.0
35.0,15.0
35.0,21.0
28.0,2.0
31.0,7.0
22.0,4.0
22.0,2.0
23.0,7.0
23.0,2.0
21.0,5.0
7.0,0.0
24.0,1.0
15.0,1.0
10.0,1.0
16.0,6.0
10.0,5.0
11.0,0.0
10.0,5.0
12.0,2.0
14.0,6.0
15.0,1.0
8.0,0.0
16.0,0.0
8.0,4.0
14.0,0.0
12.0,0.0
15.0,5.0
15.0,3.0
8.0,1.0
15.0,2.0
13.0,4.0
24.0,3.0
15.0,16.0
39.0,0.0
52.0,1.0
62.0,3.0
109.0,2.0
129.0,3.0
166.0,2.0
183.0,6.0
208.0,5.0
253.0,10.0
243.0,12.0
270.0,27.0
251.0,10.0
286.0,12.0
244.0,8.0
175.0,5.0
187.0,3.0
176.0,3.0
175.0,6.0
145.0,2.0
139.0,0.0
132.0,1.0
157.0,4.0
143.0,1.0
130.0,9.0
134.0,2.0
143.0,2.0
150.0,6.0
163.0,3.0
130.0,2.0
150.0,2.0
142.0,10.0
177.0,5.0
156.0,6.0
160.0,4.0
139.0,1.0
161.0,4.0
160.0,11.0
162.0,4.0
179.0,6.0
198.0,5.0
185.0,2.0
201.0,5.0
180.0,9.0
171.0,5.0
194.0,5.0
200.0,5.0
183.0,6.0
184.0,5.0
172.0,2.0
214.0,4.0
174.0,6.0
202.0,6.0
193.0,2.0
199.0,26.0
214.0,6.0
203.0,3.0
198.0,6.0
245.0,7.0
204.0,9.0
260.0,7.0
267.0,14.0
193.0,7.0
280.0,7.0
324.0,7.0
284.0,8.0
304.0,5.0
366.0,36.0
266.0,25.0
269.0,9.0
281.0,6.0
226.0,11.0
211.0,10.0
194.0,4.0
206.0,9.0
202.0,9.0
195.0,8.0
162.0,4.0
186.0,10.0
175.0,6.0
159.0,10.0
174.0,5.0
199.0,6.0
166.0,6.0
160.0,4.0
165.0,9.0
161.0,5.0
154.0,7.0
166.0,5.0
154.0,2.0
167.0,7.0
143.0,6.0
141.0,7.0
159.0,5.0
150.0,12.0
109.0,0.0
127.0,2.0
103.0,2.0
92.0,4.0
89.0,4.0
86.0,3.0
74.0,2.0
75.0,4.0
76.0,10.0
67.0,16.0
63.0,49.0
