40.0,2.0
46.0,5.0
36.0,0.0
25.0,2.0
31.0,3.0
20.0,0.0
25.0,0.0
19.0,1.0
17.0,1.0
23.0,1.0
22.0,3.0
18.0,2.0
20.0,2.0
31.0,32.0
31.0,28.0
30.0,7.0
14.0,2.0
8.0,0.0
6.0,0.0
6.0,0.0
9.0,1.0
4.0,0.0
6.0,1.0
6.0,0.0
5.0,1.0
6.0,0.0
2.0,0.0
4.0,0.0
2.0,0.0
2.0,0.0
5.0,0.0
9.0,1.0
3.0,4.0
5.0,0.0
8.0,1.0
7.0,0.0
6.0,7.0
4.0,11.0
7.0,10.0
29.0,4.0
22.0,5.0
38.0,7.0
57.0,8.0
48.0,9.0
66.0,32.0
82.0,45.0
86.0,87.0
102.0,145.0
131.0,177.0
141.0,189.0
135.0,186.0
141.0,211.0
157.0,175.0
126.0,30.0
142.0,10.0
180.0,20.0
154.0,9.0
151.0,14.0
121.0,14.0
144.0,27.0
121.0,19.0
132.0,14.0
151.0,21.0
142.0,13.0
111.0,12.0
111.0,8.0
118.0,19.0
133.0,18.0
132.0,46.0
148.0,69.0
125.0,112.0
129.0,139.0
130.0,88.0
151.0,173.0
168.0,184.0
157.0,200.0
151.0,165.0
142.0,98.0
124.0,156.0
166.0,132.0
144.0,119.0
155.0,93.0
144.0,114.0
150.0,78.0
151.0,50.0
121.0,30.0
177.0,52.0
149.0,26.0
156.0,21.0
144.0,10.0
155.0,6.0
141.0,12.0
130.0,15.0
151.0,15.0
167.0,13.0
162.0,43.0
184.0,2.0
175.0,3.0
184.0,7.0
185.0,9.0
191.0,11.0
181.0,8.0
195.0,8.0
235.0,5.0
230.0,6.0
219.0,8.0
198.0,7.0
200.0,5.0
227.0,5.0
184.0,13.0
193.0,1.0
199.0,3.0
166.0,4.0
163.0,8.0
132.0,3.0
151.0,5.0
114.0,3.0
141.0,3.0
135.0,5.0
108.0,2.0
141.0,1.0
131.0,7.0
133.0,3.0
142.0,3.0
130.0,3.0
148.0,5.0
148.0,5.0
140.0,4.0
132.0,6.0
146.0,4.0
130.0,4.0
143.0,9.0
139.0,10.0
111.0,4.0
111.0,1.0
91.0,1.0
85.0,2.0
79.0,4.0
68.0,2.0
83.0,3.0
55.0,4.0
57.0,1.0
62.0,2.0
68.0,4.0
