30.0,9.0
12.0,1.0
7.0,0.0
14.0,2.0
9.0,0.0
4.0,1.0
16.0,0.0
3.0,0.0
3.0,0.0
5.0,0.0
2.0,0.0
4.0,0.0
6.0,0.0
4.0,0.0
4.0,0.0
3.0,0.0
1.0,0.0
0.0,1.0
1.0,0.0
0.0,0.0
1.0,2.0
1.0,0.0
3.0,0.0
1.0,0.0
0.0,0.0
1.0,0.0
2.0,1.0
1.0,0.0
2.0,0.0
2.0,0.0
1.0,0.0
1.0,0.0
3.0,0.0
2.0,3.0
3.0,0.0
6.0,1.0
4.0,1.0
6.0,2.0
7.0,1.0
9.0,0.0
16.0,0.0
23.0,0.0
46.0,0.0
73.0,9.0
70.0,1.0
138.0,1.0
164.0,1.0
177.0,0.0
248.0,3.0
273.0,9.0
197.0,1.0
206.0,4.0
238.0,3.0
171.0,2.0
109.0,7.0
99.0,4.0
80.0,2.0
102.0,3.0
105.0,4.0
66.0,1.0
74.0,1.0
52.0,1.0
38.0,1.0
52.0,1.0
76.0,1.0
72.0,5.0
57.0,2.0
77.0,2.0
46.0,0.0
90.0,3.0
72.0,3.0
77.0,3.0
97.0,2.0
76.0,5.0
85.0,0.0
86.0,3.0
103.0,12.0
117.0,2.0
90.0,1.0
83.0,2.0
80.0,2.0
73.0,4.0
75.0,1.0
119.0,5.0
111.0,1.0
78.0,2.0
74.0,1.0
76.0,4.0
86.0,9.0
92.0,3.0
89.0,1.0
84.0,4.0
87.0,4.0
118.0,9.0
79.0,5.0
98.0,3.0
89.0,4.0
88.0,3.0
104.0,5.0
109.0,3.0
95.0,4.0
97.0,1.0
113.0,3.0
124.0,8.0
139.0,2.0
165.0,6.0
171.0,6.0
157.0,2.0
204.0,3.0
153.0,9.0
136.0,2.0
131.0,6.0
109.0,4.0
98.0,6.0
102.0,2.0
121.0,6.0
103.0,6.0
104.0,3.0
97.0,3.0
81.0,6.0
99.0,5.0
94.0,4.0
109.0,2.0
96.0,1.0
98.0,2.0
91.0,6.0
110.0,6.0
94.0,0.0
85.0,6.0
95.0,1.0
86.0,3.0
101.0,4.0
105.0,1.0
69.0,2.0
66.0,1.0
48.0,1.0
48.0,2.0
54.0,1.0
45.0,1.0
40.0,1.0
30.0,2.0
27.0,1.0
19.0,2.0
16.0,1.0
