1.0,0.0
1.0,0.0
3.0,0.0
0.0,0.0
2.0,1.0
3.0,2.0
2.0,1.0
4.0,1.0
0.0,0.0
1.0,0.0
0.0,0.0
1.0,0.0
3.0,2.0
0.0,0.0
1.0,0.0
1.0,1.0
0.0,0.0
0.0,2.0
0.0,0.0
0.0,1.0
0.0,0.0
0.0,0.0
1.0,0.0
0.0,0.0
0.0,0.0
0.0,0.0
0.0,0.0
2.0,0.0
0.0,0.0
0.0,0.0
0.0,0.0
0.0,0.0
0.0,0.0
0.0,0.0
0.0,1.0
2.0,0.0
1.0,1.0
1.0,0.0
3.0,0.0
4.0,1.0
6.0,0.0
12.0,0.0
8.0,0.0
17.0,1.0
31.0,2.0
33.0,2.0
42.0,0.0
44.0,15.0
45.0,34.0
33.0,59.0
27.0,64.0
14.0,55.0
21.0,22.0
25.0,16.0
23.0,32.0
19.0,11.0
15.0,10.0
10.0,14.0
18.0,27.0
12.0,43.0
12.0,10.0
13.0,9.0
12.0,4.0
7.0,1.0
10.0,4.0
15.0,2.0
12.0,1.0
13.0,4.0
15.0,3.0
8.0,3.0
6.0,13.0
13.0,4.0
15.0,2.0
16.0,10.0
7.0,3.0
7.0,5.0
18.0,10.0
15.0,8.0
19.0,6.0
13.0,6.0
15.0,2.0
13.0,5.0
9.0,3.0
10.0,11.0
16.0,7.0
5.0,3.0
10.0,1.0
6.0,6.0
9.0,6.0
10.0,1.0
10.0,3.0
14.0,8.0
12.0,1.0
18.0,1.0
12.0,1.0
21.0,2.0
20.0,0.0
20.0,0.0
17.0,0.0
15.0,1.0
15.0,0.0
19.0,1.0
15.0,0.0
20.0,1.0
21.0,0.0
13.0,0.0
20.0,2.0
14.0,1.0
20.0,1.0
14.0,0.0
15.0,0.0
14.0,0.0
14.0,0.0
13.0,2.0
9.0,3.0
12.0,0.0
7.0,1.0
5.0,1.0
8.0,0.0
16.0,0.0
14.0,0.0
6.0,0.0
13.0,0.0
15.0,0.0
12.0,0.0
18.0,2.0
10.0,0.0
11.0,1.0
7.0,0.0
8.0,0.0
11.0,1.0
8.0,0.0
2.0,0.0
8.0,1.0
12.0,0.0
9.0,0.0
7.0,0.0
8.0,0.0
5.0,1.0
0.0,0.0
6.0,0.0
2.0,0.0
4.0,2.0
6.0,1.0
