20.0,0.0
14.0,2.0
21.0,5.0
23.0,0.0
14.0,0.0
20.0,0.0
11.0,0.0
8.0,0.0
17.0,0.0
12.0,0.0
16.0,2.0
14.0,0.0
12.0,0.0
16.0,3.0
10.0,2.0
11.0,0.0
9.0,0.0
11.0,0.0
5.0,0.0
10.0,2.0
3.0,0.0
7.0,0.0
4.0,0.0
4.0,0.0
3.0,1.0
2.0,0.0
2.0,0.0
1.0,0.0
2.0,11.0
6.0,7.0
2.0,1.0
3.0,1.0
5.0,9.0
8.0,8.0
4.0,6.0
6.0,3.0
11.0,8.0
5.0,8.0
11.0,14.0
43.0,3.0
35.0,1.0
51.0,2.0
99.0,4.0
106.0,2.0
142.0,12.0
165.0,46.0
189.0,183.0
174.0,361.0
138.0,417.0
157.0,324.0
169.0,269.0
145.0,352.0
173.0,182.0
143.0,85.0
168.0,64.0
153.0,105.0
120.0,55.0
100.0,51.0
67.0,53.0
70.0,43.0
76.0,46.0
55.0,18.0
64.0,11.0
60.0,30.0
64.0,13.0
56.0,4.0
59.0,12.0
46.0,10.0
62.0,31.0
62.0,10.0
52.0,20.0
55.0,56.0
57.0,65.0
55.0,32.0
49.0,50.0
61.0,40.0
61.0,34.0
64.0,75.0
65.0,79.0
57.0,55.0
54.0,42.0
66.0,15.0
56.0,31.0
49.0,35.0
64.0,39.0
56.0,23.0
60.0,18.0
60.0,5.0
64.0,1.0
53.0,2.0
57.0,1.0
75.0,3.0
59.0,6.0
62.0,7.0
63.0,2.0
67.0,6.0
65.0,3.0
76.0,1.0
63.0,5.0
70.0,1.0
72.0,0.0
85.0,3.0
111.0,7.0
86.0,1.0
91.0,3.0
112.0,3.0
98.0,3.0
110.0,8.0
83.0,3.0
101.0,6.0
90.0,2.0
82.0,2.0
92.0,2.0
89.0,6.0
77.0,4.0
77.0,0.0
73.0,1.0
76.0,3.0
85.0,2.0
74.0,2.0
84.0,1.0
76.0,4.0
83.0,4.0
82.0,1.0
72.0,4.0
72.0,0.0
72.0,4.0
88.0,1.0
66.0,2.0
50.0,3.0
60.0,3.0
57.0,2.0
51.0,5.0
61.0,4.0
52.0,3.0
44.0,0.0
49.0,1.0
37.0,3.0
34.0,4.0
45.0,1.0
27.0,2.0
39.0,1.0
28.0,1.0
18.0,1.0
