69.0,4.0
64.0,3.0
65.0,14.0
63.0,2.0
68.0,7.0
50.0,1.0
41.0,8.0
66.0,9.0
48.0,6.0
39.0,6.0
39.0,8.0
36.0,2.0
36.0,14.0
36.0,59.0
37.0,52.0
28.0,25.0
25.0,11.0
29.0,7.0
30.0,4.0
25.0,4.0
13.0,1.0
14.0,3.0
10.0,0.0
13.0,4.0
7.0,0.0
15.0,3.0
15.0,3.0
15.0,3.0
16.0,3.0
18.0,6.0
7.0,0.0
10.0,0.0
17.0,2.0
5.0,1.0
22.0,3.0
11.0,14.0
19.0,4.0
19.0,7.0
30.0,7.0
34.0,1.0
38.0,1.0
49.0,2.0
58.0,1.0
73.0,1.0
100.0,1.0
110.0,2.0
112.0,3.0
132.0,1.0
143.0,2.0
151.0,7.0
172.0,7.0
182.0,3.0
158.0,4.0
140.0,3.0
150.0,1.0
190.0,1.0
155.0,7.0
175.0,2.0
152.0,4.0
171.0,7.0
157.0,5.0
150.0,5.0
166.0,3.0
155.0,4.0
159.0,4.0
142.0,2.0
152.0,4.0
161.0,3.0
142.0,3.0
165.0,3.0
173.0,5.0
154.0,7.0
166.0,5.0
198.0,6.0
199.0,6.0
195.0,5.0
190.0,2.0
209.0,10.0
173.0,6.0
195.0,5.0
220.0,7.0
256.0,3.0
206.0,3.0
199.0,7.0
214.0,11.0
214.0,10.0
210.0,4.0
204.0,11.0
213.0,7.0
210.0,7.0
218.0,2.0
224.0,11.0
235.0,6.0
274.0,10.0
267.0,15.0
234.0,65.0
303.0,8.0
281.0,9.0
289.0,5.0
278.0,9.0
325.0,11.0
316.0,9.0
318.0,5.0
282.0,6.0
288.0,6.0
324.0,9.0
225.0,3.0
234.0,6.0
240.0,6.0
208.0,6.0
181.0,3.0
174.0,4.0
169.0,4.0
188.0,6.0
185.0,5.0
160.0,4.0
168.0,2.0
184.0,5.0
169.0,5.0
175.0,5.0
186.0,5.0
192.0,4.0
206.0,12.0
183.0,6.0
221.0,11.0
195.0,8.0
179.0,7.0
204.0,9.0
163.0,11.0
196.0,14.0
169.0,7.0
190.0,17.0
172.0,28.0
181.0,28.0
106.0,5.0
124.0,2.0
142.0,7.0
106.0,8.0
87.0,5.0
108.0,10.0
86.0,3.0
82.0,7.0
96.0,32.0
81.0,8.0
