47.0,43.0
36.0,11.0
48.0,12.0
38.0,9.0
41.0,15.0
34.0,3.0
20.0,3.0
24.0,2.0
21.0,2.0
18.0,4.0
19.0,4.0
11.0,8.0
23.0,4.0
16.0,6.0
16.0,3.0
7.0,10.0
9.0,3.0
12.0,5.0
9.0,7.0
11.0,5.0
11.0,14.0
12.0,2.0
4.0,0.0
12.0,2.0
9.0,6.0
11.0,1.0
8.0,3.0
12.0,4.0
4.0,1.0
9.0,1.0
1.0,2.0
9.0,0.0
5.0,1.0
6.0,1.0
8.0,2.0
14.0,6.0
19.0,3.0
18.0,4.0
32.0,10.0
33.0,0.0
40.0,1.0
59.0,1.0
93.0,0.0
119.0,7.0
160.0,1.0
216.0,2.0
267.0,9.0
263.0,5.0
327.0,10.0
394.0,14.0
307.0,18.0
412.0,27.0
443.0,54.0
318.0,11.0
270.0,7.0
210.0,3.0
172.0,3.0
179.0,8.0
197.0,4.0
151.0,6.0
129.0,2.0
114.0,1.0
125.0,1.0
114.0,1.0
127.0,5.0
118.0,0.0
163.0,1.0
137.0,1.0
168.0,6.0
164.0,7.0
185.0,2.0
186.0,6.0
155.0,13.0
145.0,5.0
128.0,4.0
149.0,6.0
156.0,7.0
136.0,11.0
188.0,7.0
170.0,2.0
129.0,4.0
179.0,3.0
130.0,7.0
146.0,6.0
157.0,5.0
167.0,4.0
134.0,4.0
165.0,12.0
182.0,9.0
160.0,5.0
193.0,4.0
166.0,3.0
194.0,4.0
165.0,4.0
176.0,3.0
179.0,9.0
211.0,6.0
204.0,5.0
201.0,12.0
202.0,3.0
220.0,9.0
226.0,1.0
289.0,7.0
232.0,4.0
253.0,9.0
302.0,6.0
285.0,5.0
262.0,8.0
321.0,11.0
285.0,5.0
272.0,8.0
282.0,11.0
254.0,5.0
208.0,4.0
219.0,6.0
227.0,10.0
189.0,5.0
197.0,8.0
205.0,2.0
240.0,6.0
229.0,4.0
249.0,7.0
233.0,8.0
304.0,12.0
279.0,11.0
308.0,9.0
310.0,11.0
246.0,4.0
243.0,9.0
244.0,10.0
229.0,5.0
231.0,1.0
257.0,5.0
211.0,7.0
157.0,5.0
115.0,4.0
99.0,1.0
117.0,2.0
67.0,0.0
82.0,0.0
91.0,0.0
60.0,2.0
62.0,2.0
52.0,1.0
