31.0,1.0
23.0,2.0
26.0,3.0
22.0,1.0
22.0,0.0
17.0,3.0
23.0,2.0
20.0,0.0
19.0,0.0
14.0,1.0
14.0,0.0
12.0,0.0
24.0,0.0
16.0,0.0
15.0,0.0
13.0,2.0
15.0,2.0
6.0,1.0
4.0,0.0
10.0,5.0
4.0,4.0
5.0,1.0
5.0,1.0
6.0,0.0
6.0,0.0
2.0,2.0
3.0,1.0
9.0,0.0
4.0,2.0
5.0,0.0
2.0,0.0
4.0,2.0
5.0,4.0
1.0,1.0
7.0,0.0
5.0,1.0
5.0,0.0
7.0,5.0
14.0,1.0
21.0,0.0
39.0,0.0
41.0,2.0
49.0,2.0
66.0,1.0
103.0,2.0
80.0,4.0
95.0,1.0
146.0,2.0
136.0,47.0
124.0,61.0
135.0,29.0
135.0,55.0
117.0,52.0
86.0,3.0
98.0,4.0
90.0,4.0
100.0,2.0
70.0,4.0
67.0,2.0
76.0,6.0
50.0,2.0
73.0,4.0
68.0,11.0
61.0,7.0
65.0,4.0
60.0,9.0
42.0,4.0
62.0,6.0
66.0,2.0
67.0,10.0
42.0,2.0
46.0,4.0
61.0,3.0
75.0,2.0
56.0,1.0
57.0,2.0
67.0,4.0
54.0,1.0
57.0,3.0
46.0,1.0
45.0,1.0
50.0,0.0
47.0,1.0
65.0,1.0
60.0,5.0
54.0,2.0
55.0,0.0
76.0,10.0
72.0,5.0
78.0,1.0
56.0,0.0
71.0,1.0
64.0,2.0
59.0,2.0
67.0,3.0
60.0,0.0
87.0,2.0
74.0,2.0
76.0,3.0
90.0,5.0
68.0,1.0
96.0,4.0
91.0,3.0
105.0,3.0
119.0,4.0
149.0,4.0
108.0,1.0
125.0,5.0
121.0,4.0
145.0,5.0
125.0,5.0
87.0,3.0
109.0,5.0
97.0,3.0
93.0,2.0
97.0,2.0
96.0,3.0
93.0,3.0
93.0,3.0
76.0,2.0
88.0,2.0
98.0,1.0
80.0,1.0
95.0,1.0
85.0,2.0
104.0,1.0
99.0,2.0
100.0,0.0
94.0,1.0
77.0,1.0
65.0,2.0
73.0,1.0
85.0,3.0
69.0,1.0
59.0,2.0
81.0,8.0
46.0,2.0
52.0,2.0
64.0,5.0
39.0,1.0
56.0,1.0
46.0,3.0
53.0,2.0
40.0,3.0
