34.0,8.0
30.0,30.0
35.0,22.0
36.0,23.0
31.0,2.0
28.0,13.0
18.0,5.0
21.0,6.0
7.0,0.0
15.0,1.0
8.0,0.0
20.0,2.0
14.0,6.0
10.0,1.0
16.0,3.0
9.0,4.0
9.0,1.0
3.0,3.0
9.0,0.0
4.0,3.0
4.0,4.0
2.0,7.0
4.0,6.0
5.0,1.0
1.0,0.0
3.0,1.0
3.0,1.0
3.0,4.0
2.0,4.0
2.0,0.0
4.0,0.0
2.0,2.0
0.0,0.0
5.0,2.0
5.0,3.0
0.0,2.0
7.0,3.0
5.0,2.0
7.0,0.0
13.0,8.0
13.0,13.0
35.0,11.0
40.0,22.0
63.0,18.0
82.0,14.0
105.0,15.0
107.0,23.0
95.0,23.0
142.0,25.0
159.0,27.0
119.0,33.0
106.0,24.0
110.0,6.0
66.0,0.0
34.0,2.0
49.0,6.0
40.0,4.0
37.0,8.0
52.0,10.0
34.0,5.0
28.0,3.0
28.0,7.0
22.0,3.0
34.0,2.0
34.0,4.0
32.0,4.0
32.0,6.0
29.0,6.0
33.0,8.0
43.0,7.0
45.0,8.0
32.0,5.0
49.0,7.0
42.0,3.0
29.0,5.0
46.0,8.0
32.0,9.0
37.0,6.0
39.0,2.0
49.0,13.0
49.0,12.0
54.0,4.0
47.0,8.0
45.0,4.0
29.0,4.0
37.0,5.0
38.0,2.0
45.0,6.0
45.0,6.0
47.0,7.0
31.0,9.0
36.0,3.0
31.0,13.0
32.0,1.0
56.0,5.0
44.0,11.0
55.0,6.0
53.0,5.0
64.0,5.0
56.0,8.0
68.0,13.0
67.0,10.0
91.0,14.0
98.0,5.0
79.0,5.0
84.0,4.0
75.0,3.0
70.0,2.0
72.0,8.0
52.0,4.0
61.0,5.0
71.0,18.0
75.0,11.0
77.0,4.0
71.0,4.0
59.0,8.0
51.0,3.0
63.0,2.0
53.0,5.0
64.0,2.0
64.0,7.0
58.0,3.0
50.0,4.0
45.0,0.0
48.0,2.0
61.0,1.0
50.0,1.0
45.0,2.0
56.0,3.0
57.0,6.0
53.0,3.0
40.0,3.0
48.0,3.0
47.0,3.0
32.0,1.0
40.0,3.0
27.0,3.0
35.0,1.0
34.0,0.0
29.0,2.0
33.0,2.0
39.0,0.0
33.0,5.0
38.0,1.0
