38.0,3.0
25.0,0.0
20.0,2.0
28.0,2.0
20.0,5.0
13.0,1.0
14.0,0.0
13.0,0.0
20.0,0.0
17.0,2.0
6.0,0.0
13.0,1.0
11.0,1.0
12.0,1.0
6.0,0.0
8.0,5.0
10.0,2.0
7.0,0.0
10.0,1.0
11.0,3.0
4.0,1.0
8.0,0.0
4.0,1.0
2.0,3.0
2.0,0.0
4.0,0.0
2.0,0.0
4.0,0.0
1.0,5.0
4.0,0.0
4.0,1.0
2.0,1.0
4.0,0.0
1.0,4.0
3.0,1.0
3.0,0.0
7.0,4.0
9.0,5.0
8.0,4.0
13.0,0.0
18.0,4.0
12.0,2.0
24.0,1.0
21.0,3.0
36.0,4.0
43.0,1.0
50.0,1.0
52.0,3.0
66.0,4.0
82.0,1.0
88.0,5.0
85.0,2.0
76.0,1.0
58.0,2.0
45.0,1.0
48.0,1.0
48.0,2.0
71.0,1.0
66.0,3.0
34.0,1.0
50.0,0.0
53.0,1.0
42.0,1.0
48.0,0.0
64.0,1.0
40.0,0.0
62.0,1.0
54.0,1.0
44.0,0.0
59.0,1.0
56.0,1.0
48.0,3.0
51.0,4.0
72.0,7.0
54.0,0.0
66.0,2.0
62.0,4.0
55.0,3.0
80.0,3.0
54.0,3.0
72.0,2.0
56.0,2.0
50.0,3.0
44.0,3.0
70.0,4.0
66.0,1.0
74.0,4.0
67.0,1.0
67.0,2.0
56.0,1.0
70.0,2.0
57.0,3.0
64.0,4.0
62.0,2.0
56.0,2.0
64.0,2.0
68.0,1.0
71.0,1.0
48.0,1.0
65.0,1.0
72.0,4.0
92.0,3.0
107.0,5.0
88.0,1.0
101.0,3.0
100.0,3.0
84.0,2.0
69.0,1.0
102.0,2.0
102.0,3.0
83.0,8.0
78.0,2.0
78.0,1.0
67.0,3.0
69.0,1.0
58.0,2.0
59.0,1.0
61.0,3.0
80.0,4.0
49.0,4.0
81.0,2.0
74.0,4.0
65.0,0.0
81.0,1.0
60.0,4.0
74.0,2.0
73.0,3.0
77.0,0.0
59.0,1.0
69.0,1.0
74.0,4.0
74.0,0.0
70.0,5.0
77.0,9.0
71.0,23.0
62.0,18.0
54.0,4.0
55.0,7.0
35.0,1.0
36.0,0.0
36.0,1.0
27.0,3.0
29.0,2.0
30.0,3.0
