20.0,1.0
7.0,4.0
12.0,3.0
8.0,1.0
6.0,0.0
2.0,1.0
9.0,3.0
8.0,1.0
3.0,0.0
2.0,0.0
2.0,0.0
7.0,1.0
4.0,4.0
3.0,1.0
3.0,2.0
2.0,0.0
1.0,0.0
4.0,1.0
3.0,0.0
0.0,0.0
0.0,0.0
1.0,0.0
2.0,0.0
1.0,0.0
0.0,0.0
0.0,0.0
1.0,1.0
0.0,2.0
0.0,0.0
0.0,0.0
2.0,0.0
2.0,0.0
0.0,0.0
0.0,0.0
1.0,1.0
0.0,0.0
0.0,1.0
0.0,5.0
2.0,1.0
7.0,0.0
2.0,0.0
6.0,0.0
20.0,0.0
13.0,0.0
28.0,1.0
27.0,1.0
26.0,2.0
31.0,1.0
39.0,3.0
46.0,2.0
46.0,1.0
39.0,2.0
48.0,4.0
45.0,1.0
30.0,9.0
25.0,1.0
24.0,2.0
29.0,3.0
40.0,5.0
31.0,3.0
23.0,1.0
25.0,3.0
26.0,4.0
24.0,0.0
25.0,2.0
25.0,1.0
25.0,0.0
14.0,0.0
22.0,0.0
26.0,1.0
27.0,1.0
27.0,3.0
23.0,2.0
31.0,9.0
39.0,3.0
25.0,7.0
29.0,6.0
28.0,3.0
39.0,2.0
48.0,1.0
29.0,0.0
34.0,2.0
38.0,5.0
31.0,6.0
22.0,0.0
32.0,1.0
28.0,1.0
30.0,2.0
32.0,0.0
21.0,1.0
24.0,1.0
23.0,0.0
30.0,0.0
46.0,0.0
42.0,2.0
27.0,2.0
31.0,2.0
49.0,0.0
48.0,5.0
49.0,1.0
40.0,4.0
58.0,5.0
60.0,1.0
52.0,1.0
40.0,0.0
54.0,1.0
55.0,2.0
40.0,2.0
39.0,4.0
50.0,0.0
37.0,1.0
44.0,5.0
36.0,1.0
24.0,2.0
23.0,1.0
33.0,1.0
45.0,0.0
28.0,1.0
35.0,2.0
38.0,1.0
26.0,1.0
42.0,1.0
36.0,1.0
29.0,1.0
28.0,1.0
32.0,2.0
35.0,0.0
34.0,1.0
32.0,0.0
24.0,3.0
29.0,1.0
29.0,0.0
38.0,1.0
29.0,0.0
35.0,1.0
32.0,2.0
33.0,3.0
24.0,2.0
13.0,1.0
12.0,0.0
17.0,4.0
17.0,2.0
7.0,2.0
13.0,1.0
