0.0,0.0
2.0,0.0
5.0,0.0
3.0,0.0
2.0,3.0
1.0,0.0
1.0,0.0
1.0,1.0
0.0,0.0
1.0,0.0
0.0,0.0
0.0,0.0
0.0,0.0
1.0,1.0
3.0,1.0
0.0,0.0
0.0,1.0
0.0,0.0
0.0,0.0
0.0,0.0
0.0,0.0
0.0,0.0
0.0,0.0
0.0,0.0
0.0,0.0
0.0,0.0
0.0,0.0
0.0,0.0
0.0,0.0
0.0,0.0
0.0,0.0
0.0,0.0
0.0,1.0
0.0,0.0
1.0,0.0
0.0,0.0
1.0,1.0
1.0,0.0
1.0,0.0
6.0,0.0
1.0,1.0
4.0,0.0
5.0,0.0
5.0,0.0
4.0,0.0
17.0,0.0
9.0,0.0
23.0,2.0
30.0,0.0
41.0,1.0
50.0,4.0
64.0,3.0
55.0,1.0
45.0,4.0
59.0,2.0
60.0,1.0
33.0,0.0
29.0,1.0
27.0,9.0
23.0,1.0
14.0,1.0
17.0,0.0
8.0,0.0
11.0,1.0
15.0,0.0
19.0,1.0
14.0,3.0
9.0,0.0
10.0,1.0
19.0,3.0
19.0,4.0
17.0,5.0
16.0,1.0
22.0,2.0
14.0,2.0
13.0,2.0
8.0,1.0
14.0,1.0
16.0,0.0
21.0,1.0
20.0,0.0
12.0,3.0
18.0,0.0
24.0,2.0
17.0,1.0
19.0,0.0
16.0,0.0
19.0,2.0
14.0,0.0
18.0,2.0
12.0,1.0
20.0,7.0
24.0,0.0
21.0,3.0
20.0,0.0
9.0,0.0
15.0,1.0
24.0,3.0
22.0,1.0
15.0,0.0
22.0,0.0
21.0,1.0
33.0,1.0
18.0,3.0
18.0,2.0
33.0,5.0
25.0,19.0
24.0,14.0
20.0,7.0
33.0,18.0
29.0,31.0
29.0,13.0
26.0,2.0
30.0,2.0
27.0,21.0
14.0,6.0
19.0,22.0
27.0,12.0
21.0,3.0
24.0,0.0
17.0,5.0
26.0,6.0
26.0,2.0
21.0,2.0
25.0,2.0
20.0,1.0
19.0,10.0
18.0,28.0
22.0,12.0
16.0,7.0
12.0,4.0
17.0,4.0
10.0,3.0
11.0,2.0
6.0,1.0
6.0,1.0
9.0,0.0
7.0,0.0
9.0,2.0
8.0,0.0
3.0,1.0
3.0,0.0
1.0,0.0
2.0,2.0
