56.0,16.0
49.0,1.0
37.0,1.0
32.0,0.0
34.0,0.0
26.0,1.0
40.0,1.0
25.0,3.0
21.0,2.0
26.0,3.0
18.0,2.0
21.0,1.0
18.0,5.0
7.0,1.0
15.0,2.0
13.0,10.0
15.0,4.0
14.0,4.0
17.0,1.0
11.0,0.0
8.0,2.0
9.0,1.0
0.0,0.0
8.0,2.0
3.0,0.0
6.0,3.0
4.0,2.0
5.0,0.0
3.0,2.0
2.0,0.0
1.0,2.0
3.0,3.0
3.0,0.0
3.0,1.0
4.0,6.0
1.0,3.0
4.0,3.0
5.0,0.0
9.0,4.0
15.0,6.0
16.0,6.0
31.0,7.0
31.0,12.0
49.0,19.0
76.0,35.0
103.0,36.0
109.0,18.0
120.0,15.0
138.0,18.0
140.0,18.0
116.0,11.0
104.0,16.0
120.0,16.0
77.0,11.0
79.0,12.0
65.0,10.0
64.0,7.0
45.0,5.0
52.0,8.0
38.0,23.0
59.0,10.0
62.0,10.0
40.0,17.0
39.0,10.0
35.0,3.0
51.0,7.0
57.0,15.0
44.0,8.0
50.0,11.0
73.0,10.0
67.0,3.0
58.0,4.0
57.0,23.0
53.0,19.0
44.0,18.0
55.0,14.0
67.0,9.0
59.0,16.0
56.0,13.0
75.0,18.0
74.0,13.0
70.0,13.0
65.0,15.0
76.0,13.0
60.0,16.0
69.0,11.0
70.0,7.0
87.0,8.0
88.0,12.0
65.0,2.0
87.0,6.0
89.0,23.0
88.0,19.0
108.0,15.0
87.0,10.0
93.0,11.0
93.0,14.0
121.0,16.0
98.0,26.0
120.0,29.0
135.0,26.0
161.0,17.0
190.0,44.0
163.0,67.0
147.0,61.0
157.0,20.0
133.0,28.0
135.0,23.0
106.0,7.0
109.0,19.0
97.0,7.0
112.0,5.0
110.0,8.0
113.0,10.0
109.0,8.0
107.0,8.0
78.0,8.0
91.0,5.0
93.0,4.0
99.0,11.0
115.0,11.0
93.0,6.0
89.0,2.0
93.0,3.0
94.0,6.0
96.0,9.0
98.0,6.0
70.0,3.0
89.0,9.0
92.0,8.0
102.0,7.0
70.0,2.0
56.0,6.0
62.0,8.0
61.0,1.0
66.0,7.0
58.0,1.0
65.0,2.0
56.0,4.0
45.0,3.0
67.0,5.0
51.0,2.0
38.0,2.0
49.0,1.0
