28.0,1.0
16.0,1.0
16.0,3.0
31.0,2.0
14.0,0.0
15.0,1.0
8.0,0.0
14.0,0.0
7.0,1.0
13.0,3.0
11.0,0.0
4.0,0.0
12.0,1.0
10.0,1.0
9.0,1.0
9.0,0.0
5.0,0.0
6.0,0.0
4.0,0.0
3.0,0.0
3.0,0.0
2.0,3.0
1.0,0.0
2.0,0.0
2.0,1.0
8.0,6.0
2.0,0.0
0.0,1.0
4.0,2.0
3.0,0.0
1.0,1.0
1.0,4.0
2.0,4.0
3.0,2.0
3.0,4.0
6.0,7.0
3.0,2.0
2.0,3.0
8.0,7.0
8.0,1.0
11.0,0.0
12.0,1.0
38.0,2.0
44.0,0.0
63.0,0.0
76.0,0.0
90.0,1.0
92.0,1.0
102.0,14.0
137.0,52.0
128.0,61.0
119.0,52.0
94.0,19.0
70.0,11.0
65.0,3.0
55.0,4.0
57.0,1.0
53.0,1.0
48.0,0.0
36.0,0.0
50.0,1.0
43.0,3.0
39.0,3.0
39.0,4.0
37.0,1.0
45.0,0.0
54.0,1.0
41.0,5.0
30.0,0.0
43.0,2.0
52.0,1.0
50.0,1.0
39.0,5.0
48.0,3.0
51.0,2.0
53.0,1.0
50.0,1.0
54.0,2.0
46.0,4.0
64.0,4.0
51.0,6.0
45.0,3.0
50.0,1.0
56.0,0.0
45.0,0.0
60.0,5.0
55.0,5.0
51.0,2.0
40.0,0.0
46.0,0.0
53.0,2.0
56.0,5.0
49.0,1.0
57.0,0.0
68.0,4.0
58.0,3.0
68.0,1.0
47.0,1.0
55.0,0.0
44.0,2.0
60.0,2.0
71.0,0.0
112.0,5.0
89.0,2.0
90.0,1.0
85.0,0.0
103.0,3.0
84.0,2.0
77.0,1.0
107.0,6.0
79.0,3.0
87.0,2.0
64.0,0.0
75.0,3.0
63.0,0.0
54.0,0.0
54.0,4.0
72.0,2.0
47.0,0.0
52.0,2.0
65.0,2.0
68.0,4.0
65.0,2.0
78.0,3.0
61.0,2.0
57.0,4.0
54.0,2.0
49.0,4.0
57.0,3.0
69.0,4.0
61.0,1.0
52.0,4.0
41.0,2.0
33.0,2.0
45.0,0.0
37.0,0.0
23.0,0.0
27.0,3.0
26.0,1.0
16.0,1.0
28.0,1.0
27.0,3.0
17.0,0.0
19.0,0.0
