2.0,1.0
0.0,0.0
2.0,0.0
0.0,1.0
1.0,1.0
1.0,0.0
2.0,0.0
1.0,0.0
1.0,0.0
1.0,0.0
0.0,0.0
1.0,0.0
0.0,0.0
2.0,0.0
2.0,0.0
0.0,0.0
1.0,0.0
1.0,1.0
0.0,0.0
0.0,0.0
1.0,0.0
0.0,0.0
0.0,0.0
0.0,2.0
0.0,0.0
0.0,0.0
0.0,0.0
0.0,0.0
0.0,0.0
3.0,0.0
0.0,0.0
0.0,1.0
0.0,0.0
0.0,0.0
0.0,0.0
0.0,0.0
0.0,1.0
0.0,0.0
5.0,0.0
9.0,0.0
5.0,0.0
9.0,1.0
19.0,0.0
17.0,1.0
18.0,1.0
26.0,1.0
29.0,9.0
18.0,18.0
23.0,12.0
13.0,10.0
11.0,11.0
13.0,15.0
15.0,22.0
11.0,7.0
6.0,6.0
12.0,4.0
7.0,4.0
13.0,2.0
5.0,2.0
7.0,18.0
3.0,3.0
6.0,1.0
9.0,1.0
5.0,0.0
4.0,1.0
9.0,1.0
5.0,1.0
9.0,1.0
5.0,0.0
3.0,0.0
8.0,4.0
8.0,1.0
6.0,2.0
6.0,0.0
7.0,2.0
9.0,6.0
10.0,2.0
4.0,6.0
12.0,2.0
8.0,14.0
7.0,9.0
7.0,6.0
10.0,1.0
9.0,2.0
7.0,2.0
6.0,2.0
9.0,1.0
7.0,3.0
7.0,0.0
9.0,0.0
7.0,0.0
7.0,3.0
7.0,2.0
5.0,2.0
13.0,1.0
6.0,0.0
12.0,1.0
10.0,0.0
11.0,0.0
5.0,0.0
10.0,1.0
10.0,1.0
13.0,0.0
9.0,0.0
19.0,0.0
7.0,1.0
6.0,0.0
3.0,0.0
8.0,1.0
10.0,2.0
7.0,0.0
9.0,3.0
6.0,1.0
7.0,0.0
8.0,0.0
4.0,0.0
7.0,0.0
5.0,0.0
10.0,1.0
7.0,0.0
6.0,2.0
8.0,1.0
4.0,0.0
11.0,1.0
6.0,0.0
16.0,0.0
3.0,0.0
13.0,1.0
4.0,0.0
17.0,2.0
7.0,2.0
5.0,1.0
3.0,0.0
0.0,0.0
1.0,0.0
4.0,0.0
3.0,0.0
7.0,0.0
8.0,0.0
2.0,0.0
3.0,0.0
4.0,0.0
1.0,0.0
0.0,1.0
