3.0,1.0
6.0,0.0
2.0,0.0
5.0,0.0
3.0,0.0
3.0,0.0
2.0,0.0
0.0,0.0
3.0,7.0
1.0,0.0
4.0,0.0
3.0,1.0
0.0,0.0
1.0,0.0
1.0,1.0
2.0,1.0
1.0,0.0
1.0,1.0
0.0,1.0
1.0,0.0
0.0,0.0
1.0,0.0
0.0,1.0
0.0,0.0
0.0,1.0
1.0,0.0
0.0,0.0
0.0,0.0
0.0,0.0
0.0,0.0
0.0,0.0
0.0,5.0
2.0,0.0
1.0,2.0
0.0,4.0
0.0,1.0
1.0,2.0
0.0,1.0
0.0,3.0
6.0,1.0
14.0,0.0
8.0,2.0
31.0,1.0
36.0,4.0
46.0,7.0
52.0,6.0
43.0,22.0
56.0,27.0
64.0,29.0
73.0,34.0
69.0,66.0
92.0,70.0
114.0,72.0
100.0,30.0
117.0,38.0
122.0,113.0
111.0,64.0
104.0,44.0
70.0,27.0
53.0,7.0
44.0,2.0
38.0,1.0
32.0,1.0
22.0,1.0
17.0,5.0
26.0,2.0
22.0,2.0
17.0,1.0
21.0,3.0
20.0,2.0
29.0,2.0
39.0,4.0
36.0,2.0
36.0,1.0
37.0,2.0
30.0,8.0
33.0,3.0
36.0,6.0
33.0,1.0
25.0,3.0
37.0,2.0
27.0,2.0
30.0,4.0
29.0,3.0
24.0,4.0
28.0,1.0
24.0,2.0
33.0,2.0
22.0,4.0
24.0,9.0
23.0,2.0
16.0,1.0
40.0,1.0
20.0,2.0
35.0,3.0
17.0,2.0
24.0,2.0
22.0,1.0
29.0,1.0
22.0,2.0
22.0,0.0
36.0,4.0
51.0,4.0
54.0,5.0
50.0,3.0
96.0,6.0
61.0,3.0
82.0,10.0
120.0,44.0
103.0,45.0
85.0,42.0
111.0,55.0
106.0,12.0
95.0,28.0
74.0,52.0
62.0,20.0
91.0,5.0
70.0,8.0
79.0,5.0
84.0,7.0
104.0,19.0
63.0,3.0
87.0,2.0
96.0,12.0
47.0,2.0
33.0,1.0
32.0,11.0
32.0,42.0
34.0,48.0
24.0,24.0
34.0,29.0
26.0,14.0
30.0,6.0
34.0,2.0
22.0,2.0
21.0,2.0
13.0,0.0
11.0,5.0
16.0,3.0
7.0,1.0
7.0,3.0
11.0,2.0
9.0,4.0
7.0,0.0
