30.0,3.0
18.0,1.0
30.0,1.0
14.0,2.0
16.0,2.0
24.0,2.0
15.0,1.0
11.0,0.0
9.0,0.0
15.0,1.0
7.0,0.0
6.0,0.0
10.0,1.0
6.0,2.0
11.0,7.0
8.0,2.0
8.0,3.0
5.0,2.0
5.0,2.0
5.0,0.0
4.0,1.0
4.0,0.0
4.0,0.0
2.0,0.0
3.0,0.0
1.0,1.0
3.0,2.0
3.0,0.0
1.0,0.0
0.0,0.0
1.0,1.0
3.0,1.0
2.0,6.0
2.0,0.0
6.0,0.0
7.0,0.0
10.0,1.0
9.0,1.0
15.0,5.0
26.0,1.0
17.0,2.0
29.0,2.0
67.0,1.0
78.0,1.0
101.0,2.0
125.0,4.0
186.0,6.0
214.0,36.0
171.0,111.0
187.0,148.0
192.0,76.0
154.0,107.0
147.0,125.0
148.0,29.0
139.0,3.0
143.0,8.0
121.0,6.0
123.0,10.0
88.0,7.0
71.0,7.0
68.0,5.0
73.0,9.0
59.0,3.0
54.0,1.0
63.0,4.0
73.0,3.0
53.0,7.0
58.0,2.0
35.0,1.0
56.0,3.0
51.0,18.0
62.0,12.0
64.0,9.0
53.0,3.0
40.0,2.0
72.0,4.0
72.0,6.0
66.0,12.0
59.0,4.0
61.0,4.0
59.0,6.0
58.0,3.0
67.0,2.0
61.0,3.0
50.0,3.0
47.0,3.0
54.0,4.0
48.0,2.0
39.0,1.0
41.0,0.0
50.0,6.0
44.0,0.0
46.0,0.0
51.0,0.0
74.0,2.0
61.0,2.0
63.0,4.0
52.0,2.0
55.0,5.0
47.0,0.0
58.0,0.0
59.0,3.0
65.0,1.0
68.0,0.0
57.0,3.0
100.0,5.0
72.0,2.0
59.0,2.0
68.0,1.0
78.0,3.0
84.0,2.0
54.0,6.0
70.0,1.0
78.0,5.0
72.0,4.0
58.0,2.0
51.0,3.0
67.0,2.0
56.0,0.0
61.0,3.0
80.0,3.0
62.0,4.0
73.0,2.0
63.0,2.0
61.0,3.0
70.0,3.0
54.0,3.0
69.0,2.0
71.0,0.0
58.0,3.0
66.0,1.0
72.0,3.0
64.0,3.0
34.0,0.0
43.0,1.0
39.0,3.0
31.0,1.0
42.0,1.0
49.0,0.0
31.0,2.0
30.0,4.0
30.0,2.0
31.0,0.0
29.0,0.0
