92.0,2.0
79.0,2.0
54.0,2.0
78.0,4.0
55.0,1.0
47.0,1.0
77.0,3.0
48.0,4.0
46.0,2.0
42.0,0.0
33.0,6.0
37.0,1.0
36.0,2.0
23.0,0.0
22.0,2.0
30.0,1.0
23.0,1.0
24.0,2.0
19.0,1.0
9.0,0.0
18.0,3.0
18.0,4.0
15.0,2.0
13.0,0.0
8.0,2.0
10.0,2.0
7.0,0.0
13.0,0.0
10.0,0.0
12.0,1.0
5.0,3.0
10.0,2.0
5.0,3.0
12.0,10.0
6.0,3.0
18.0,2.0
13.0,2.0
17.0,4.0
17.0,3.0
28.0,9.0
44.0,6.0
49.0,5.0
52.0,1.0
58.0,2.0
80.0,2.0
114.0,3.0
114.0,2.0
110.0,4.0
140.0,2.0
170.0,3.0
154.0,1.0
190.0,2.0
219.0,12.0
164.0,2.0
173.0,2.0
176.0,1.0
158.0,3.0
112.0,0.0
162.0,4.0
158.0,7.0
157.0,1.0
131.0,5.0
134.0,2.0
155.0,6.0
154.0,5.0
136.0,2.0
149.0,1.0
160.0,1.0
185.0,9.0
214.0,8.0
212.0,7.0
182.0,6.0
226.0,4.0
207.0,5.0
193.0,4.0
203.0,3.0
213.0,3.0
207.0,3.0
217.0,5.0
182.0,9.0
204.0,4.0
216.0,4.0
202.0,6.0
222.0,3.0
200.0,5.0
192.0,5.0
192.0,2.0
212.0,5.0
191.0,3.0
189.0,6.0
195.0,2.0
185.0,3.0
206.0,1.0
195.0,4.0
199.0,5.0
223.0,3.0
214.0,9.0
204.0,6.0
228.0,2.0
218.0,4.0
236.0,3.0
217.0,3.0
233.0,3.0
277.0,6.0
236.0,2.0
257.0,10.0
222.0,3.0
231.0,6.0
280.0,4.0
245.0,5.0
237.0,5.0
217.0,0.0
222.0,4.0
216.0,7.0
182.0,2.0
218.0,6.0
224.0,5.0
222.0,9.0
216.0,10.0
246.0,5.0
227.0,4.0
224.0,7.0
248.0,7.0
235.0,6.0
211.0,5.0
239.0,5.0
253.0,9.0
197.0,6.0
196.0,7.0
204.0,7.0
197.0,7.0
190.0,13.0
196.0,6.0
177.0,6.0
147.0,4.0
110.0,2.0
104.0,17.0
106.0,10.0
104.0,1.0
86.0,8.0
87.0,5.0
65.0,4.0
52.0,3.0
44.0,2.0
