31.0,1.0
23.0,1.0
19.0,1.0
16.0,1.0
20.0,1.0
29.0,1.0
13.0,1.0
20.0,0.0
15.0,4.0
14.0,1.0
18.0,1.0
9.0,0.0
16.0,1.0
9.0,1.0
5.0,1.0
14.0,0.0
10.0,0.0
10.0,1.0
5.0,2.0
3.0,0.0
8.0,0.0
2.0,0.0
4.0,1.0
2.0,2.0
4.0,2.0
1.0,1.0
2.0,0.0
5.0,0.0
3.0,0.0
6.0,2.0
1.0,1.0
3.0,0.0
6.0,1.0
3.0,0.0
2.0,0.0
11.0,7.0
4.0,5.0
2.0,6.0
10.0,7.0
42.0,2.0
52.0,3.0
66.0,1.0
70.0,8.0
103.0,9.0
123.0,28.0
146.0,66.0
148.0,145.0
150.0,283.0
173.0,240.0
142.0,198.0
164.0,183.0
198.0,206.0
187.0,166.0
222.0,127.0
277.0,113.0
224.0,126.0
275.0,115.0
186.0,122.0
173.0,91.0
153.0,32.0
134.0,18.0
131.0,10.0
135.0,12.0
115.0,12.0
112.0,10.0
121.0,8.0
113.0,14.0
100.0,17.0
104.0,25.0
111.0,32.0
105.0,24.0
99.0,17.0
135.0,31.0
111.0,14.0
110.0,9.0
112.0,6.0
105.0,11.0
123.0,22.0
124.0,29.0
99.0,39.0
99.0,49.0
122.0,85.0
100.0,61.0
97.0,34.0
107.0,44.0
110.0,30.0
99.0,39.0
115.0,33.0
101.0,56.0
114.0,57.0
107.0,57.0
91.0,63.0
101.0,92.0
165.0,5.0
148.0,5.0
136.0,3.0
155.0,10.0
147.0,5.0
146.0,12.0
174.0,19.0
181.0,16.0
194.0,24.0
290.0,52.0
261.0,92.0
241.0,147.0
222.0,216.0
201.0,262.0
252.0,228.0
264.0,288.0
199.0,261.0
243.0,178.0
252.0,86.0
210.0,68.0
210.0,16.0
176.0,15.0
170.0,21.0
161.0,37.0
170.0,20.0
171.0,11.0
162.0,12.0
153.0,3.0
157.0,12.0
157.0,4.0
161.0,12.0
162.0,15.0
175.0,9.0
173.0,17.0
171.0,38.0
167.0,35.0
158.0,20.0
153.0,30.0
166.0,16.0
164.0,13.0
147.0,21.0
128.0,10.0
107.0,4.0
96.0,3.0
103.0,4.0
89.0,0.0
79.0,7.0
70.0,4.0
68.0,4.0
61.0,1.0
43.0,0.0
