3.0,0.0
2.0,0.0
2.0,0.0
2.0,0.0
1.0,0.0
2.0,0.0
2.0,2.0
1.0,0.0
1.0,0.0
1.0,0.0
2.0,0.0
0.0,0.0
1.0,0.0
1.0,0.0
0.0,0.0
1.0,0.0
1.0,0.0
1.0,0.0
0.0,0.0
0.0,0.0
0.0,0.0
0.0,0.0
0.0,0.0
0.0,0.0
0.0,0.0
0.0,0.0
0.0,2.0
1.0,2.0
0.0,4.0
0.0,2.0
1.0,0.0
0.0,0.0
0.0,1.0
0.0,0.0
0.0,0.0
1.0,1.0
1.0,3.0
2.0,4.0
0.0,4.0
5.0,1.0
4.0,0.0
17.0,0.0
18.0,0.0
27.0,7.0
26.0,14.0
37.0,38.0
48.0,60.0
46.0,62.0
53.0,82.0
41.0,97.0
63.0,101.0
66.0,114.0
82.0,112.0
90.0,48.0
78.0,48.0
69.0,33.0
54.0,11.0
51.0,4.0
44.0,0.0
35.0,2.0
29.0,1.0
29.0,3.0
14.0,2.0
18.0,1.0
25.0,0.0
16.0,3.0
26.0,2.0
15.0,1.0
25.0,5.0
27.0,7.0
28.0,0.0
19.0,2.0
14.0,5.0
24.0,5.0
24.0,2.0
17.0,2.0
21.0,4.0
22.0,2.0
25.0,1.0
34.0,11.0
15.0,1.0
13.0,1.0
22.0,6.0
17.0,1.0
19.0,3.0
16.0,12.0
15.0,2.0
26.0,0.0
13.0,0.0
17.0,0.0
17.0,0.0
18.0,2.0
16.0,1.0
18.0,0.0
19.0,2.0
24.0,1.0
32.0,0.0
19.0,1.0
18.0,2.0
20.0,1.0
21.0,2.0
26.0,0.0
33.0,3.0
32.0,3.0
29.0,0.0
54.0,5.0
35.0,5.0
56.0,6.0
82.0,5.0
114.0,2.0
75.0,12.0
103.0,7.0
94.0,7.0
90.0,7.0
67.0,36.0
78.0,35.0
73.0,26.0
69.0,32.0
61.0,40.0
56.0,13.0
71.0,4.0
63.0,0.0
60.0,1.0
48.0,1.0
41.0,2.0
40.0,3.0
38.0,3.0
41.0,2.0
27.0,8.0
22.0,4.0
27.0,1.0
29.0,8.0
30.0,4.0
18.0,1.0
19.0,3.0
22.0,2.0
15.0,0.0
7.0,2.0
13.0,0.0
8.0,5.0
5.0,1.0
10.0,2.0
4.0,0.0
5.0,1.0
