39.0,18.0
27.0,41.0
31.0,43.0
25.0,10.0
28.0,17.0
28.0,14.0
25.0,13.0
23.0,9.0
20.0,4.0
9.0,6.0
11.0,1.0
7.0,4.0
12.0,5.0
9.0,5.0
9.0,4.0
8.0,6.0
5.0,0.0
0.0,1.0
4.0,1.0
11.0,1.0
6.0,1.0
7.0,0.0
5.0,2.0
3.0,3.0
3.0,0.0
2.0,2.0
4.0,0.0
0.0,3.0
4.0,0.0
5.0,1.0
3.0,0.0
6.0,1.0
11.0,6.0
5.0,3.0
7.0,3.0
9.0,5.0
9.0,5.0
6.0,3.0
11.0,8.0
28.0,1.0
44.0,2.0
60.0,1.0
88.0,1.0
122.0,4.0
166.0,4.0
231.0,5.0
323.0,3.0
443.0,14.0
493.0,197.0
456.0,699.0
495.0,835.0
483.0,1219.0
514.0,1249.0
639.0,788.0
605.0,54.0
509.0,23.0
318.0,4.0
225.0,6.0
227.0,6.0
184.0,10.0
137.0,3.0
139.0,6.0
136.0,2.0
119.0,4.0
111.0,0.0
121.0,3.0
117.0,3.0
129.0,3.0
120.0,8.0
119.0,3.0
136.0,4.0
125.0,1.0
128.0,2.0
163.0,4.0
126.0,2.0
136.0,5.0
156.0,0.0
149.0,2.0
155.0,3.0
153.0,6.0
162.0,4.0
142.0,0.0
160.0,5.0
131.0,2.0
128.0,4.0
141.0,0.0
118.0,6.0
126.0,3.0
135.0,1.0
110.0,3.0
123.0,4.0
122.0,6.0
145.0,0.0
136.0,3.0
130.0,4.0
133.0,5.0
169.0,8.0
148.0,5.0
175.0,5.0
161.0,7.0
186.0,3.0
177.0,3.0
269.0,10.0
228.0,15.0
201.0,8.0
322.0,31.0
269.0,12.0
231.0,6.0
286.0,12.0
271.0,2.0
249.0,8.0
238.0,10.0
220.0,9.0
186.0,4.0
174.0,4.0
201.0,3.0
179.0,3.0
202.0,6.0
203.0,3.0
187.0,2.0
213.0,5.0
265.0,5.0
272.0,7.0
281.0,9.0
257.0,14.0
238.0,12.0
255.0,7.0
272.0,19.0
244.0,12.0
243.0,12.0
217.0,5.0
173.0,4.0
162.0,10.0
138.0,3.0
149.0,3.0
102.0,2.0
96.0,6.0
120.0,6.0
108.0,4.0
87.0,15.0
81.0,31.0
68.0,5.0
58.0,14.0
50.0,10.0
