55.0,6.0
42.0,1.0
55.0,1.0
35.0,1.0
41.0,4.0
42.0,1.0
33.0,2.0
28.0,0.0
37.0,3.0
27.0,6.0
33.0,10.0
26.0,7.0
14.0,2.0
14.0,0.0
18.0,0.0
17.0,0.0
13.0,0.0
21.0,1.0
11.0,2.0
12.0,5.0
12.0,0.0
11.0,0.0
4.0,0.0
5.0,0.0
4.0,0.0
5.0,1.0
6.0,1.0
3.0,0.0
8.0,0.0
5.0,0.0
2.0,0.0
7.0,2.0
5.0,2.0
9.0,3.0
5.0,1.0
8.0,1.0
9.0,8.0
8.0,1.0
11.0,3.0
23.0,0.0
38.0,2.0
51.0,3.0
68.0,2.0
88.0,2.0
127.0,3.0
123.0,1.0
137.0,3.0
153.0,3.0
177.0,14.0
160.0,21.0
163.0,3.0
178.0,20.0
149.0,34.0
122.0,8.0
90.0,1.0
96.0,0.0
103.0,0.0
101.0,1.0
86.0,4.0
91.0,4.0
92.0,3.0
73.0,10.0
68.0,0.0
90.0,4.0
89.0,4.0
101.0,5.0
74.0,1.0
93.0,1.0
82.0,2.0
99.0,11.0
97.0,3.0
96.0,3.0
73.0,1.0
90.0,4.0
77.0,3.0
120.0,3.0
64.0,4.0
92.0,2.0
85.0,1.0
96.0,2.0
104.0,3.0
107.0,1.0
103.0,1.0
124.0,4.0
115.0,6.0
107.0,8.0
91.0,1.0
111.0,2.0
102.0,3.0
114.0,5.0
127.0,6.0
112.0,5.0
112.0,5.0
120.0,0.0
114.0,0.0
123.0,5.0
133.0,3.0
103.0,5.0
157.0,4.0
136.0,7.0
117.0,6.0
160.0,2.0
182.0,1.0
186.0,4.0
172.0,5.0
163.0,9.0
153.0,4.0
153.0,9.0
151.0,3.0
132.0,2.0
133.0,6.0
145.0,12.0
134.0,4.0
133.0,2.0
126.0,4.0
127.0,2.0
106.0,2.0
127.0,2.0
115.0,3.0
153.0,6.0
163.0,7.0
163.0,4.0
142.0,9.0
180.0,3.0
192.0,6.0
160.0,9.0
173.0,11.0
164.0,5.0
174.0,10.0
165.0,5.0
147.0,9.0
145.0,6.0
130.0,6.0
136.0,9.0
126.0,5.0
103.0,1.0
96.0,1.0
98.0,4.0
104.0,7.0
73.0,8.0
83.0,4.0
84.0,8.0
83.0,4.0
83.0,10.0
