64.0,16.0
50.0,15.0
41.0,3.0
31.0,2.0
28.0,14.0
37.0,3.0
37.0,2.0
36.0,4.0
37.0,3.0
27.0,4.0
24.0,1.0
35.0,4.0
27.0,5.0
20.0,6.0
26.0,5.0
20.0,3.0
21.0,1.0
27.0,6.0
23.0,3.0
14.0,5.0
22.0,4.0
12.0,6.0
21.0,5.0
11.0,18.0
18.0,29.0
17.0,23.0
12.0,15.0
17.0,17.0
13.0,13.0
11.0,1.0
8.0,6.0
5.0,3.0
13.0,6.0
5.0,2.0
3.0,4.0
3.0,6.0
7.0,10.0
10.0,7.0
9.0,7.0
30.0,1.0
32.0,10.0
49.0,45.0
54.0,82.0
100.0,100.0
82.0,112.0
88.0,109.0
91.0,91.0
97.0,109.0
114.0,114.0
128.0,106.0
140.0,89.0
192.0,109.0
157.0,103.0
170.0,51.0
174.0,31.0
188.0,26.0
150.0,7.0
130.0,8.0
134.0,4.0
105.0,6.0
101.0,4.0
107.0,2.0
93.0,4.0
90.0,3.0
101.0,0.0
91.0,4.0
81.0,3.0
105.0,1.0
134.0,3.0
136.0,5.0
113.0,2.0
128.0,4.0
113.0,4.0
108.0,7.0
121.0,6.0
124.0,3.0
107.0,5.0
129.0,6.0
129.0,3.0
113.0,4.0
131.0,6.0
128.0,7.0
123.0,11.0
112.0,6.0
125.0,9.0
137.0,23.0
127.0,28.0
107.0,16.0
148.0,22.0
126.0,29.0
124.0,76.0
102.0,105.0
120.0,76.0
173.0,4.0
148.0,6.0
146.0,18.0
142.0,22.0
145.0,27.0
158.0,32.0
183.0,40.0
181.0,31.0
209.0,63.0
194.0,281.0
155.0,303.0
165.0,355.0
175.0,330.0
157.0,272.0
153.0,194.0
188.0,157.0
166.0,162.0
196.0,192.0
236.0,89.0
224.0,27.0
204.0,10.0
193.0,6.0
183.0,22.0
165.0,13.0
180.0,22.0
159.0,22.0
163.0,72.0
242.0,25.0
219.0,58.0
223.0,71.0
170.0,124.0
172.0,63.0
169.0,25.0
126.0,136.0
126.0,239.0
98.0,179.0
113.0,203.0
140.0,187.0
112.0,78.0
145.0,82.0
118.0,77.0
111.0,10.0
118.0,11.0
88.0,3.0
66.0,3.0
62.0,3.0
60.0,4.0
60.0,2.0
70.0,8.0
59.0,2.0
46.0,9.0
