55.0,0.0
59.0,11.0
54.0,13.0
41.0,25.0
43.0,4.0
46.0,7.0
35.0,7.0
43.0,3.0
29.0,2.0
28.0,3.0
24.0,1.0
23.0,0.0
28.0,2.0
22.0,1.0
21.0,0.0
21.0,3.0
18.0,0.0
20.0,3.0
11.0,1.0
16.0,2.0
15.0,3.0
5.0,1.0
15.0,0.0
3.0,0.0
9.0,0.0
5.0,0.0
4.0,1.0
5.0,5.0
3.0,1.0
13.0,3.0
3.0,5.0
5.0,4.0
4.0,5.0
7.0,4.0
6.0,5.0
6.0,2.0
10.0,6.0
11.0,2.0
13.0,11.0
28.0,3.0
42.0,2.0
60.0,3.0
77.0,0.0
96.0,0.0
127.0,2.0
126.0,2.0
117.0,1.0
168.0,1.0
201.0,8.0
155.0,14.0
165.0,9.0
172.0,23.0
167.0,35.0
137.0,14.0
120.0,7.0
117.0,5.0
95.0,9.0
95.0,2.0
112.0,3.0
94.0,1.0
93.0,1.0
86.0,5.0
102.0,2.0
93.0,3.0
88.0,0.0
81.0,3.0
86.0,3.0
92.0,2.0
97.0,2.0
110.0,1.0
114.0,2.0
93.0,2.0
89.0,1.0
85.0,5.0
77.0,1.0
89.0,0.0
117.0,1.0
113.0,0.0
132.0,6.0
109.0,2.0
125.0,4.0
124.0,6.0
119.0,1.0
133.0,3.0
94.0,4.0
117.0,1.0
99.0,2.0
109.0,0.0
110.0,2.0
106.0,1.0
120.0,1.0
124.0,3.0
111.0,1.0
115.0,2.0
136.0,6.0
124.0,7.0
138.0,7.0
131.0,2.0
162.0,3.0
133.0,5.0
117.0,5.0
164.0,0.0
181.0,2.0
211.0,2.0
159.0,4.0
193.0,2.0
162.0,2.0
183.0,9.0
164.0,3.0
167.0,2.0
155.0,6.0
143.0,4.0
127.0,2.0
125.0,1.0
130.0,4.0
124.0,1.0
124.0,6.0
135.0,5.0
141.0,3.0
135.0,2.0
160.0,4.0
158.0,4.0
147.0,5.0
177.0,4.0
200.0,7.0
157.0,5.0
170.0,4.0
151.0,4.0
160.0,7.0
162.0,5.0
143.0,1.0
154.0,9.0
140.0,9.0
99.0,1.0
78.0,0.0
98.0,1.0
62.0,2.0
93.0,8.0
91.0,3.0
88.0,6.0
82.0,4.0
81.0,5.0
56.0,5.0
69.0,3.0
