35.0,4.0
19.0,0.0
18.0,0.0
16.0,0.0
20.0,5.0
14.0,1.0
15.0,6.0
6.0,0.0
2.0,2.0
7.0,0.0
8.0,0.0
3.0,1.0
6.0,1.0
2.0,0.0
3.0,1.0
3.0,0.0
1.0,0.0
3.0,1.0
2.0,0.0
2.0,0.0
0.0,0.0
1.0,0.0
0.0,0.0
0.0,0.0
0.0,1.0
0.0,0.0
1.0,0.0
1.0,0.0
0.0,0.0
0.0,1.0
1.0,0.0
0.0,2.0
2.0,0.0
1.0,0.0
0.0,3.0
1.0,0.0
6.0,0.0
2.0,1.0
8.0,1.0
10.0,0.0
21.0,0.0
24.0,0.0
42.0,1.0
61.0,2.0
72.0,0.0
107.0,6.0
139.0,5.0
186.0,10.0
263.0,14.0
231.0,82.0
242.0,38.0
294.0,90.0
274.0,76.0
219.0,5.0
193.0,3.0
201.0,4.0
153.0,2.0
108.0,4.0
89.0,4.0
80.0,2.0
53.0,0.0
58.0,0.0
61.0,1.0
56.0,0.0
43.0,0.0
61.0,1.0
41.0,1.0
55.0,2.0
67.0,4.0
76.0,4.0
76.0,3.0
93.0,6.0
106.0,2.0
77.0,2.0
73.0,3.0
75.0,1.0
70.0,5.0
70.0,5.0
98.0,0.0
75.0,0.0
75.0,2.0
75.0,3.0
70.0,1.0
70.0,5.0
60.0,0.0
69.0,5.0
61.0,1.0
61.0,1.0
66.0,6.0
71.0,6.0
76.0,2.0
67.0,1.0
68.0,4.0
74.0,1.0
76.0,3.0
82.0,3.0
81.0,5.0
79.0,1.0
76.0,1.0
74.0,5.0
84.0,4.0
88.0,3.0
185.0,5.0
147.0,10.0
152.0,6.0
299.0,10.0
276.0,16.0
244.0,10.0
418.0,93.0
401.0,243.0
357.0,116.0
324.0,52.0
257.0,18.0
223.0,3.0
181.0,11.0
171.0,3.0
175.0,4.0
170.0,3.0
133.0,5.0
138.0,3.0
135.0,8.0
136.0,4.0
102.0,8.0
130.0,7.0
115.0,6.0
113.0,4.0
121.0,5.0
150.0,3.0
130.0,2.0
131.0,6.0
109.0,7.0
110.0,2.0
96.0,4.0
99.0,7.0
74.0,1.0
67.0,0.0
74.0,2.0
56.0,1.0
45.0,3.0
44.0,1.0
37.0,1.0
31.0,2.0
29.0,1.0
25.0,0.0
