157.0,26.0
162.0,23.0
119.0,17.0
121.0,21.0
118.0,16.0
123.0,53.0
113.0,62.0
97.0,50.0
95.0,27.0
87.0,29.0
82.0,58.0
69.0,43.0
62.0,22.0
78.0,39.0
68.0,35.0
78.0,28.0
60.0,19.0
50.0,23.0
48.0,5.0
46.0,9.0
44.0,22.0
35.0,22.0
30.0,14.0
32.0,6.0
36.0,9.0
35.0,15.0
23.0,4.0
29.0,6.0
23.0,9.0
17.0,7.0
25.0,7.0
17.0,13.0
22.0,13.0
21.0,5.0
14.0,10.0
22.0,11.0
18.0,21.0
26.0,16.0
31.0,24.0
53.0,12.0
51.0,13.0
60.0,31.0
81.0,30.0
81.0,44.0
86.0,45.0
136.0,44.0
127.0,50.0
175.0,85.0
150.0,98.0
204.0,108.0
243.0,55.0
231.0,73.0
253.0,53.0
224.0,17.0
222.0,12.0
213.0,9.0
246.0,19.0
261.0,26.0
266.0,32.0
275.0,26.0
244.0,20.0
286.0,6.0
228.0,16.0
243.0,8.0
269.0,28.0
274.0,28.0
279.0,14.0
260.0,36.0
283.0,52.0
265.0,67.0
271.0,39.0
302.0,38.0
330.0,51.0
311.0,27.0
324.0,36.0
350.0,72.0
322.0,56.0
323.0,42.0
332.0,74.0
314.0,73.0
322.0,63.0
330.0,104.0
324.0,149.0
337.0,68.0
359.0,45.0
338.0,64.0
286.0,33.0
309.0,28.0
329.0,37.0
312.0,30.0
306.0,24.0
317.0,31.0
313.0,54.0
324.0,33.0
289.0,48.0
325.0,163.0
375.0,6.0
304.0,7.0
324.0,9.0
338.0,6.0
318.0,3.0
372.0,6.0
384.0,7.0
352.0,9.0
374.0,10.0
372.0,9.0
384.0,9.0
292.0,9.0
331.0,9.0
320.0,6.0
300.0,6.0
341.0,7.0
326.0,5.0
316.0,10.0
325.0,7.0
310.0,9.0
299.0,8.0
282.0,13.0
308.0,17.0
297.0,53.0
327.0,18.0
322.0,25.0
336.0,15.0
339.0,26.0
305.0,36.0
302.0,44.0
311.0,69.0
301.0,38.0
315.0,59.0
273.0,34.0
230.0,30.0
267.0,21.0
257.0,26.0
234.0,17.0
208.0,11.0
181.0,3.0
159.0,5.0
147.0,2.0
128.0,6.0
136.0,6.0
145.0,8.0
124.0,10.0
116.0,5.0
105.0,6.0
