42.0,17.0
51.0,22.0
30.0,8.0
31.0,10.0
37.0,25.0
15.0,4.0
24.0,3.0
21.0,16.0
20.0,17.0
13.0,9.0
19.0,2.0
13.0,8.0
8.0,4.0
10.0,1.0
6.0,10.0
6.0,0.0
8.0,0.0
4.0,0.0
5.0,7.0
3.0,0.0
3.0,0.0
4.0,0.0
6.0,1.0
4.0,1.0
4.0,0.0
7.0,0.0
7.0,0.0
6.0,1.0
4.0,0.0
2.0,0.0
1.0,1.0
3.0,0.0
10.0,3.0
5.0,7.0
6.0,7.0
6.0,2.0
10.0,5.0
10.0,1.0
12.0,12.0
25.0,0.0
36.0,3.0
65.0,1.0
100.0,3.0
127.0,5.0
217.0,6.0
252.0,13.0
352.0,15.0
461.0,13.0
526.0,379.0
479.0,727.0
524.0,476.0
529.0,691.0
557.0,632.0
607.0,206.0
538.0,14.0
490.0,9.0
321.0,8.0
253.0,3.0
247.0,4.0
188.0,2.0
157.0,3.0
124.0,4.0
137.0,1.0
99.0,1.0
106.0,2.0
108.0,0.0
120.0,5.0
102.0,0.0
132.0,4.0
130.0,4.0
136.0,2.0
126.0,0.0
111.0,1.0
128.0,0.0
112.0,4.0
114.0,0.0
154.0,6.0
130.0,1.0
140.0,8.0
151.0,9.0
157.0,3.0
149.0,1.0
186.0,5.0
121.0,3.0
130.0,1.0
118.0,4.0
102.0,6.0
113.0,5.0
114.0,3.0
98.0,3.0
133.0,2.0
145.0,3.0
128.0,5.0
126.0,1.0
108.0,1.0
130.0,3.0
119.0,3.0
122.0,7.0
134.0,9.0
146.0,3.0
153.0,5.0
153.0,5.0
238.0,5.0
205.0,3.0
183.0,10.0
288.0,15.0
253.0,20.0
255.0,4.0
286.0,19.0
286.0,12.0
215.0,7.0
217.0,5.0
205.0,6.0
170.0,6.0
177.0,10.0
173.0,5.0
157.0,8.0
163.0,2.0
207.0,7.0
168.0,4.0
203.0,6.0
228.0,11.0
197.0,4.0
214.0,11.0
220.0,9.0
207.0,11.0
242.0,8.0
200.0,6.0
202.0,10.0
169.0,8.0
200.0,5.0
171.0,6.0
143.0,5.0
129.0,6.0
134.0,7.0
127.0,2.0
103.0,7.0
100.0,7.0
98.0,8.0
73.0,2.0
57.0,2.0
66.0,1.0
53.0,8.0
45.0,2.0
