5.0,3.0
4.0,2.0
6.0,1.0
2.0,1.0
0.0,0.0
1.0,0.0
2.0,0.0
1.0,1.0
1.0,0.0
1.0,2.0
0.0,1.0
1.0,0.0
1.0,0.0
1.0,0.0
0.0,1.0
2.0,0.0
2.0,0.0
0.0,0.0
0.0,0.0
1.0,1.0
1.0,0.0
0.0,0.0
1.0,0.0
0.0,0.0
1.0,1.0
0.0,0.0
0.0,0.0
0.0,0.0
0.0,2.0
0.0,0.0
0.0,0.0
0.0,1.0
0.0,0.0
0.0,0.0
0.0,0.0
0.0,0.0
0.0,0.0
0.0,2.0
0.0,1.0
6.0,0.0
14.0,3.0
10.0,2.0
25.0,3.0
25.0,2.0
27.0,3.0
31.0,17.0
52.0,34.0
45.0,30.0
49.0,39.0
47.0,58.0
67.0,98.0
76.0,90.0
103.0,64.0
90.0,44.0
105.0,36.0
103.0,33.0
74.0,26.0
77.0,17.0
59.0,2.0
36.0,2.0
26.0,3.0
18.0,1.0
23.0,0.0
33.0,5.0
27.0,0.0
22.0,2.0
24.0,2.0
30.0,1.0
19.0,1.0
30.0,4.0
31.0,3.0
33.0,7.0
27.0,4.0
38.0,1.0
35.0,11.0
25.0,4.0
31.0,18.0
32.0,9.0
34.0,10.0
35.0,11.0
28.0,4.0
32.0,8.0
35.0,6.0
24.0,11.0
29.0,6.0
18.0,4.0
16.0,1.0
24.0,4.0
25.0,1.0
17.0,1.0
24.0,1.0
20.0,12.0
16.0,2.0
20.0,3.0
21.0,5.0
22.0,8.0
30.0,4.0
24.0,5.0
31.0,6.0
24.0,5.0
44.0,13.0
48.0,8.0
55.0,6.0
34.0,4.0
54.0,18.0
65.0,36.0
49.0,74.0
61.0,40.0
89.0,106.0
56.0,120.0
63.0,103.0
86.0,69.0
82.0,52.0
89.0,76.0
79.0,105.0
60.0,67.0
60.0,149.0
83.0,227.0
100.0,133.0
98.0,66.0
102.0,43.0
94.0,32.0
70.0,9.0
70.0,1.0
49.0,3.0
44.0,0.0
40.0,13.0
34.0,56.0
45.0,46.0
29.0,43.0
24.0,24.0
31.0,14.0
40.0,4.0
28.0,4.0
26.0,1.0
28.0,2.0
10.0,3.0
20.0,2.0
8.0,2.0
4.0,4.0
5.0,1.0
7.0,0.0
5.0,1.0
7.0,1.0
