62.0,3.0
58.0,12.0
44.0,2.0
53.0,6.0
47.0,5.0
50.0,11.0
41.0,5.0
43.0,3.0
33.0,3.0
25.0,0.0
30.0,3.0
23.0,2.0
22.0,3.0
19.0,2.0
23.0,0.0
33.0,4.0
18.0,9.0
20.0,2.0
20.0,1.0
13.0,6.0
12.0,0.0
10.0,0.0
14.0,0.0
18.0,2.0
22.0,7.0
7.0,0.0
12.0,2.0
19.0,5.0
13.0,1.0
17.0,2.0
10.0,0.0
10.0,0.0
11.0,2.0
17.0,0.0
19.0,1.0
15.0,0.0
29.0,8.0
22.0,14.0
30.0,6.0
42.0,1.0
56.0,1.0
68.0,2.0
124.0,2.0
146.0,0.0
194.0,6.0
234.0,8.0
219.0,14.0
224.0,82.0
246.0,157.0
247.0,165.0
263.0,41.0
297.0,48.0
290.0,19.0
203.0,9.0
185.0,1.0
202.0,4.0
182.0,9.0
202.0,5.0
138.0,2.0
172.0,3.0
141.0,2.0
138.0,4.0
166.0,4.0
161.0,5.0
147.0,6.0
135.0,6.0
142.0,4.0
151.0,6.0
137.0,5.0
170.0,7.0
155.0,6.0
166.0,2.0
150.0,7.0
174.0,5.0
162.0,3.0
141.0,5.0
144.0,6.0
171.0,6.0
199.0,4.0
191.0,0.0
203.0,4.0
234.0,6.0
227.0,9.0
237.0,13.0
245.0,16.0
211.0,8.0
209.0,17.0
216.0,41.0
229.0,59.0
218.0,38.0
206.0,41.0
193.0,67.0
188.0,92.0
276.0,11.0
229.0,8.0
231.0,10.0
264.0,16.0
304.0,19.0
293.0,27.0
288.0,35.0
304.0,36.0
350.0,25.0
357.0,95.0
302.0,114.0
303.0,192.0
344.0,308.0
318.0,306.0
350.0,235.0
289.0,215.0
302.0,142.0
274.0,23.0
281.0,10.0
220.0,7.0
228.0,1.0
220.0,4.0
187.0,9.0
168.0,2.0
176.0,7.0
194.0,8.0
179.0,4.0
219.0,5.0
197.0,4.0
219.0,20.0
206.0,9.0
205.0,16.0
205.0,10.0
184.0,21.0
217.0,48.0
182.0,51.0
197.0,29.0
180.0,21.0
162.0,9.0
150.0,6.0
142.0,7.0
106.0,7.0
106.0,1.0
98.0,5.0
88.0,4.0
67.0,1.0
74.0,6.0
54.0,4.0
69.0,3.0
63.0,7.0
74.0,6.0
