55.0,1.0
52.0,4.0
54.0,9.0
40.0,10.0
45.0,4.0
44.0,19.0
47.0,15.0
30.0,17.0
29.0,24.0
22.0,15.0
25.0,32.0
27.0,22.0
23.0,24.0
21.0,9.0
22.0,9.0
15.0,17.0
18.0,12.0
29.0,12.0
11.0,13.0
17.0,12.0
18.0,16.0
22.0,19.0
15.0,19.0
17.0,11.0
11.0,6.0
14.0,17.0
14.0,3.0
8.0,24.0
13.0,8.0
7.0,3.0
9.0,9.0
9.0,5.0
8.0,8.0
3.0,1.0
10.0,9.0
8.0,5.0
10.0,14.0
4.0,12.0
6.0,9.0
32.0,1.0
36.0,2.0
52.0,3.0
75.0,22.0
95.0,25.0
111.0,29.0
131.0,72.0
107.0,49.0
134.0,38.0
148.0,30.0
162.0,38.0
178.0,41.0
208.0,36.0
195.0,19.0
170.0,9.0
191.0,5.0
179.0,7.0
167.0,4.0
146.0,8.0
169.0,8.0
130.0,3.0
138.0,3.0
107.0,3.0
126.0,4.0
124.0,2.0
109.0,5.0
97.0,3.0
131.0,5.0
111.0,6.0
151.0,3.0
141.0,6.0
138.0,5.0
124.0,3.0
156.0,7.0
127.0,4.0
136.0,4.0
148.0,5.0
151.0,2.0
171.0,12.0
165.0,11.0
148.0,12.0
173.0,21.0
156.0,13.0
173.0,11.0
140.0,5.0
154.0,9.0
151.0,4.0
155.0,9.0
144.0,1.0
157.0,6.0
164.0,8.0
164.0,5.0
197.0,16.0
182.0,8.0
194.0,15.0
173.0,24.0
152.0,88.0
220.0,17.0
217.0,14.0
218.0,14.0
249.0,14.0
231.0,26.0
270.0,176.0
305.0,479.0
243.0,510.0
204.0,332.0
241.0,623.0
189.0,239.0
225.0,207.0
200.0,233.0
218.0,177.0
230.0,437.0
246.0,266.0
287.0,70.0
221.0,12.0
221.0,24.0
229.0,22.0
208.0,12.0
186.0,13.0
192.0,10.0
201.0,10.0
246.0,24.0
207.0,58.0
218.0,148.0
230.0,188.0
189.0,107.0
189.0,117.0
131.0,153.0
150.0,195.0
117.0,167.0
140.0,122.0
140.0,182.0
109.0,59.0
130.0,41.0
128.0,21.0
96.0,22.0
112.0,7.0
86.0,7.0
51.0,1.0
73.0,0.0
71.0,3.0
78.0,10.0
71.0,12.0
63.0,23.0
61.0,13.0
