109.0,8.0
93.0,8.0
93.0,6.0
97.0,8.0
74.0,6.0
93.0,11.0
90.0,14.0
60.0,9.0
72.0,7.0
62.0,5.0
65.0,2.0
61.0,7.0
57.0,3.0
48.0,7.0
49.0,3.0
51.0,6.0
35.0,3.0
31.0,3.0
42.0,5.0
27.0,1.0
27.0,4.0
30.0,0.0
29.0,1.0
25.0,1.0
23.0,3.0
12.0,3.0
19.0,4.0
21.0,1.0
20.0,2.0
25.0,4.0
18.0,3.0
18.0,6.0
15.0,1.0
17.0,13.0
24.0,18.0
25.0,11.0
27.0,16.0
15.0,16.0
28.0,29.0
85.0,7.0
112.0,7.0
135.0,4.0
205.0,8.0
224.0,10.0
313.0,63.0
297.0,185.0
284.0,262.0
266.0,404.0
270.0,410.0
302.0,385.0
324.0,307.0
321.0,216.0
361.0,136.0
287.0,64.0
332.0,6.0
319.0,14.0
290.0,6.0
288.0,29.0
263.0,36.0
274.0,28.0
257.0,16.0
243.0,25.0
237.0,14.0
202.0,9.0
206.0,1.0
225.0,11.0
233.0,14.0
210.0,9.0
222.0,9.0
206.0,8.0
169.0,5.0
202.0,16.0
201.0,7.0
204.0,7.0
220.0,9.0
196.0,4.0
219.0,7.0
194.0,8.0
246.0,16.0
266.0,14.0
279.0,33.0
212.0,17.0
243.0,11.0
267.0,7.0
265.0,13.0
234.0,18.0
268.0,10.0
280.0,20.0
265.0,15.0
246.0,12.0
224.0,12.0
272.0,64.0
202.0,149.0
295.0,8.0
255.0,4.0
282.0,6.0
269.0,11.0
289.0,5.0
286.0,11.0
274.0,4.0
313.0,11.0
358.0,8.0
390.0,14.0
365.0,42.0
428.0,78.0
431.0,168.0
421.0,213.0
389.0,121.0
413.0,67.0
336.0,39.0
391.0,16.0
315.0,1.0
327.0,11.0
324.0,9.0
296.0,5.0
295.0,6.0
286.0,8.0
295.0,7.0
273.0,10.0
280.0,5.0
276.0,6.0
276.0,7.0
265.0,10.0
291.0,9.0
263.0,11.0
277.0,16.0
321.0,17.0
285.0,9.0
281.0,17.0
296.0,22.0
245.0,28.0
237.0,11.0
236.0,5.0
179.0,6.0
240.0,4.0
164.0,5.0
160.0,4.0
159.0,8.0
113.0,3.0
116.0,6.0
105.0,10.0
121.0,3.0
116.0,2.0
105.0,4.0
