51.0,3.0
61.0,3.0
35.0,2.0
40.0,0.0
46.0,4.0
32.0,3.0
45.0,1.0
33.0,3.0
27.0,0.0
31.0,1.0
28.0,3.0
23.0,5.0
29.0,3.0
28.0,4.0
20.0,1.0
8.0,2.0
18.0,0.0
13.0,0.0
12.0,1.0
13.0,5.0
9.0,4.0
15.0,0.0
9.0,3.0
7.0,1.0
12.0,5.0
5.0,0.0
6.0,2.0
6.0,0.0
5.0,3.0
4.0,0.0
7.0,0.0
6.0,0.0
7.0,0.0
9.0,4.0
7.0,6.0
9.0,3.0
6.0,0.0
14.0,4.0
17.0,3.0
29.0,3.0
31.0,0.0
59.0,2.0
77.0,1.0
90.0,1.0
120.0,2.0
127.0,5.0
127.0,4.0
159.0,9.0
152.0,4.0
159.0,11.0
140.0,10.0
168.0,9.0
142.0,4.0
127.0,2.0
96.0,4.0
97.0,1.0
82.0,2.0
93.0,3.0
82.0,2.0
82.0,2.0
60.0,4.0
69.0,1.0
97.0,1.0
59.0,2.0
84.0,3.0
75.0,1.0
85.0,1.0
91.0,1.0
77.0,1.0
98.0,2.0
92.0,2.0
82.0,2.0
69.0,0.0
63.0,3.0
86.0,2.0
74.0,1.0
67.0,1.0
88.0,1.0
96.0,3.0
97.0,2.0
92.0,5.0
85.0,5.0
92.0,2.0
96.0,5.0
100.0,1.0
86.0,2.0
73.0,2.0
89.0,7.0
96.0,7.0
91.0,6.0
84.0,0.0
86.0,2.0
102.0,7.0
99.0,1.0
124.0,2.0
112.0,10.0
107.0,4.0
119.0,5.0
140.0,4.0
145.0,4.0
141.0,6.0
136.0,2.0
177.0,7.0
180.0,8.0
168.0,3.0
167.0,3.0
166.0,7.0
149.0,4.0
145.0,2.0
115.0,0.0
117.0,5.0
123.0,1.0
125.0,1.0
112.0,2.0
103.0,0.0
104.0,2.0
107.0,2.0
101.0,4.0
127.0,5.0
123.0,4.0
145.0,6.0
132.0,3.0
149.0,3.0
144.0,5.0
138.0,5.0
148.0,4.0
165.0,7.0
126.0,2.0
131.0,4.0
112.0,2.0
121.0,7.0
106.0,3.0
78.0,1.0
67.0,0.0
70.0,1.0
76.0,2.0
67.0,1.0
62.0,2.0
75.0,1.0
85.0,2.0
68.0,2.0
58.0,4.0
50.0,8.0
54.0,2.0
