73.0,10.0
57.0,15.0
65.0,14.0
76.0,22.0
57.0,21.0
51.0,8.0
45.0,34.0
54.0,34.0
40.0,24.0
40.0,24.0
44.0,26.0
41.0,12.0
57.0,7.0
41.0,8.0
36.0,7.0
41.0,11.0
43.0,6.0
28.0,3.0
27.0,22.0
40.0,25.0
24.0,24.0
18.0,26.0
27.0,12.0
24.0,9.0
20.0,12.0
22.0,24.0
17.0,21.0
24.0,11.0
15.0,10.0
18.0,24.0
16.0,2.0
10.0,6.0
13.0,9.0
7.0,5.0
11.0,6.0
4.0,5.0
8.0,3.0
9.0,7.0
5.0,5.0
15.0,4.0
9.0,5.0
14.0,4.0
22.0,4.0
27.0,11.0
35.0,14.0
36.0,4.0
49.0,15.0
57.0,14.0
60.0,9.0
65.0,2.0
65.0,10.0
91.0,10.0
87.0,13.0
61.0,2.0
76.0,1.0
79.0,0.0
95.0,2.0
111.0,3.0
90.0,2.0
94.0,4.0
120.0,4.0
83.0,0.0
96.0,0.0
117.0,8.0
119.0,2.0
94.0,5.0
127.0,3.0
140.0,9.0
132.0,9.0
123.0,13.0
128.0,13.0
138.0,23.0
127.0,22.0
133.0,20.0
156.0,12.0
155.0,22.0
161.0,34.0
162.0,31.0
147.0,42.0
178.0,40.0
156.0,39.0
165.0,40.0
160.0,20.0
156.0,25.0
187.0,54.0
166.0,34.0
176.0,48.0
162.0,85.0
145.0,100.0
156.0,61.0
184.0,114.0
177.0,173.0
159.0,154.0
160.0,143.0
133.0,226.0
145.0,187.0
283.0,84.0
200.0,100.0
204.0,177.0
191.0,226.0
199.0,202.0
220.0,222.0
201.0,145.0
226.0,68.0
199.0,151.0
235.0,82.0
186.0,20.0
165.0,6.0
183.0,8.0
171.0,6.0
141.0,3.0
131.0,7.0
144.0,1.0
132.0,7.0
127.0,9.0
132.0,7.0
152.0,6.0
102.0,5.0
126.0,40.0
125.0,77.0
171.0,39.0
138.0,25.0
149.0,38.0
139.0,21.0
135.0,31.0
125.0,23.0
104.0,2.0
115.0,3.0
125.0,4.0
111.0,1.0
76.0,6.0
101.0,3.0
112.0,3.0
75.0,3.0
68.0,1.0
87.0,4.0
71.0,3.0
66.0,4.0
50.0,2.0
44.0,1.0
52.0,0.0
42.0,7.0
59.0,2.0
55.0,1.0
