14.0,2.0
18.0,11.0
11.0,1.0
15.0,3.0
7.0,0.0
11.0,1.0
6.0,2.0
12.0,3.0
11.0,0.0
8.0,1.0
1.0,0.0
2.0,1.0
7.0,0.0
5.0,3.0
5.0,5.0
2.0,3.0
5.0,0.0
4.0,0.0
3.0,2.0
3.0,0.0
0.0,1.0
3.0,3.0
1.0,0.0
1.0,0.0
3.0,0.0
0.0,1.0
2.0,0.0
4.0,0.0
1.0,3.0
4.0,0.0
2.0,0.0
7.0,1.0
1.0,0.0
4.0,4.0
1.0,2.0
3.0,3.0
6.0,8.0
7.0,4.0
6.0,11.0
24.0,1.0
41.0,2.0
63.0,12.0
93.0,32.0
89.0,75.0
102.0,96.0
97.0,144.0
106.0,192.0
97.0,229.0
98.0,283.0
111.0,250.0
128.0,230.0
137.0,318.0
149.0,268.0
189.0,177.0
235.0,51.0
177.0,21.0
145.0,14.0
99.0,4.0
105.0,4.0
92.0,5.0
79.0,4.0
72.0,1.0
75.0,2.0
62.0,2.0
70.0,1.0
65.0,2.0
58.0,1.0
73.0,0.0
67.0,2.0
61.0,1.0
63.0,2.0
64.0,1.0
68.0,0.0
64.0,0.0
59.0,2.0
78.0,3.0
65.0,6.0
77.0,2.0
73.0,6.0
75.0,6.0
90.0,4.0
76.0,2.0
61.0,2.0
64.0,0.0
71.0,3.0
67.0,6.0
61.0,8.0
80.0,3.0
72.0,9.0
63.0,11.0
66.0,20.0
68.0,52.0
78.0,61.0
84.0,8.0
101.0,3.0
72.0,10.0
93.0,6.0
86.0,12.0
93.0,23.0
97.0,32.0
95.0,19.0
104.0,13.0
119.0,21.0
127.0,49.0
115.0,51.0
128.0,54.0
127.0,62.0
95.0,66.0
120.0,45.0
120.0,49.0
97.0,13.0
103.0,4.0
76.0,1.0
74.0,4.0
78.0,3.0
93.0,3.0
107.0,4.0
76.0,3.0
77.0,2.0
82.0,8.0
84.0,3.0
79.0,10.0
70.0,5.0
99.0,51.0
90.0,70.0
80.0,57.0
82.0,65.0
83.0,33.0
64.0,17.0
59.0,15.0
53.0,10.0
45.0,6.0
41.0,2.0
43.0,2.0
43.0,2.0
39.0,2.0
34.0,0.0
29.0,3.0
21.0,3.0
27.0,3.0
25.0,1.0
29.0,3.0
30.0,4.0
12.0,1.0
