34.0,15.0
27.0,11.0
16.0,2.0
14.0,0.0
11.0,0.0
13.0,0.0
11.0,4.0
10.0,0.0
3.0,3.0
5.0,0.0
2.0,1.0
5.0,2.0
5.0,1.0
3.0,0.0
3.0,0.0
3.0,0.0
2.0,0.0
0.0,0.0
1.0,0.0
1.0,0.0
4.0,0.0
0.0,0.0
1.0,0.0
1.0,0.0
1.0,1.0
1.0,1.0
2.0,4.0
0.0,0.0
4.0,1.0
2.0,1.0
0.0,1.0
3.0,0.0
1.0,0.0
1.0,2.0
2.0,2.0
1.0,3.0
2.0,1.0
1.0,0.0
2.0,1.0
19.0,1.0
15.0,0.0
16.0,1.0
44.0,3.0
80.0,1.0
97.0,0.0
95.0,5.0
152.0,4.0
191.0,50.0
232.0,134.0
230.0,139.0
259.0,74.0
288.0,87.0
312.0,65.0
228.0,6.0
222.0,8.0
186.0,9.0
106.0,1.0
110.0,1.0
83.0,2.0
77.0,3.0
58.0,2.0
63.0,0.0
58.0,0.0
60.0,2.0
50.0,0.0
57.0,1.0
52.0,4.0
60.0,4.0
53.0,2.0
67.0,2.0
79.0,3.0
81.0,1.0
87.0,4.0
77.0,3.0
68.0,3.0
72.0,2.0
65.0,4.0
60.0,3.0
72.0,2.0
65.0,0.0
83.0,3.0
75.0,5.0
61.0,6.0
62.0,4.0
68.0,2.0
64.0,4.0
63.0,5.0
73.0,2.0
49.0,0.0
55.0,0.0
70.0,2.0
72.0,2.0
45.0,4.0
61.0,0.0
81.0,4.0
73.0,1.0
84.0,1.0
66.0,2.0
74.0,2.0
72.0,2.0
68.0,1.0
91.0,5.0
175.0,7.0
154.0,4.0
137.0,5.0
265.0,6.0
238.0,7.0
220.0,7.0
363.0,9.0
332.0,15.0
244.0,6.0
239.0,11.0
187.0,1.0
198.0,4.0
176.0,1.0
195.0,2.0
144.0,4.0
132.0,3.0
133.0,5.0
120.0,3.0
167.0,7.0
133.0,7.0
123.0,3.0
166.0,5.0
164.0,10.0
184.0,4.0
222.0,6.0
171.0,4.0
151.0,3.0
178.0,3.0
141.0,5.0
129.0,3.0
109.0,3.0
102.0,2.0
68.0,4.0
96.0,3.0
74.0,3.0
75.0,2.0
69.0,7.0
72.0,16.0
44.0,1.0
36.0,3.0
19.0,1.0
25.0,0.0
