6.0,2.0
5.0,0.0
5.0,0.0
6.0,0.0
6.0,2.0
4.0,1.0
3.0,1.0
4.0,0.0
3.0,0.0
5.0,0.0
7.0,0.0
1.0,0.0
4.0,1.0
0.0,0.0
3.0,0.0
1.0,0.0
0.0,1.0
1.0,0.0
2.0,0.0
2.0,0.0
0.0,1.0
1.0,0.0
1.0,0.0
0.0,0.0
1.0,0.0
2.0,1.0
0.0,3.0
1.0,0.0
0.0,1.0
0.0,0.0
3.0,0.0
0.0,0.0
0.0,2.0
7.0,3.0
1.0,2.0
2.0,8.0
6.0,2.0
3.0,2.0
7.0,1.0
12.0,1.0
12.0,0.0
31.0,2.0
40.0,3.0
49.0,1.0
49.0,3.0
43.0,1.0
42.0,2.0
66.0,15.0
56.0,29.0
53.0,38.0
31.0,10.0
43.0,19.0
41.0,13.0
36.0,11.0
33.0,2.0
33.0,0.0
29.0,2.0
23.0,22.0
34.0,21.0
16.0,12.0
30.0,16.0
23.0,10.0
23.0,9.0
11.0,14.0
37.0,2.0
27.0,7.0
13.0,23.0
14.0,5.0
27.0,16.0
21.0,8.0
14.0,2.0
29.0,4.0
23.0,0.0
26.0,4.0
25.0,3.0
26.0,3.0
23.0,6.0
30.0,13.0
31.0,9.0
24.0,8.0
27.0,20.0
20.0,13.0
32.0,11.0
21.0,4.0
25.0,7.0
14.0,4.0
21.0,4.0
27.0,1.0
26.0,1.0
27.0,7.0
28.0,7.0
16.0,1.0
19.0,2.0
27.0,4.0
20.0,3.0
28.0,2.0
19.0,1.0
17.0,1.0
22.0,0.0
21.0,0.0
19.0,0.0
23.0,4.0
29.0,13.0
33.0,18.0
31.0,3.0
40.0,11.0
40.0,16.0
35.0,24.0
57.0,27.0
44.0,32.0
36.0,24.0
31.0,3.0
21.0,1.0
33.0,5.0
20.0,2.0
24.0,3.0
28.0,1.0
40.0,3.0
27.0,0.0
29.0,1.0
35.0,2.0
19.0,0.0
31.0,4.0
32.0,2.0
23.0,3.0
21.0,7.0
22.0,1.0
16.0,3.0
14.0,1.0
15.0,0.0
23.0,2.0
31.0,1.0
16.0,2.0
21.0,1.0
20.0,1.0
19.0,1.0
20.0,1.0
12.0,0.0
11.0,4.0
10.0,0.0
15.0,1.0
7.0,3.0
6.0,1.0
7.0,3.0
