90.0,23.0
73.0,17.0
52.0,10.0
57.0,7.0
52.0,5.0
54.0,4.0
58.0,5.0
45.0,11.0
32.0,3.0
37.0,3.0
35.0,4.0
29.0,2.0
33.0,0.0
26.0,1.0
35.0,0.0
22.0,2.0
17.0,1.0
19.0,1.0
10.0,3.0
18.0,0.0
15.0,6.0
11.0,4.0
10.0,5.0
7.0,3.0
14.0,2.0
15.0,4.0
7.0,1.0
9.0,2.0
11.0,1.0
13.0,4.0
10.0,8.0
6.0,2.0
17.0,2.0
9.0,10.0
10.0,8.0
7.0,9.0
17.0,16.0
20.0,26.0
26.0,16.0
101.0,4.0
117.0,13.0
147.0,74.0
167.0,136.0
193.0,264.0
175.0,501.0
162.0,561.0
188.0,470.0
193.0,575.0
219.0,591.0
198.0,569.0
235.0,571.0
288.0,717.0
303.0,753.0
370.0,489.0
371.0,310.0
418.0,360.0
414.0,201.0
312.0,165.0
284.0,113.0
272.0,56.0
254.0,22.0
227.0,6.0
181.0,5.0
234.0,9.0
206.0,9.0
214.0,8.0
182.0,7.0
193.0,9.0
192.0,7.0
210.0,6.0
198.0,3.0
213.0,4.0
202.0,9.0
192.0,9.0
206.0,6.0
216.0,2.0
239.0,10.0
214.0,8.0
227.0,12.0
221.0,5.0
210.0,5.0
256.0,21.0
225.0,25.0
210.0,13.0
218.0,17.0
204.0,35.0
194.0,73.0
221.0,45.0
224.0,39.0
197.0,37.0
203.0,84.0
182.0,184.0
217.0,207.0
292.0,16.0
259.0,5.0
235.0,15.0
282.0,18.0
218.0,23.0
285.0,6.0
273.0,17.0
300.0,28.0
336.0,18.0
357.0,67.0
348.0,96.0
338.0,105.0
358.0,300.0
342.0,407.0
314.0,255.0
376.0,223.0
342.0,265.0
403.0,145.0
396.0,38.0
359.0,23.0
339.0,17.0
304.0,7.0
315.0,17.0
340.0,19.0
326.0,29.0
296.0,17.0
327.0,60.0
307.0,20.0
327.0,28.0
331.0,21.0
344.0,31.0
334.0,31.0
326.0,32.0
348.0,146.0
323.0,249.0
305.0,195.0
336.0,209.0
315.0,138.0
296.0,59.0
266.0,39.0
246.0,33.0
202.0,6.0
152.0,9.0
156.0,7.0
127.0,6.0
140.0,4.0
113.0,4.0
77.0,4.0
94.0,2.0
74.0,4.0
74.0,4.0
