14.0,10.0
16.0,12.0
10.0,9.0
5.0,2.0
10.0,3.0
19.0,13.0
17.0,12.0
12.0,2.0
15.0,4.0
8.0,6.0
12.0,4.0
8.0,1.0
6.0,6.0
3.0,2.0
3.0,3.0
0.0,0.0
5.0,0.0
7.0,2.0
3.0,1.0
4.0,3.0
2.0,3.0
4.0,1.0
5.0,1.0
1.0,0.0
4.0,0.0
1.0,2.0
0.0,0.0
1.0,2.0
0.0,1.0
1.0,1.0
3.0,0.0
0.0,0.0
1.0,0.0
1.0,0.0
0.0,0.0
2.0,0.0
0.0,0.0
0.0,1.0
4.0,3.0
5.0,4.0
7.0,1.0
11.0,6.0
9.0,9.0
20.0,6.0
24.0,1.0
35.0,3.0
28.0,8.0
43.0,8.0
45.0,13.0
62.0,4.0
43.0,10.0
52.0,4.0
59.0,9.0
49.0,13.0
33.0,8.0
36.0,4.0
27.0,6.0
30.0,6.0
24.0,5.0
34.0,20.0
32.0,9.0
23.0,7.0
21.0,6.0
25.0,6.0
19.0,3.0
22.0,5.0
26.0,10.0
27.0,5.0
20.0,1.0
28.0,2.0
22.0,4.0
25.0,10.0
26.0,8.0
30.0,3.0
23.0,3.0
24.0,3.0
16.0,8.0
24.0,6.0
32.0,10.0
23.0,13.0
24.0,15.0
38.0,27.0
25.0,9.0
23.0,6.0
25.0,4.0
33.0,8.0
25.0,9.0
30.0,7.0
30.0,9.0
32.0,4.0
24.0,12.0
22.0,10.0
26.0,3.0
38.0,19.0
21.0,6.0
27.0,5.0
36.0,8.0
28.0,12.0
36.0,12.0
37.0,5.0
30.0,6.0
45.0,16.0
52.0,21.0
42.0,15.0
50.0,8.0
47.0,10.0
48.0,12.0
45.0,7.0
47.0,21.0
39.0,23.0
52.0,14.0
64.0,25.0
34.0,10.0
43.0,14.0
25.0,10.0
29.0,11.0
24.0,9.0
34.0,8.0
17.0,7.0
22.0,12.0
26.0,23.0
35.0,9.0
22.0,6.0
22.0,5.0
31.0,8.0
14.0,3.0
22.0,14.0
24.0,6.0
26.0,2.0
26.0,20.0
21.0,9.0
24.0,6.0
18.0,6.0
15.0,8.0
17.0,11.0
18.0,11.0
23.0,5.0
26.0,13.0
21.0,6.0
28.0,9.0
14.0,6.0
9.0,3.0
15.0,4.0
17.0,5.0
