61.0,3.0
50.0,2.0
41.0,6.0
34.0,2.0
41.0,3.0
23.0,1.0
17.0,1.0
22.0,1.0
25.0,0.0
34.0,2.0
29.0,6.0
16.0,1.0
24.0,1.0
15.0,3.0
26.0,0.0
18.0,1.0
14.0,0.0
10.0,0.0
7.0,0.0
16.0,3.0
4.0,2.0
14.0,3.0
8.0,0.0
6.0,1.0
7.0,0.0
2.0,0.0
4.0,0.0
8.0,3.0
6.0,0.0
4.0,1.0
3.0,4.0
8.0,3.0
5.0,0.0
5.0,1.0
6.0,0.0
10.0,5.0
17.0,7.0
17.0,2.0
18.0,8.0
38.0,0.0
28.0,0.0
42.0,0.0
74.0,2.0
99.0,0.0
137.0,2.0
199.0,3.0
253.0,8.0
247.0,3.0
333.0,2.0
375.0,7.0
313.0,7.0
342.0,8.0
341.0,4.0
232.0,4.0
193.0,4.0
163.0,6.0
182.0,8.0
149.0,3.0
154.0,3.0
145.0,2.0
149.0,5.0
132.0,2.0
107.0,1.0
98.0,4.0
117.0,0.0
129.0,1.0
148.0,3.0
137.0,5.0
120.0,4.0
153.0,3.0
132.0,7.0
109.0,4.0
152.0,8.0
142.0,7.0
141.0,1.0
158.0,5.0
168.0,4.0
162.0,5.0
143.0,5.0
152.0,4.0
155.0,3.0
142.0,2.0
143.0,2.0
137.0,3.0
138.0,2.0
140.0,4.0
161.0,9.0
246.0,3.0
157.0,10.0
161.0,3.0
152.0,4.0
121.0,5.0
175.0,7.0
165.0,7.0
155.0,6.0
144.0,11.0
166.0,4.0
187.0,13.0
201.0,3.0
208.0,2.0
206.0,9.0
191.0,3.0
283.0,3.0
221.0,8.0
226.0,5.0
260.0,2.0
238.0,8.0
230.0,6.0
257.0,6.0
230.0,2.0
248.0,7.0
268.0,7.0
207.0,4.0
218.0,9.0
208.0,5.0
192.0,3.0
228.0,10.0
207.0,5.0
184.0,7.0
216.0,7.0
224.0,8.0
192.0,6.0
226.0,11.0
190.0,5.0
211.0,8.0
221.0,4.0
219.0,9.0
230.0,8.0
219.0,6.0
203.0,7.0
194.0,5.0
194.0,3.0
224.0,5.0
155.0,11.0
151.0,8.0
141.0,10.0
116.0,8.0
123.0,2.0
85.0,6.0
90.0,3.0
86.0,5.0
85.0,9.0
66.0,2.0
74.0,4.0
