32.0,5.0
28.0,3.0
15.0,1.0
8.0,0.0
9.0,4.0
7.0,0.0
8.0,1.0
6.0,3.0
3.0,0.0
7.0,0.0
3.0,0.0
6.0,0.0
5.0,0.0
4.0,0.0
0.0,0.0
7.0,0.0
4.0,2.0
1.0,0.0
4.0,0.0
0.0,0.0
2.0,0.0
0.0,0.0
1.0,0.0
1.0,1.0
0.0,0.0
1.0,0.0
2.0,0.0
1.0,1.0
1.0,0.0
1.0,0.0
0.0,0.0
0.0,0.0
4.0,2.0
0.0,0.0
2.0,5.0
1.0,0.0
5.0,2.0
2.0,8.0
4.0,5.0
16.0,0.0
23.0,1.0
18.0,0.0
37.0,0.0
56.0,0.0
97.0,2.0
120.0,5.0
157.0,5.0
206.0,38.0
236.0,187.0
224.0,246.0
215.0,188.0
268.0,253.0
249.0,125.0
244.0,26.0
225.0,5.0
162.0,3.0
130.0,1.0
123.0,3.0
89.0,1.0
100.0,2.0
73.0,4.0
64.0,1.0
65.0,0.0
45.0,1.0
59.0,3.0
43.0,1.0
62.0,1.0
71.0,4.0
79.0,9.0
103.0,8.0
72.0,5.0
108.0,6.0
104.0,3.0
103.0,12.0
74.0,17.0
73.0,8.0
71.0,1.0
80.0,1.0
85.0,2.0
85.0,1.0
89.0,10.0
82.0,6.0
70.0,3.0
74.0,2.0
69.0,11.0
64.0,8.0
88.0,4.0
74.0,4.0
82.0,3.0
53.0,5.0
66.0,6.0
73.0,2.0
98.0,4.0
69.0,5.0
96.0,5.0
79.0,9.0
83.0,5.0
77.0,4.0
94.0,4.0
89.0,3.0
67.0,7.0
100.0,1.0
175.0,0.0
153.0,3.0
179.0,4.0
301.0,9.0
287.0,16.0
250.0,6.0
390.0,67.0
326.0,165.0
282.0,76.0
253.0,14.0
235.0,6.0
185.0,10.0
179.0,3.0
175.0,5.0
170.0,3.0
153.0,2.0
137.0,5.0
160.0,2.0
193.0,12.0
172.0,8.0
141.0,9.0
219.0,8.0
206.0,7.0
208.0,8.0
214.0,8.0
201.0,33.0
188.0,21.0
149.0,20.0
143.0,6.0
124.0,2.0
125.0,7.0
108.0,4.0
106.0,3.0
89.0,3.0
74.0,1.0
67.0,3.0
57.0,1.0
48.0,0.0
40.0,3.0
39.0,0.0
25.0,1.0
15.0,0.0
