23.0,5.0
9.0,1.0
12.0,3.0
5.0,0.0
10.0,5.0
4.0,1.0
12.0,0.0
10.0,1.0
6.0,0.0
4.0,0.0
2.0,0.0
4.0,1.0
2.0,0.0
2.0,0.0
1.0,0.0
1.0,0.0
3.0,0.0
1.0,0.0
1.0,0.0
1.0,0.0
3.0,0.0
1.0,0.0
0.0,0.0
0.0,0.0
1.0,0.0
2.0,0.0
0.0,1.0
0.0,0.0
0.0,0.0
1.0,0.0
2.0,4.0
0.0,0.0
2.0,0.0
1.0,0.0
2.0,0.0
1.0,0.0
4.0,6.0
6.0,7.0
7.0,8.0
19.0,1.0
16.0,1.0
30.0,1.0
62.0,3.0
81.0,3.0
105.0,3.0
155.0,3.0
179.0,5.0
147.0,6.0
251.0,4.0
243.0,19.0
172.0,3.0
218.0,4.0
253.0,5.0
138.0,3.0
93.0,0.0
83.0,1.0
65.0,13.0
64.0,3.0
79.0,5.0
41.0,2.0
54.0,2.0
66.0,1.0
57.0,2.0
48.0,1.0
67.0,0.0
35.0,4.0
58.0,0.0
77.0,2.0
53.0,5.0
79.0,1.0
60.0,3.0
76.0,1.0
68.0,3.0
81.0,0.0
74.0,4.0
70.0,1.0
100.0,2.0
74.0,3.0
93.0,5.0
87.0,3.0
92.0,1.0
75.0,3.0
64.0,6.0
59.0,1.0
60.0,3.0
70.0,2.0
69.0,8.0
53.0,1.0
57.0,2.0
48.0,2.0
62.0,3.0
79.0,5.0
80.0,3.0
105.0,5.0
91.0,1.0
94.0,2.0
101.0,3.0
100.0,0.0
98.0,3.0
74.0,2.0
89.0,3.0
83.0,5.0
130.0,4.0
126.0,3.0
122.0,4.0
138.0,3.0
167.0,5.0
130.0,5.0
158.0,5.0
169.0,5.0
121.0,3.0
125.0,2.0
110.0,4.0
108.0,5.0
99.0,4.0
81.0,1.0
70.0,2.0
93.0,2.0
62.0,1.0
68.0,3.0
81.0,4.0
79.0,4.0
70.0,4.0
88.0,0.0
92.0,3.0
81.0,1.0
95.0,2.0
73.0,2.0
77.0,4.0
78.0,2.0
85.0,1.0
58.0,0.0
80.0,2.0
62.0,3.0
49.0,0.0
50.0,4.0
49.0,4.0
36.0,2.0
34.0,0.0
17.0,2.0
18.0,0.0
14.0,0.0
11.0,1.0
16.0,2.0
