50.0,2.0
36.0,2.0
31.0,3.0
17.0,1.0
31.0,1.0
22.0,0.0
23.0,3.0
14.0,0.0
16.0,0.0
14.0,1.0
11.0,0.0
9.0,1.0
14.0,0.0
12.0,0.0
10.0,0.0
5.0,2.0
10.0,0.0
13.0,0.0
11.0,0.0
8.0,0.0
9.0,1.0
4.0,0.0
4.0,0.0
3.0,0.0
4.0,0.0
2.0,0.0
2.0,0.0
4.0,0.0
5.0,1.0
7.0,0.0
6.0,0.0
4.0,2.0
5.0,0.0
5.0,1.0
7.0,1.0
5.0,10.0
5.0,11.0
5.0,12.0
4.0,11.0
40.0,6.0
67.0,9.0
68.0,17.0
89.0,22.0
118.0,56.0
126.0,75.0
124.0,114.0
158.0,158.0
170.0,213.0
138.0,228.0
153.0,233.0
151.0,262.0
186.0,302.0
190.0,258.0
230.0,141.0
247.0,77.0
240.0,87.0
219.0,35.0
199.0,66.0
173.0,62.0
126.0,24.0
138.0,6.0
121.0,7.0
100.0,3.0
94.0,0.0
89.0,3.0
92.0,5.0
79.0,3.0
85.0,5.0
93.0,2.0
106.0,4.0
101.0,9.0
91.0,13.0
112.0,20.0
103.0,13.0
107.0,25.0
89.0,62.0
76.0,30.0
94.0,19.0
98.0,73.0
81.0,57.0
84.0,72.0
101.0,72.0
91.0,68.0
92.0,88.0
92.0,49.0
77.0,37.0
90.0,30.0
104.0,22.0
104.0,16.0
101.0,8.0
97.0,8.0
95.0,16.0
109.0,14.0
114.0,10.0
106.0,4.0
117.0,7.0
121.0,3.0
110.0,1.0
109.0,6.0
129.0,3.0
139.0,2.0
169.0,6.0
225.0,5.0
221.0,18.0
202.0,11.0
288.0,35.0
240.0,28.0
205.0,16.0
243.0,22.0
261.0,14.0
222.0,13.0
205.0,11.0
190.0,8.0
177.0,8.0
180.0,8.0
122.0,4.0
153.0,5.0
172.0,10.0
138.0,8.0
143.0,16.0
170.0,6.0
127.0,3.0
140.0,4.0
156.0,6.0
188.0,10.0
168.0,7.0
192.0,3.0
189.0,13.0
165.0,10.0
155.0,9.0
114.0,4.0
107.0,1.0
121.0,4.0
92.0,3.0
96.0,2.0
69.0,2.0
65.0,1.0
67.0,4.0
53.0,1.0
43.0,1.0
42.0,4.0
47.0,0.0
41.0,4.0
31.0,1.0
