26.0,1.0
21.0,0.0
12.0,0.0
15.0,1.0
7.0,1.0
7.0,0.0
13.0,1.0
7.0,0.0
9.0,0.0
3.0,0.0
6.0,0.0
4.0,3.0
2.0,0.0
3.0,0.0
3.0,0.0
2.0,0.0
3.0,0.0
4.0,0.0
4.0,1.0
3.0,3.0
1.0,0.0
2.0,0.0
4.0,0.0
4.0,3.0
1.0,2.0
0.0,1.0
0.0,0.0
1.0,0.0
2.0,0.0
4.0,1.0
1.0,0.0
2.0,0.0
1.0,3.0
1.0,2.0
3.0,3.0
5.0,6.0
5.0,1.0
7.0,0.0
8.0,0.0
15.0,2.0
26.0,1.0
18.0,0.0
25.0,0.0
37.0,1.0
61.0,3.0
93.0,1.0
93.0,2.0
93.0,1.0
146.0,1.0
185.0,6.0
113.0,1.0
147.0,3.0
160.0,3.0
109.0,2.0
90.0,2.0
94.0,1.0
77.0,1.0
105.0,3.0
110.0,4.0
76.0,2.0
71.0,1.0
59.0,3.0
61.0,3.0
66.0,1.0
64.0,4.0
62.0,0.0
73.0,0.0
70.0,3.0
66.0,1.0
64.0,5.0
86.0,0.0
91.0,2.0
81.0,2.0
82.0,2.0
77.0,2.0
95.0,2.0
69.0,1.0
75.0,3.0
84.0,4.0
73.0,2.0
73.0,0.0
58.0,6.0
73.0,0.0
65.0,0.0
71.0,2.0
76.0,4.0
73.0,4.0
85.0,2.0
65.0,0.0
62.0,1.0
83.0,1.0
80.0,3.0
64.0,4.0
68.0,1.0
83.0,4.0
69.0,1.0
64.0,3.0
69.0,0.0
88.0,4.0
81.0,3.0
83.0,2.0
100.0,8.0
106.0,7.0
116.0,7.0
114.0,3.0
135.0,3.0
130.0,1.0
94.0,6.0
114.0,4.0
117.0,4.0
89.0,1.0
92.0,5.0
87.0,0.0
97.0,4.0
87.0,6.0
68.0,6.0
68.0,2.0
71.0,2.0
63.0,2.0
53.0,0.0
75.0,2.0
81.0,2.0
73.0,2.0
68.0,0.0
55.0,2.0
67.0,3.0
84.0,2.0
79.0,4.0
73.0,0.0
54.0,0.0
57.0,3.0
78.0,1.0
110.0,6.0
89.0,7.0
97.0,6.0
72.0,1.0
58.0,4.0
49.0,2.0
49.0,1.0
49.0,1.0
36.0,2.0
34.0,2.0
27.0,2.0
29.0,1.0
