59.0,3.0
56.0,6.0
55.0,3.0
50.0,1.0
44.0,7.0
59.0,3.0
47.0,6.0
48.0,8.0
33.0,7.0
31.0,1.0
38.0,2.0
22.0,5.0
23.0,1.0
20.0,7.0
22.0,2.0
21.0,4.0
13.0,0.0
15.0,1.0
17.0,3.0
11.0,0.0
12.0,4.0
10.0,8.0
8.0,2.0
5.0,4.0
9.0,2.0
5.0,1.0
6.0,2.0
5.0,2.0
7.0,0.0
3.0,2.0
9.0,0.0
10.0,1.0
5.0,2.0
4.0,6.0
12.0,1.0
10.0,1.0
12.0,1.0
8.0,3.0
9.0,4.0
20.0,4.0
16.0,2.0
24.0,10.0
42.0,26.0
44.0,10.0
82.0,22.0
81.0,14.0
79.0,13.0
119.0,6.0
138.0,4.0
148.0,3.0
173.0,5.0
194.0,12.0
188.0,11.0
162.0,5.0
164.0,5.0
188.0,5.0
140.0,2.0
157.0,2.0
190.0,3.0
158.0,5.0
135.0,3.0
144.0,5.0
152.0,8.0
180.0,3.0
165.0,2.0
153.0,5.0
220.0,13.0
179.0,17.0
188.0,8.0
200.0,29.0
175.0,16.0
178.0,9.0
186.0,9.0
152.0,6.0
183.0,6.0
203.0,2.0
198.0,7.0
219.0,3.0
219.0,4.0
212.0,5.0
202.0,12.0
246.0,13.0
216.0,9.0
214.0,9.0
202.0,7.0
200.0,13.0
205.0,1.0
213.0,4.0
200.0,8.0
183.0,3.0
179.0,2.0
240.0,10.0
204.0,12.0
208.0,8.0
172.0,17.0
225.0,18.0
204.0,4.0
226.0,8.0
195.0,8.0
199.0,2.0
209.0,1.0
207.0,7.0
212.0,4.0
205.0,2.0
196.0,3.0
246.0,4.0
230.0,4.0
207.0,3.0
248.0,4.0
183.0,6.0
188.0,5.0
188.0,5.0
176.0,6.0
186.0,5.0
199.0,6.0
172.0,2.0
176.0,5.0
189.0,7.0
201.0,7.0
210.0,14.0
209.0,4.0
256.0,9.0
209.0,4.0
219.0,7.0
196.0,8.0
213.0,7.0
256.0,11.0
230.0,14.0
222.0,4.0
225.0,15.0
169.0,4.0
164.0,3.0
159.0,1.0
143.0,0.0
119.0,5.0
136.0,1.0
101.0,2.0
108.0,4.0
99.0,7.0
91.0,11.0
79.0,3.0
50.0,2.0
41.0,0.0
34.0,2.0
