64.0,4.0
43.0,9.0
46.0,6.0
40.0,16.0
39.0,8.0
27.0,1.0
48.0,4.0
32.0,5.0
32.0,8.0
31.0,8.0
35.0,11.0
32.0,3.0
27.0,7.0
19.0,3.0
19.0,5.0
25.0,3.0
27.0,3.0
25.0,2.0
25.0,3.0
21.0,11.0
23.0,26.0
19.0,10.0
21.0,15.0
17.0,6.0
17.0,4.0
12.0,8.0
20.0,10.0
25.0,8.0
20.0,9.0
14.0,7.0
11.0,23.0
7.0,9.0
7.0,6.0
8.0,0.0
6.0,3.0
7.0,4.0
6.0,10.0
10.0,4.0
6.0,9.0
20.0,1.0
29.0,8.0
46.0,0.0
68.0,6.0
86.0,19.0
58.0,23.0
91.0,68.0
92.0,115.0
119.0,103.0
131.0,112.0
130.0,73.0
127.0,46.0
165.0,28.0
181.0,33.0
154.0,10.0
145.0,6.0
153.0,3.0
165.0,3.0
125.0,1.0
102.0,5.0
95.0,2.0
92.0,2.0
102.0,4.0
95.0,3.0
88.0,7.0
86.0,3.0
89.0,4.0
97.0,4.0
101.0,3.0
93.0,1.0
95.0,2.0
111.0,2.0
109.0,5.0
118.0,5.0
110.0,5.0
106.0,2.0
122.0,6.0
113.0,7.0
113.0,4.0
139.0,17.0
114.0,10.0
123.0,10.0
119.0,6.0
122.0,3.0
116.0,6.0
130.0,4.0
127.0,11.0
117.0,5.0
122.0,12.0
138.0,11.0
113.0,11.0
124.0,11.0
107.0,51.0
111.0,88.0
160.0,2.0
148.0,1.0
148.0,8.0
152.0,6.0
117.0,6.0
153.0,3.0
173.0,4.0
152.0,13.0
212.0,28.0
247.0,135.0
219.0,158.0
225.0,162.0
232.0,443.0
195.0,375.0
184.0,219.0
217.0,287.0
227.0,250.0
206.0,108.0
217.0,15.0
188.0,4.0
187.0,7.0
155.0,10.0
139.0,8.0
168.0,11.0
146.0,7.0
148.0,9.0
164.0,13.0
168.0,5.0
163.0,5.0
153.0,7.0
202.0,15.0
160.0,27.0
137.0,19.0
150.0,30.0
146.0,52.0
146.0,72.0
144.0,63.0
143.0,52.0
124.0,13.0
133.0,15.0
116.0,7.0
83.0,3.0
102.0,5.0
76.0,4.0
79.0,3.0
54.0,2.0
70.0,2.0
74.0,4.0
57.0,3.0
65.0,9.0
67.0,2.0
