33.0,21.0
39.0,14.0
28.0,16.0
18.0,13.0
32.0,1.0
17.0,4.0
24.0,18.0
11.0,3.0
11.0,1.0
17.0,1.0
10.0,5.0
15.0,5.0
10.0,4.0
13.0,7.0
7.0,6.0
9.0,1.0
5.0,0.0
6.0,2.0
4.0,2.0
5.0,1.0
3.0,1.0
6.0,0.0
2.0,5.0
1.0,2.0
2.0,5.0
1.0,2.0
1.0,2.0
3.0,0.0
1.0,1.0
0.0,1.0
0.0,0.0
1.0,0.0
1.0,0.0
1.0,0.0
1.0,3.0
3.0,0.0
3.0,2.0
2.0,4.0
2.0,5.0
19.0,10.0
20.0,20.0
26.0,19.0
34.0,25.0
56.0,12.0
56.0,23.0
87.0,21.0
104.0,15.0
100.0,10.0
112.0,14.0
119.0,24.0
112.0,20.0
112.0,13.0
104.0,15.0
74.0,13.0
44.0,9.0
35.0,14.0
38.0,2.0
30.0,12.0
52.0,4.0
33.0,1.0
29.0,5.0
25.0,3.0
20.0,9.0
43.0,2.0
29.0,5.0
33.0,4.0
34.0,5.0
37.0,8.0
31.0,5.0
47.0,3.0
36.0,9.0
42.0,9.0
50.0,8.0
43.0,7.0
54.0,6.0
39.0,19.0
55.0,1.0
47.0,5.0
48.0,5.0
38.0,9.0
54.0,6.0
28.0,16.0
45.0,11.0
43.0,8.0
45.0,3.0
38.0,2.0
41.0,7.0
43.0,10.0
46.0,6.0
65.0,3.0
36.0,10.0
47.0,7.0
47.0,7.0
55.0,10.0
53.0,13.0
47.0,9.0
50.0,12.0
66.0,12.0
68.0,11.0
67.0,15.0
70.0,9.0
75.0,5.0
105.0,12.0
96.0,7.0
97.0,7.0
84.0,7.0
75.0,4.0
59.0,5.0
61.0,0.0
64.0,3.0
65.0,3.0
53.0,7.0
74.0,3.0
58.0,3.0
45.0,0.0
43.0,5.0
42.0,3.0
36.0,2.0
52.0,0.0
52.0,3.0
49.0,2.0
46.0,4.0
44.0,5.0
47.0,2.0
37.0,3.0
41.0,4.0
47.0,9.0
52.0,7.0
45.0,3.0
67.0,3.0
46.0,5.0
43.0,1.0
45.0,7.0
40.0,1.0
31.0,0.0
35.0,0.0
35.0,0.0
39.0,1.0
34.0,4.0
27.0,4.0
33.0,1.0
30.0,3.0
32.0,21.0
23.0,32.0
