62.0,14.0
45.0,13.0
45.0,8.0
43.0,12.0
50.0,3.0
32.0,8.0
44.0,10.0
35.0,1.0
41.0,9.0
12.0,4.0
32.0,4.0
31.0,6.0
26.0,2.0
25.0,1.0
17.0,2.0
16.0,1.0
16.0,4.0
13.0,2.0
13.0,0.0
18.0,4.0
11.0,6.0
7.0,1.0
8.0,1.0
6.0,0.0
9.0,4.0
6.0,0.0
6.0,0.0
4.0,2.0
5.0,0.0
6.0,1.0
5.0,1.0
5.0,2.0
4.0,0.0
4.0,0.0
7.0,4.0
9.0,4.0
6.0,8.0
9.0,4.0
10.0,0.0
16.0,0.0
35.0,4.0
34.0,6.0
58.0,2.0
85.0,3.0
101.0,2.0
124.0,4.0
127.0,1.0
135.0,4.0
143.0,3.0
138.0,5.0
151.0,9.0
155.0,8.0
135.0,4.0
119.0,5.0
101.0,0.0
93.0,3.0
86.0,2.0
71.0,0.0
74.0,1.0
70.0,3.0
72.0,2.0
67.0,2.0
68.0,2.0
79.0,3.0
74.0,0.0
70.0,1.0
80.0,0.0
75.0,1.0
71.0,1.0
82.0,2.0
80.0,4.0
72.0,1.0
67.0,1.0
73.0,2.0
73.0,3.0
95.0,1.0
86.0,1.0
89.0,4.0
94.0,4.0
106.0,2.0
84.0,0.0
111.0,3.0
103.0,1.0
83.0,1.0
84.0,1.0
81.0,0.0
81.0,2.0
90.0,0.0
108.0,5.0
105.0,1.0
123.0,3.0
83.0,2.0
105.0,4.0
93.0,3.0
96.0,3.0
114.0,3.0
120.0,2.0
116.0,4.0
120.0,2.0
124.0,3.0
133.0,3.0
134.0,8.0
147.0,2.0
154.0,4.0
171.0,1.0
139.0,5.0
139.0,6.0
135.0,7.0
160.0,3.0
161.0,7.0
166.0,4.0
144.0,5.0
119.0,4.0
112.0,2.0
91.0,1.0
101.0,4.0
108.0,6.0
100.0,2.0
122.0,6.0
113.0,4.0
116.0,2.0
126.0,5.0
121.0,2.0
156.0,11.0
140.0,4.0
117.0,5.0
155.0,11.0
129.0,7.0
138.0,4.0
126.0,6.0
139.0,0.0
118.0,2.0
123.0,3.0
97.0,4.0
105.0,3.0
83.0,1.0
77.0,3.0
75.0,2.0
73.0,2.0
79.0,2.0
50.0,2.0
75.0,6.0
72.0,5.0
67.0,3.0
