34.0,3.0
44.0,2.0
21.0,4.0
34.0,6.0
33.0,3.0
33.0,2.0
22.0,2.0
27.0,2.0
15.0,1.0
21.0,3.0
17.0,2.0
21.0,0.0
19.0,2.0
7.0,1.0
12.0,0.0
11.0,0.0
7.0,0.0
11.0,0.0
10.0,1.0
11.0,2.0
12.0,0.0
5.0,1.0
8.0,0.0
3.0,0.0
6.0,7.0
4.0,4.0
5.0,1.0
2.0,2.0
2.0,3.0
5.0,3.0
5.0,3.0
5.0,5.0
8.0,4.0
5.0,0.0
9.0,1.0
5.0,0.0
8.0,6.0
7.0,4.0
11.0,5.0
14.0,0.0
23.0,2.0
21.0,6.0
40.0,3.0
34.0,2.0
46.0,5.0
62.0,2.0
81.0,2.0
65.0,4.0
111.0,11.0
90.0,11.0
87.0,1.0
114.0,2.0
85.0,2.0
70.0,4.0
65.0,2.0
65.0,0.0
62.0,3.0
59.0,0.0
58.0,0.0
52.0,0.0
69.0,0.0
56.0,1.0
83.0,6.0
58.0,1.0
55.0,2.0
46.0,0.0
63.0,1.0
61.0,2.0
78.0,1.0
72.0,0.0
68.0,2.0
77.0,1.0
70.0,2.0
74.0,1.0
79.0,1.0
90.0,3.0
80.0,5.0
78.0,1.0
79.0,4.0
86.0,5.0
73.0,16.0
68.0,3.0
83.0,4.0
58.0,2.0
72.0,2.0
69.0,6.0
59.0,2.0
69.0,7.0
68.0,1.0
92.0,3.0
62.0,2.0
67.0,2.0
74.0,6.0
68.0,3.0
74.0,3.0
69.0,2.0
74.0,1.0
68.0,1.0
91.0,1.0
76.0,2.0
85.0,0.0
106.0,0.0
114.0,1.0
106.0,3.0
92.0,4.0
160.0,3.0
113.0,9.0
105.0,4.0
100.0,5.0
103.0,2.0
97.0,2.0
98.0,3.0
96.0,3.0
85.0,0.0
67.0,2.0
73.0,2.0
79.0,3.0
66.0,2.0
69.0,0.0
64.0,0.0
68.0,1.0
81.0,5.0
81.0,5.0
78.0,4.0
98.0,0.0
86.0,1.0
94.0,6.0
65.0,6.0
89.0,3.0
99.0,2.0
90.0,3.0
92.0,3.0
92.0,8.0
96.0,15.0
82.0,16.0
93.0,12.0
86.0,2.0
62.0,2.0
77.0,3.0
69.0,11.0
62.0,8.0
52.0,2.0
58.0,1.0
47.0,2.0
