18.0,0.0
29.0,6.0
22.0,0.0
23.0,3.0
23.0,3.0
18.0,0.0
26.0,2.0
8.0,1.0
22.0,2.0
14.0,2.0
12.0,3.0
14.0,3.0
10.0,6.0
11.0,7.0
7.0,2.0
8.0,0.0
4.0,1.0
5.0,1.0
8.0,1.0
5.0,0.0
4.0,1.0
1.0,0.0
3.0,1.0
1.0,0.0
7.0,0.0
3.0,0.0
0.0,0.0
3.0,1.0
2.0,0.0
5.0,1.0
5.0,2.0
3.0,4.0
5.0,2.0
5.0,8.0
1.0,6.0
2.0,2.0
6.0,8.0
6.0,5.0
10.0,3.0
49.0,2.0
34.0,0.0
55.0,4.0
100.0,2.0
134.0,7.0
164.0,49.0
163.0,190.0
173.0,222.0
181.0,225.0
191.0,172.0
180.0,129.0
175.0,96.0
178.0,110.0
156.0,101.0
219.0,58.0
214.0,54.0
200.0,116.0
163.0,84.0
110.0,108.0
109.0,96.0
97.0,67.0
74.0,57.0
65.0,42.0
90.0,34.0
73.0,14.0
77.0,15.0
65.0,22.0
71.0,15.0
64.0,22.0
62.0,17.0
77.0,28.0
76.0,16.0
64.0,10.0
77.0,5.0
92.0,6.0
80.0,7.0
75.0,8.0
67.0,9.0
75.0,8.0
95.0,25.0
82.0,19.0
84.0,21.0
79.0,22.0
66.0,7.0
77.0,4.0
65.0,8.0
52.0,5.0
93.0,6.0
84.0,5.0
68.0,5.0
78.0,2.0
70.0,4.0
60.0,4.0
82.0,1.0
62.0,0.0
63.0,1.0
76.0,2.0
82.0,4.0
71.0,4.0
83.0,2.0
87.0,9.0
89.0,9.0
83.0,2.0
116.0,4.0
117.0,3.0
108.0,2.0
114.0,8.0
117.0,12.0
110.0,10.0
119.0,7.0
99.0,2.0
75.0,5.0
72.0,3.0
84.0,4.0
95.0,2.0
98.0,4.0
75.0,1.0
85.0,5.0
70.0,1.0
97.0,1.0
75.0,3.0
93.0,2.0
63.0,3.0
68.0,7.0
69.0,5.0
68.0,4.0
73.0,3.0
70.0,7.0
77.0,5.0
65.0,11.0
50.0,1.0
61.0,5.0
76.0,4.0
66.0,2.0
62.0,9.0
39.0,3.0
34.0,3.0
35.0,0.0
49.0,0.0
37.0,3.0
49.0,2.0
42.0,4.0
25.0,0.0
34.0,4.0
32.0,1.0
