53.0,10.0
50.0,15.0
48.0,29.0
32.0,33.0
39.0,27.0
34.0,24.0
31.0,20.0
30.0,17.0
29.0,12.0
35.0,16.0
19.0,19.0
18.0,22.0
26.0,26.0
32.0,14.0
15.0,8.0
24.0,6.0
24.0,8.0
19.0,7.0
15.0,1.0
19.0,10.0
14.0,9.0
13.0,10.0
16.0,13.0
17.0,33.0
17.0,12.0
17.0,14.0
16.0,25.0
13.0,13.0
14.0,11.0
11.0,14.0
6.0,9.0
13.0,3.0
10.0,10.0
5.0,4.0
6.0,3.0
7.0,3.0
7.0,11.0
6.0,6.0
2.0,8.0
12.0,0.0
32.0,2.0
54.0,1.0
70.0,5.0
73.0,10.0
87.0,31.0
86.0,73.0
106.0,96.0
103.0,74.0
119.0,133.0
140.0,101.0
151.0,66.0
163.0,52.0
148.0,43.0
151.0,16.0
152.0,7.0
136.0,2.0
107.0,4.0
117.0,2.0
151.0,4.0
130.0,4.0
93.0,1.0
97.0,3.0
95.0,1.0
91.0,0.0
89.0,3.0
92.0,1.0
65.0,5.0
88.0,0.0
105.0,1.0
116.0,2.0
91.0,5.0
117.0,4.0
97.0,2.0
107.0,7.0
110.0,3.0
113.0,2.0
107.0,2.0
115.0,4.0
117.0,4.0
106.0,2.0
120.0,3.0
136.0,7.0
120.0,3.0
107.0,4.0
96.0,2.0
109.0,3.0
103.0,6.0
117.0,1.0
109.0,6.0
115.0,1.0
123.0,2.0
111.0,15.0
115.0,50.0
111.0,1.0
127.0,8.0
127.0,1.0
130.0,2.0
128.0,1.0
132.0,4.0
139.0,4.0
160.0,4.0
196.0,6.0
246.0,7.0
236.0,31.0
200.0,54.0
249.0,153.0
203.0,95.0
192.0,147.0
238.0,196.0
231.0,163.0
210.0,9.0
184.0,8.0
163.0,3.0
154.0,8.0
164.0,1.0
159.0,7.0
151.0,6.0
134.0,8.0
148.0,6.0
156.0,12.0
149.0,4.0
159.0,6.0
163.0,3.0
159.0,4.0
153.0,8.0
149.0,7.0
168.0,6.0
151.0,29.0
136.0,91.0
162.0,83.0
129.0,18.0
138.0,15.0
142.0,15.0
142.0,25.0
88.0,3.0
106.0,4.0
91.0,3.0
63.0,2.0
68.0,2.0
60.0,2.0
69.0,1.0
48.0,6.0
55.0,1.0
52.0,8.0
