4.0,0.0
5.0,0.0
0.0,0.0
0.0,0.0
0.0,0.0
1.0,0.0
0.0,0.0
2.0,0.0
1.0,0.0
0.0,0.0
0.0,0.0
0.0,0.0
0.0,0.0
0.0,0.0
0.0,1.0
0.0,0.0
0.0,0.0
0.0,0.0
0.0,0.0
0.0,0.0
0.0,0.0
0.0,0.0
0.0,0.0
0.0,0.0
0.0,0.0
0.0,0.0
0.0,0.0
0.0,0.0
0.0,0.0
0.0,0.0
0.0,0.0
0.0,0.0
0.0,0.0
0.0,0.0
0.0,0.0
0.0,0.0
0.0,0.0
0.0,1.0
3.0,1.0
2.0,1.0
3.0,0.0
4.0,1.0
8.0,0.0
10.0,0.0
8.0,0.0
14.0,1.0
21.0,2.0
23.0,0.0
29.0,1.0
28.0,7.0
29.0,9.0
29.0,19.0
38.0,13.0
24.0,8.0
21.0,11.0
19.0,4.0
14.0,12.0
12.0,9.0
11.0,21.0
11.0,15.0
18.0,11.0
12.0,0.0
8.0,4.0
4.0,0.0
11.0,0.0
10.0,0.0
5.0,0.0
5.0,1.0
8.0,1.0
7.0,1.0
8.0,1.0
13.0,1.0
12.0,4.0
3.0,0.0
11.0,0.0
8.0,0.0
6.0,3.0
10.0,10.0
8.0,5.0
13.0,2.0
10.0,1.0
7.0,1.0
11.0,0.0
7.0,0.0
7.0,0.0
6.0,0.0
5.0,1.0
9.0,7.0
7.0,0.0
3.0,1.0
9.0,5.0
10.0,3.0
13.0,1.0
15.0,1.0
8.0,1.0
9.0,0.0
9.0,0.0
7.0,0.0
8.0,1.0
15.0,0.0
14.0,0.0
11.0,0.0
23.0,0.0
11.0,0.0
16.0,1.0
32.0,2.0
13.0,1.0
22.0,0.0
33.0,1.0
29.0,1.0
20.0,0.0
29.0,1.0
22.0,0.0
14.0,1.0
20.0,4.0
21.0,2.0
12.0,2.0
10.0,0.0
13.0,0.0
13.0,0.0
21.0,1.0
12.0,0.0
9.0,0.0
22.0,0.0
15.0,1.0
10.0,0.0
11.0,0.0
8.0,6.0
15.0,6.0
4.0,0.0
3.0,0.0
6.0,2.0
13.0,0.0
5.0,0.0
7.0,0.0
5.0,0.0
4.0,0.0
4.0,0.0
3.0,0.0
0.0,0.0
5.0,1.0
4.0,1.0
6.0,1.0
1.0,0.0
