191.0,157.0
183.0,134.0
134.0,112.0
146.0,137.0
155.0,134.0
122.0,84.0
110.0,86.0
105.0,88.0
91.0,50.0
90.0,48.0
72.0,64.0
75.0,59.0
65.0,69.0
60.0,68.0
51.0,69.0
48.0,73.0
41.0,69.0
38.0,55.0
35.0,73.0
28.0,72.0
31.0,62.0
27.0,58.0
20.0,46.0
29.0,38.0
22.0,27.0
21.0,31.0
22.0,30.0
26.0,21.0
28.0,21.0
22.0,9.0
29.0,6.0
19.0,8.0
18.0,7.0
29.0,17.0
23.0,16.0
24.0,4.0
23.0,11.0
24.0,9.0
30.0,26.0
43.0,7.0
69.0,2.0
42.0,2.0
75.0,5.0
70.0,1.0
86.0,5.0
122.0,3.0
112.0,3.0
110.0,3.0
155.0,1.0
154.0,3.0
160.0,4.0
202.0,3.0
202.0,10.0
188.0,9.0
243.0,6.0
239.0,5.0
289.0,8.0
291.0,11.0
290.0,10.0
295.0,10.0
324.0,8.0
323.0,17.0
323.0,13.0
331.0,7.0
347.0,14.0
341.0,14.0
364.0,14.0
376.0,16.0
397.0,11.0
351.0,9.0
370.0,13.0
373.0,10.0
405.0,10.0
403.0,12.0
413.0,13.0
406.0,14.0
403.0,11.0
407.0,3.0
458.0,13.0
434.0,18.0
504.0,29.0
455.0,22.0
510.0,13.0
570.0,18.0
569.0,18.0
547.0,31.0
601.0,30.0
595.0,26.0
598.0,31.0
582.0,33.0
627.0,41.0
607.0,59.0
586.0,93.0
604.0,30.0
596.0,35.0
645.0,39.0
695.0,28.0
681.0,41.0
675.0,34.0
664.0,31.0
688.0,54.0
781.0,84.0
738.0,103.0
726.0,106.0
707.0,70.0
693.0,38.0
664.0,49.0
570.0,24.0
548.0,17.0
576.0,23.0
509.0,16.0
508.0,24.0
512.0,19.0
488.0,21.0
519.0,15.0
547.0,16.0
527.0,17.0
509.0,32.0
560.0,42.0
462.0,118.0
613.0,29.0
567.0,28.0
613.0,32.0
620.0,29.0
598.0,29.0
596.0,26.0
594.0,46.0
679.0,71.0
625.0,64.0
580.0,48.0
550.0,104.0
535.0,70.0
567.0,156.0
520.0,155.0
430.0,98.0
438.0,114.0
405.0,56.0
362.0,65.0
293.0,96.0
241.0,130.0
217.0,111.0
195.0,131.0
195.0,208.0
153.0,193.0
