87.0,2.0
65.0,4.0
71.0,4.0
57.0,0.0
44.0,2.0
56.0,1.0
39.0,1.0
48.0,1.0
49.0,6.0
42.0,4.0
34.0,6.0
26.0,2.0
27.0,1.0
20.0,1.0
34.0,2.0
20.0,1.0
25.0,1.0
14.0,1.0
15.0,4.0
10.0,0.0
10.0,1.0
16.0,0.0
7.0,0.0
12.0,1.0
11.0,2.0
11.0,1.0
15.0,1.0
8.0,1.0
11.0,10.0
8.0,13.0
7.0,7.0
5.0,9.0
6.0,9.0
8.0,10.0
8.0,24.0
15.0,21.0
6.0,40.0
12.0,58.0
13.0,32.0
21.0,29.0
21.0,16.0
27.0,8.0
48.0,7.0
47.0,9.0
49.0,6.0
51.0,1.0
62.0,2.0
50.0,1.0
53.0,3.0
55.0,1.0
64.0,1.0
59.0,0.0
67.0,0.0
58.0,5.0
45.0,1.0
65.0,3.0
63.0,3.0
52.0,1.0
70.0,4.0
79.0,4.0
78.0,0.0
73.0,4.0
73.0,1.0
69.0,13.0
53.0,6.0
71.0,6.0
51.0,12.0
59.0,11.0
66.0,20.0
53.0,18.0
63.0,26.0
65.0,20.0
64.0,16.0
73.0,20.0
73.0,17.0
83.0,20.0
72.0,13.0
77.0,29.0
67.0,11.0
73.0,7.0
65.0,9.0
74.0,7.0
85.0,13.0
86.0,15.0
103.0,21.0
74.0,23.0
89.0,9.0
77.0,11.0
80.0,26.0
85.0,5.0
82.0,11.0
78.0,22.0
81.0,19.0
101.0,1.0
102.0,6.0
72.0,2.0
72.0,3.0
81.0,2.0
85.0,2.0
90.0,4.0
114.0,2.0
79.0,4.0
124.0,3.0
108.0,6.0
117.0,2.0
103.0,5.0
118.0,6.0
106.0,3.0
112.0,3.0
90.0,8.0
81.0,3.0
93.0,4.0
85.0,2.0
85.0,2.0
85.0,6.0
80.0,4.0
77.0,6.0
95.0,3.0
93.0,3.0
106.0,3.0
71.0,3.0
57.0,1.0
81.0,1.0
92.0,6.0
72.0,7.0
89.0,1.0
80.0,2.0
83.0,0.0
71.0,2.0
82.0,2.0
79.0,0.0
63.0,2.0
88.0,3.0
56.0,0.0
66.0,3.0
55.0,0.0
47.0,1.0
51.0,0.0
37.0,0.0
34.0,3.0
51.0,3.0
28.0,5.0
43.0,2.0
42.0,4.0
