32.0,4.0
26.0,0.0
23.0,1.0
21.0,0.0
28.0,3.0
30.0,2.0
33.0,2.0
23.0,0.0
12.0,0.0
27.0,0.0
13.0,1.0
12.0,0.0
5.0,0.0
19.0,3.0
13.0,2.0
14.0,0.0
7.0,0.0
3.0,0.0
5.0,0.0
4.0,0.0
10.0,0.0
6.0,0.0
5.0,0.0
2.0,0.0
1.0,1.0
8.0,1.0
2.0,2.0
3.0,0.0
4.0,0.0
2.0,1.0
2.0,2.0
4.0,0.0
7.0,10.0
3.0,0.0
3.0,0.0
2.0,1.0
10.0,4.0
10.0,10.0
11.0,8.0
51.0,2.0
39.0,2.0
60.0,3.0
97.0,5.0
104.0,24.0
115.0,35.0
118.0,74.0
151.0,148.0
146.0,322.0
149.0,380.0
149.0,246.0
150.0,240.0
184.0,197.0
209.0,206.0
226.0,136.0
241.0,206.0
257.0,191.0
263.0,111.0
216.0,75.0
177.0,72.0
162.0,31.0
121.0,4.0
105.0,3.0
91.0,4.0
97.0,6.0
83.0,3.0
80.0,1.0
81.0,0.0
73.0,2.0
73.0,9.0
102.0,10.0
104.0,6.0
88.0,7.0
97.0,5.0
83.0,4.0
91.0,5.0
106.0,1.0
102.0,8.0
105.0,11.0
119.0,22.0
126.0,35.0
112.0,37.0
100.0,53.0
107.0,21.0
112.0,7.0
113.0,20.0
98.0,9.0
93.0,3.0
94.0,10.0
107.0,16.0
96.0,14.0
111.0,10.0
114.0,28.0
86.0,84.0
127.0,7.0
105.0,3.0
110.0,5.0
137.0,4.0
108.0,1.0
118.0,2.0
140.0,2.0
141.0,6.0
173.0,2.0
190.0,8.0
184.0,3.0
192.0,5.0
262.0,9.0
217.0,9.0
212.0,18.0
247.0,19.0
255.0,29.0
207.0,11.0
183.0,9.0
178.0,2.0
181.0,4.0
155.0,8.0
145.0,4.0
126.0,3.0
115.0,4.0
135.0,1.0
163.0,4.0
156.0,7.0
149.0,2.0
130.0,5.0
135.0,2.0
148.0,2.0
132.0,6.0
163.0,5.0
185.0,4.0
155.0,4.0
126.0,4.0
163.0,3.0
133.0,5.0
126.0,6.0
125.0,6.0
88.0,1.0
89.0,3.0
67.0,2.0
66.0,2.0
53.0,2.0
46.0,0.0
41.0,1.0
47.0,1.0
34.0,1.0
38.0,1.0
