3.0,0.0
2.0,1.0
0.0,1.0
0.0,1.0
0.0,0.0
0.0,0.0
0.0,0.0
0.0,0.0
1.0,0.0
0.0,0.0
0.0,0.0
0.0,0.0
0.0,1.0
0.0,0.0
0.0,0.0
0.0,1.0
1.0,0.0
0.0,0.0
0.0,0.0
0.0,0.0
0.0,0.0
0.0,0.0
0.0,0.0
0.0,0.0
0.0,0.0
0.0,0.0
0.0,0.0
0.0,0.0
0.0,0.0
0.0,0.0
0.0,0.0
0.0,0.0
0.0,0.0
0.0,0.0
0.0,0.0
1.0,2.0
0.0,4.0
0.0,2.0
0.0,0.0
4.0,0.0
4.0,0.0
4.0,0.0
3.0,0.0
7.0,0.0
2.0,0.0
16.0,0.0
13.0,0.0
20.0,2.0
19.0,3.0
37.0,0.0
50.0,0.0
61.0,0.0
72.0,5.0
53.0,1.0
39.0,0.0
47.0,2.0
31.0,1.0
31.0,4.0
22.0,3.0
14.0,4.0
13.0,1.0
7.0,4.0
6.0,1.0
9.0,0.0
8.0,0.0
5.0,2.0
7.0,0.0
8.0,0.0
8.0,2.0
9.0,2.0
7.0,0.0
10.0,1.0
10.0,0.0
12.0,2.0
8.0,0.0
4.0,1.0
7.0,0.0
8.0,0.0
15.0,3.0
16.0,5.0
12.0,0.0
11.0,1.0
15.0,1.0
3.0,0.0
5.0,0.0
10.0,0.0
13.0,0.0
6.0,0.0
7.0,1.0
9.0,0.0
6.0,0.0
4.0,2.0
13.0,0.0
8.0,1.0
11.0,1.0
15.0,0.0
11.0,0.0
8.0,0.0
21.0,1.0
11.0,0.0
7.0,1.0
16.0,0.0
16.0,1.0
15.0,0.0
11.0,1.0
23.0,1.0
17.0,0.0
17.0,1.0
23.0,0.0
24.0,3.0
19.0,0.0
14.0,1.0
14.0,2.0
12.0,1.0
10.0,0.0
15.0,0.0
13.0,2.0
13.0,3.0
18.0,8.0
18.0,1.0
16.0,1.0
17.0,0.0
10.0,2.0
9.0,0.0
16.0,1.0
16.0,0.0
15.0,6.0
10.0,5.0
6.0,21.0
14.0,14.0
10.0,4.0
5.0,1.0
7.0,3.0
15.0,3.0
6.0,0.0
8.0,1.0
8.0,0.0
8.0,0.0
11.0,0.0
6.0,0.0
4.0,0.0
6.0,0.0
3.0,0.0
4.0,0.0
