39.0,2.0
24.0,2.0
32.0,2.0
30.0,0.0
27.0,1.0
15.0,1.0
17.0,2.0
22.0,1.0
17.0,0.0
18.0,0.0
12.0,0.0
11.0,3.0
13.0,1.0
7.0,2.0
9.0,2.0
3.0,0.0
11.0,2.0
11.0,2.0
8.0,0.0
6.0,0.0
4.0,5.0
4.0,0.0
6.0,1.0
7.0,1.0
4.0,1.0
3.0,0.0
2.0,2.0
0.0,3.0
1.0,2.0
5.0,2.0
2.0,2.0
1.0,1.0
4.0,2.0
2.0,1.0
3.0,7.0
4.0,7.0
6.0,7.0
6.0,6.0
9.0,4.0
9.0,0.0
9.0,0.0
26.0,0.0
25.0,0.0
22.0,0.0
34.0,0.0
59.0,1.0
59.0,1.0
63.0,2.0
66.0,2.0
64.0,9.0
69.0,9.0
67.0,7.0
77.0,5.0
76.0,2.0
64.0,0.0
64.0,2.0
82.0,5.0
69.0,26.0
68.0,45.0
81.0,26.0
87.0,11.0
81.0,28.0
74.0,25.0
67.0,32.0
75.0,46.0
62.0,42.0
77.0,63.0
62.0,44.0
61.0,46.0
65.0,53.0
73.0,70.0
82.0,50.0
74.0,39.0
83.0,55.0
82.0,47.0
77.0,71.0
89.0,77.0
73.0,53.0
71.0,58.0
70.0,85.0
73.0,136.0
78.0,148.0
77.0,122.0
66.0,130.0
93.0,104.0
77.0,31.0
89.0,38.0
85.0,28.0
66.0,17.0
92.0,6.0
71.0,7.0
60.0,3.0
59.0,8.0
57.0,3.0
73.0,6.0
73.0,6.0
77.0,6.0
66.0,1.0
87.0,6.0
77.0,4.0
67.0,7.0
87.0,0.0
79.0,2.0
93.0,1.0
105.0,6.0
79.0,3.0
81.0,6.0
88.0,3.0
91.0,6.0
77.0,2.0
75.0,4.0
88.0,7.0
87.0,4.0
80.0,4.0
85.0,3.0
89.0,2.0
81.0,6.0
85.0,3.0
76.0,4.0
64.0,6.0
79.0,4.0
68.0,4.0
72.0,4.0
68.0,4.0
82.0,4.0
76.0,3.0
75.0,6.0
73.0,2.0
65.0,4.0
68.0,2.0
53.0,3.0
73.0,0.0
69.0,6.0
56.0,2.0
65.0,6.0
48.0,3.0
36.0,2.0
35.0,0.0
32.0,4.0
32.0,3.0
57.0,7.0
40.0,4.0
26.0,5.0
38.0,1.0
