54.0,1.0
36.0,0.0
40.0,3.0
31.0,2.0
42.0,7.0
31.0,3.0
35.0,5.0
30.0,9.0
32.0,2.0
26.0,3.0
25.0,1.0
20.0,1.0
25.0,2.0
21.0,2.0
22.0,2.0
10.0,0.0
24.0,1.0
13.0,0.0
13.0,2.0
12.0,1.0
9.0,2.0
17.0,1.0
9.0,0.0
10.0,0.0
7.0,0.0
11.0,1.0
8.0,0.0
5.0,0.0
6.0,1.0
4.0,0.0
7.0,4.0
5.0,1.0
4.0,1.0
4.0,1.0
4.0,3.0
14.0,6.0
11.0,4.0
11.0,0.0
13.0,5.0
26.0,1.0
28.0,1.0
49.0,3.0
63.0,2.0
95.0,2.0
122.0,5.0
139.0,1.0
140.0,1.0
154.0,3.0
152.0,10.0
150.0,19.0
167.0,9.0
164.0,8.0
136.0,3.0
109.0,5.0
95.0,2.0
94.0,6.0
88.0,3.0
101.0,1.0
94.0,2.0
85.0,1.0
74.0,3.0
85.0,3.0
88.0,1.0
79.0,4.0
84.0,0.0
77.0,4.0
79.0,3.0
81.0,0.0
82.0,0.0
98.0,3.0
90.0,4.0
72.0,3.0
82.0,3.0
66.0,1.0
102.0,0.0
91.0,3.0
91.0,5.0
85.0,3.0
77.0,2.0
101.0,3.0
99.0,2.0
107.0,3.0
104.0,3.0
114.0,4.0
78.0,2.0
97.0,0.0
109.0,2.0
93.0,0.0
98.0,2.0
107.0,5.0
101.0,5.0
104.0,3.0
114.0,3.0
89.0,3.0
108.0,1.0
114.0,1.0
118.0,4.0
133.0,4.0
109.0,9.0
170.0,1.0
139.0,6.0
145.0,5.0
188.0,9.0
192.0,5.0
162.0,2.0
148.0,3.0
125.0,5.0
132.0,4.0
153.0,0.0
131.0,3.0
112.0,5.0
126.0,3.0
106.0,1.0
137.0,2.0
106.0,5.0
106.0,5.0
99.0,2.0
111.0,5.0
129.0,3.0
128.0,1.0
132.0,6.0
152.0,5.0
159.0,3.0
123.0,2.0
126.0,7.0
111.0,3.0
145.0,1.0
159.0,2.0
116.0,3.0
124.0,4.0
107.0,3.0
115.0,3.0
81.0,3.0
92.0,3.0
89.0,3.0
82.0,1.0
64.0,2.0
76.0,1.0
65.0,1.0
67.0,1.0
51.0,3.0
54.0,2.0
60.0,2.0
54.0,2.0
