210.0,36.0
170.0,78.0
163.0,79.0
137.0,59.0
125.0,34.0
111.0,49.0
119.0,60.0
85.0,93.0
92.0,65.0
100.0,55.0
93.0,53.0
100.0,48.0
90.0,51.0
73.0,164.0
53.0,80.0
62.0,55.0
62.0,23.0
58.0,15.0
62.0,32.0
47.0,15.0
32.0,18.0
53.0,50.0
47.0,38.0
44.0,24.0
37.0,18.0
34.0,10.0
33.0,15.0
34.0,27.0
26.0,19.0
27.0,22.0
17.0,10.0
31.0,2.0
24.0,5.0
27.0,8.0
26.0,3.0
26.0,10.0
22.0,3.0
32.0,12.0
33.0,12.0
35.0,4.0
58.0,5.0
66.0,3.0
89.0,0.0
101.0,2.0
158.0,3.0
163.0,2.0
152.0,5.0
205.0,6.0
240.0,10.0
245.0,8.0
294.0,4.0
285.0,3.0
285.0,8.0
260.0,3.0
262.0,5.0
276.0,12.0
298.0,11.0
308.0,3.0
300.0,12.0
285.0,7.0
307.0,6.0
279.0,4.0
305.0,7.0
299.0,8.0
310.0,11.0
310.0,7.0
355.0,9.0
337.0,7.0
349.0,7.0
396.0,11.0
379.0,8.0
398.0,5.0
384.0,16.0
380.0,9.0
452.0,8.0
433.0,8.0
414.0,10.0
450.0,14.0
405.0,16.0
464.0,12.0
494.0,12.0
509.0,18.0
503.0,16.0
544.0,19.0
568.0,14.0
480.0,12.0
529.0,22.0
541.0,17.0
544.0,16.0
511.0,19.0
476.0,21.0
511.0,22.0
579.0,16.0
557.0,18.0
612.0,29.0
588.0,219.0
698.0,32.0
616.0,18.0
628.0,24.0
665.0,12.0
656.0,18.0
654.0,23.0
733.0,27.0
758.0,21.0
650.0,25.0
744.0,27.0
659.0,17.0
537.0,21.0
583.0,12.0
520.0,20.0
440.0,12.0
453.0,19.0
429.0,11.0
471.0,10.0
456.0,12.0
453.0,16.0
412.0,14.0
423.0,12.0
435.0,9.0
489.0,9.0
598.0,17.0
605.0,34.0
629.0,44.0
601.0,84.0
596.0,95.0
560.0,81.0
551.0,158.0
589.0,251.0
519.0,220.0
524.0,197.0
495.0,169.0
470.0,337.0
457.0,585.0
442.0,497.0
441.0,176.0
381.0,85.0
294.0,51.0
300.0,13.0
256.0,26.0
227.0,109.0
229.0,151.0
205.0,137.0
231.0,135.0
162.0,72.0
