13.0,0.0
11.0,0.0
9.0,1.0
9.0,0.0
11.0,2.0
11.0,1.0
5.0,0.0
5.0,0.0
11.0,0.0
9.0,1.0
4.0,0.0
9.0,1.0
7.0,0.0
5.0,0.0
7.0,4.0
2.0,1.0
5.0,1.0
1.0,0.0
4.0,1.0
2.0,0.0
9.0,1.0
1.0,2.0
2.0,1.0
2.0,0.0
3.0,0.0
0.0,0.0
0.0,3.0
2.0,0.0
3.0,2.0
2.0,0.0
1.0,0.0
1.0,1.0
0.0,2.0
2.0,4.0
1.0,9.0
1.0,12.0
6.0,12.0
3.0,24.0
5.0,22.0
10.0,7.0
7.0,2.0
18.0,7.0
14.0,4.0
15.0,10.0
24.0,5.0
20.0,5.0
28.0,44.0
25.0,21.0
19.0,17.0
28.0,8.0
38.0,11.0
32.0,6.0
26.0,4.0
31.0,0.0
30.0,0.0
34.0,2.0
28.0,4.0
24.0,15.0
23.0,28.0
33.0,24.0
31.0,32.0
33.0,26.0
21.0,21.0
40.0,13.0
39.0,12.0
27.0,15.0
28.0,28.0
21.0,17.0
30.0,15.0
37.0,24.0
23.0,29.0
24.0,16.0
32.0,28.0
37.0,10.0
34.0,12.0
34.0,19.0
38.0,11.0
30.0,15.0
36.0,15.0
22.0,13.0
18.0,22.0
32.0,17.0
27.0,18.0
31.0,20.0
25.0,25.0
19.0,27.0
20.0,16.0
26.0,15.0
37.0,14.0
17.0,5.0
21.0,9.0
30.0,3.0
33.0,8.0
27.0,0.0
31.0,5.0
14.0,3.0
19.0,2.0
27.0,0.0
26.0,1.0
34.0,0.0
41.0,1.0
24.0,1.0
29.0,2.0
26.0,1.0
33.0,2.0
30.0,0.0
30.0,1.0
26.0,6.0
38.0,4.0
42.0,2.0
35.0,5.0
35.0,5.0
32.0,0.0
19.0,0.0
43.0,2.0
19.0,3.0
41.0,1.0
40.0,1.0
37.0,3.0
33.0,1.0
30.0,3.0
35.0,1.0
29.0,0.0
19.0,1.0
24.0,2.0
27.0,3.0
28.0,1.0
20.0,0.0
38.0,2.0
27.0,1.0
22.0,3.0
23.0,0.0
21.0,3.0
13.0,0.0
21.0,1.0
23.0,1.0
21.0,0.0
24.0,3.0
9.0,2.0
19.0,1.0
9.0,0.0
10.0,2.0
4.0,0.0
6.0,1.0
