35.0,1.0
38.0,1.0
28.0,1.0
13.0,4.0
28.0,1.0
24.0,0.0
19.0,1.0
14.0,0.0
13.0,0.0
19.0,2.0
16.0,2.0
13.0,2.0
27.0,9.0
13.0,1.0
13.0,0.0
7.0,0.0
7.0,1.0
7.0,2.0
7.0,2.0
5.0,2.0
5.0,2.0
6.0,1.0
5.0,0.0
1.0,0.0
5.0,0.0
2.0,0.0
2.0,0.0
3.0,0.0
6.0,0.0
4.0,6.0
6.0,7.0
7.0,0.0
6.0,1.0
4.0,6.0
4.0,7.0
5.0,6.0
3.0,8.0
9.0,9.0
11.0,15.0
66.0,4.0
53.0,3.0
64.0,18.0
103.0,22.0
113.0,47.0
133.0,101.0
141.0,203.0
126.0,209.0
134.0,322.0
133.0,384.0
143.0,396.0
169.0,330.0
157.0,378.0
196.0,298.0
206.0,259.0
203.0,140.0
235.0,137.0
246.0,42.0
165.0,18.0
152.0,5.0
115.0,5.0
106.0,4.0
116.0,3.0
113.0,3.0
89.0,10.0
96.0,3.0
87.0,6.0
77.0,0.0
91.0,3.0
99.0,1.0
99.0,4.0
126.0,6.0
102.0,9.0
111.0,9.0
108.0,3.0
112.0,2.0
105.0,6.0
126.0,10.0
118.0,9.0
94.0,6.0
117.0,10.0
120.0,15.0
110.0,15.0
116.0,15.0
102.0,16.0
112.0,17.0
103.0,31.0
95.0,22.0
106.0,24.0
89.0,6.0
91.0,16.0
107.0,19.0
102.0,65.0
92.0,49.0
124.0,4.0
107.0,2.0
92.0,3.0
128.0,3.0
117.0,3.0
119.0,3.0
121.0,5.0
165.0,5.0
155.0,1.0
235.0,9.0
162.0,6.0
204.0,5.0
239.0,7.0
184.0,9.0
209.0,8.0
241.0,9.0
210.0,18.0
199.0,10.0
181.0,4.0
171.0,6.0
155.0,8.0
138.0,6.0
145.0,11.0
114.0,1.0
149.0,5.0
135.0,4.0
146.0,8.0
178.0,7.0
163.0,1.0
128.0,1.0
142.0,4.0
174.0,8.0
144.0,3.0
176.0,6.0
152.0,4.0
147.0,7.0
144.0,5.0
118.0,3.0
132.0,2.0
140.0,4.0
115.0,10.0
96.0,4.0
90.0,2.0
82.0,1.0
66.0,2.0
49.0,5.0
44.0,5.0
52.0,2.0
33.0,0.0
37.0,2.0
23.0,2.0
