89.0,23.0
75.0,11.0
75.0,4.0
59.0,5.0
51.0,1.0
52.0,1.0
52.0,14.0
46.0,9.0
38.0,6.0
51.0,16.0
45.0,11.0
40.0,6.0
32.0,5.0
30.0,2.0
30.0,1.0
18.0,1.0
19.0,3.0
16.0,6.0
16.0,11.0
15.0,6.0
18.0,4.0
10.0,1.0
12.0,5.0
8.0,7.0
13.0,5.0
10.0,6.0
7.0,2.0
9.0,2.0
9.0,3.0
3.0,0.0
6.0,1.0
7.0,2.0
6.0,5.0
6.0,16.0
6.0,1.0
8.0,3.0
10.0,0.0
8.0,17.0
17.0,3.0
26.0,3.0
24.0,7.0
28.0,8.0
37.0,10.0
50.0,19.0
48.0,10.0
88.0,6.0
80.0,4.0
77.0,0.0
85.0,2.0
100.0,5.0
111.0,10.0
128.0,8.0
140.0,7.0
89.0,4.0
95.0,1.0
103.0,3.0
95.0,1.0
86.0,3.0
107.0,2.0
108.0,2.0
101.0,1.0
100.0,3.0
94.0,0.0
112.0,2.0
95.0,3.0
109.0,6.0
119.0,7.0
135.0,14.0
117.0,23.0
133.0,25.0
136.0,12.0
114.0,7.0
123.0,1.0
118.0,5.0
112.0,2.0
138.0,3.0
129.0,4.0
131.0,5.0
159.0,3.0
124.0,3.0
154.0,8.0
166.0,10.0
173.0,15.0
170.0,32.0
146.0,5.0
160.0,7.0
132.0,3.0
159.0,5.0
154.0,3.0
140.0,4.0
147.0,3.0
138.0,3.0
131.0,1.0
144.0,1.0
149.0,4.0
144.0,5.0
166.0,6.0
145.0,2.0
160.0,5.0
174.0,2.0
152.0,7.0
183.0,2.0
183.0,2.0
198.0,1.0
171.0,6.0
158.0,5.0
148.0,2.0
126.0,2.0
174.0,3.0
138.0,3.0
144.0,6.0
131.0,2.0
131.0,7.0
105.0,2.0
129.0,2.0
116.0,3.0
138.0,5.0
121.0,2.0
117.0,6.0
131.0,5.0
158.0,6.0
158.0,5.0
127.0,3.0
141.0,2.0
135.0,3.0
157.0,4.0
159.0,8.0
162.0,10.0
157.0,6.0
162.0,4.0
146.0,5.0
125.0,5.0
129.0,4.0
108.0,0.0
122.0,4.0
84.0,3.0
83.0,2.0
101.0,4.0
92.0,4.0
88.0,2.0
58.0,4.0
71.0,2.0
54.0,3.0
66.0,5.0
