33.0,4.0
26.0,2.0
26.0,2.0
34.0,4.0
27.0,3.0
28.0,11.0
19.0,6.0
20.0,1.0
11.0,4.0
14.0,0.0
12.0,2.0
13.0,2.0
9.0,0.0
8.0,1.0
5.0,0.0
18.0,1.0
10.0,2.0
12.0,2.0
9.0,1.0
11.0,0.0
8.0,0.0
9.0,0.0
3.0,2.0
8.0,1.0
4.0,0.0
0.0,2.0
4.0,1.0
2.0,6.0
7.0,0.0
5.0,0.0
4.0,2.0
4.0,0.0
4.0,2.0
3.0,5.0
4.0,4.0
4.0,3.0
8.0,8.0
7.0,13.0
10.0,3.0
20.0,4.0
25.0,0.0
40.0,0.0
54.0,2.0
57.0,3.0
102.0,2.0
115.0,3.0
128.0,24.0
130.0,89.0
129.0,171.0
144.0,149.0
155.0,104.0
178.0,110.0
137.0,106.0
137.0,40.0
121.0,11.0
98.0,21.0
87.0,3.0
77.0,0.0
79.0,1.0
72.0,5.0
59.0,2.0
77.0,2.0
57.0,1.0
60.0,2.0
63.0,0.0
57.0,4.0
60.0,1.0
61.0,2.0
47.0,0.0
58.0,2.0
59.0,3.0
45.0,1.0
61.0,1.0
55.0,2.0
53.0,3.0
52.0,3.0
62.0,2.0
60.0,1.0
67.0,1.0
70.0,4.0
70.0,2.0
60.0,5.0
48.0,3.0
56.0,1.0
75.0,4.0
62.0,4.0
61.0,4.0
48.0,2.0
70.0,2.0
48.0,1.0
66.0,0.0
60.0,3.0
70.0,3.0
79.0,5.0
73.0,2.0
76.0,0.0
67.0,1.0
78.0,1.0
79.0,0.0
81.0,6.0
81.0,3.0
97.0,2.0
116.0,3.0
85.0,2.0
108.0,4.0
157.0,2.0
112.0,5.0
130.0,7.0
145.0,9.0
142.0,6.0
126.0,3.0
111.0,4.0
102.0,2.0
81.0,3.0
92.0,1.0
100.0,3.0
87.0,3.0
88.0,0.0
84.0,4.0
75.0,4.0
84.0,3.0
95.0,4.0
76.0,2.0
95.0,1.0
85.0,1.0
82.0,1.0
95.0,2.0
100.0,1.0
76.0,2.0
90.0,2.0
75.0,1.0
73.0,2.0
90.0,4.0
59.0,4.0
50.0,0.0
38.0,1.0
68.0,2.0
63.0,1.0
34.0,3.0
43.0,3.0
32.0,0.0
42.0,1.0
38.0,0.0
29.0,6.0
