82.0,6.0
87.0,6.0
72.0,3.0
61.0,0.0
44.0,1.0
58.0,3.0
52.0,2.0
46.0,2.0
43.0,1.0
51.0,2.0
42.0,2.0
36.0,1.0
33.0,0.0
26.0,2.0
24.0,1.0
20.0,2.0
26.0,1.0
19.0,0.0
13.0,1.0
19.0,1.0
7.0,1.0
14.0,1.0
10.0,2.0
13.0,2.0
7.0,0.0
15.0,3.0
9.0,0.0
10.0,1.0
10.0,1.0
13.0,2.0
12.0,2.0
7.0,5.0
17.0,2.0
9.0,3.0
9.0,3.0
12.0,17.0
16.0,14.0
13.0,11.0
13.0,12.0
93.0,3.0
87.0,1.0
132.0,6.0
198.0,8.0
237.0,15.0
225.0,145.0
223.0,326.0
215.0,366.0
201.0,465.0
202.0,337.0
263.0,317.0
254.0,348.0
292.0,335.0
327.0,256.0
391.0,188.0
462.0,89.0
426.0,62.0
401.0,19.0
336.0,43.0
320.0,105.0
262.0,58.0
261.0,20.0
209.0,32.0
222.0,14.0
197.0,9.0
237.0,16.0
182.0,14.0
210.0,26.0
197.0,16.0
212.0,46.0
207.0,65.0
192.0,60.0
175.0,66.0
265.0,40.0
194.0,7.0
202.0,9.0
229.0,12.0
249.0,14.0
276.0,34.0
206.0,65.0
226.0,70.0
204.0,91.0
227.0,147.0
231.0,187.0
242.0,89.0
238.0,104.0
224.0,148.0
222.0,130.0
223.0,109.0
206.0,113.0
240.0,100.0
239.0,152.0
187.0,162.0
190.0,143.0
296.0,16.0
268.0,6.0
283.0,14.0
287.0,19.0
277.0,50.0
289.0,65.0
305.0,108.0
272.0,72.0
324.0,108.0
356.0,195.0
330.0,241.0
334.0,288.0
360.0,451.0
332.0,377.0
311.0,382.0
372.0,401.0
381.0,320.0
413.0,203.0
422.0,84.0
417.0,64.0
433.0,30.0
354.0,34.0
366.0,42.0
330.0,49.0
323.0,33.0
306.0,29.0
307.0,43.0
345.0,11.0
339.0,21.0
361.0,30.0
410.0,42.0
376.0,91.0
391.0,74.0
380.0,184.0
382.0,255.0
367.0,220.0
379.0,227.0
372.0,246.0
349.0,166.0
344.0,203.0
351.0,152.0
279.0,37.0
259.0,22.0
215.0,10.0
169.0,8.0
165.0,3.0
122.0,3.0
137.0,4.0
115.0,6.0
112.0,3.0
124.0,6.0
