112.0,7.0
100.0,1.0
114.0,13.0
98.0,9.0
78.0,6.0
83.0,6.0
77.0,4.0
55.0,3.0
60.0,4.0
44.0,5.0
46.0,2.0
43.0,0.0
39.0,3.0
23.0,4.0
39.0,1.0
38.0,1.0
32.0,5.0
31.0,11.0
24.0,4.0
23.0,1.0
28.0,2.0
24.0,0.0
17.0,3.0
15.0,2.0
23.0,3.0
14.0,1.0
11.0,2.0
11.0,0.0
10.0,1.0
15.0,5.0
13.0,2.0
11.0,5.0
16.0,5.0
13.0,5.0
11.0,4.0
12.0,1.0
18.0,18.0
18.0,16.0
25.0,16.0
37.0,11.0
50.0,17.0
47.0,37.0
61.0,33.0
87.0,65.0
105.0,79.0
149.0,66.0
155.0,106.0
169.0,140.0
195.0,273.0
242.0,204.0
239.0,167.0
228.0,241.0
244.0,212.0
267.0,49.0
254.0,21.0
279.0,23.0
281.0,41.0
273.0,68.0
291.0,103.0
251.0,74.0
267.0,68.0
253.0,60.0
270.0,54.0
260.0,81.0
257.0,87.0
278.0,50.0
300.0,86.0
255.0,107.0
255.0,92.0
240.0,147.0
259.0,123.0
265.0,115.0
270.0,106.0
288.0,197.0
276.0,174.0
299.0,156.0
304.0,160.0
292.0,155.0
294.0,197.0
247.0,250.0
284.0,258.0
264.0,223.0
241.0,224.0
299.0,232.0
309.0,200.0
329.0,202.0
293.0,148.0
292.0,135.0
336.0,147.0
326.0,107.0
329.0,66.0
280.0,79.0
311.0,124.0
280.0,39.0
296.0,83.0
295.0,143.0
367.0,12.0
342.0,7.0
311.0,5.0
316.0,13.0
327.0,10.0
364.0,15.0
428.0,17.0
421.0,12.0
423.0,29.0
420.0,23.0
469.0,31.0
399.0,16.0
432.0,16.0
369.0,10.0
402.0,9.0
404.0,10.0
388.0,11.0
298.0,7.0
278.0,4.0
249.0,5.0
299.0,9.0
289.0,6.0
287.0,10.0
300.0,17.0
304.0,6.0
363.0,12.0
342.0,5.0
338.0,11.0
377.0,10.0
371.0,19.0
361.0,14.0
396.0,49.0
348.0,46.0
410.0,146.0
378.0,310.0
298.0,394.0
308.0,494.0
274.0,468.0
287.0,286.0
268.0,151.0
243.0,25.0
198.0,12.0
184.0,11.0
181.0,9.0
120.0,6.0
130.0,5.0
147.0,5.0
136.0,6.0
