32.0,8.0
11.0,1.0
9.0,0.0
10.0,0.0
2.0,0.0
5.0,0.0
5.0,0.0
4.0,1.0
6.0,1.0
7.0,0.0
6.0,1.0
7.0,1.0
1.0,0.0
5.0,0.0
4.0,0.0
3.0,1.0
3.0,0.0
3.0,0.0
2.0,0.0
0.0,0.0
2.0,0.0
1.0,0.0
2.0,0.0
1.0,0.0
2.0,0.0
2.0,0.0
5.0,0.0
0.0,0.0
2.0,0.0
0.0,1.0
3.0,1.0
4.0,2.0
2.0,0.0
1.0,0.0
5.0,0.0
2.0,0.0
5.0,0.0
8.0,1.0
8.0,3.0
15.0,1.0
28.0,0.0
33.0,0.0
62.0,1.0
71.0,3.0
101.0,1.0
162.0,2.0
156.0,6.0
157.0,3.0
222.0,8.0
272.0,22.0
196.0,12.0
234.0,1.0
269.0,19.0
177.0,5.0
118.0,1.0
76.0,0.0
104.0,4.0
83.0,1.0
102.0,3.0
71.0,3.0
62.0,2.0
45.0,1.0
63.0,5.0
57.0,1.0
53.0,1.0
71.0,2.0
70.0,2.0
77.0,2.0
87.0,2.0
96.0,4.0
69.0,2.0
101.0,4.0
78.0,5.0
81.0,3.0
78.0,5.0
106.0,2.0
80.0,4.0
83.0,2.0
75.0,3.0
87.0,1.0
79.0,4.0
78.0,4.0
76.0,3.0
73.0,8.0
72.0,1.0
73.0,6.0
61.0,7.0
80.0,4.0
94.0,27.0
70.0,17.0
75.0,42.0
69.0,51.0
73.0,49.0
83.0,1.0
77.0,1.0
67.0,8.0
75.0,7.0
85.0,3.0
104.0,1.0
90.0,0.0
89.0,3.0
87.0,2.0
108.0,2.0
97.0,1.0
88.0,6.0
144.0,2.0
141.0,5.0
136.0,2.0
173.0,7.0
163.0,2.0
95.0,2.0
134.0,11.0
101.0,5.0
104.0,6.0
110.0,0.0
93.0,1.0
85.0,3.0
69.0,0.0
69.0,4.0
63.0,3.0
80.0,2.0
66.0,2.0
90.0,1.0
88.0,0.0
68.0,3.0
67.0,1.0
108.0,7.0
77.0,1.0
86.0,3.0
86.0,0.0
66.0,3.0
68.0,0.0
52.0,2.0
58.0,2.0
47.0,1.0
46.0,0.0
58.0,1.0
34.0,2.0
21.0,1.0
29.0,4.0
23.0,1.0
18.0,2.0
17.0,3.0
8.0,0.0
