50.0,17.0
50.0,17.0
46.0,26.0
37.0,30.0
37.0,28.0
41.0,26.0
29.0,15.0
37.0,12.0
33.0,6.0
25.0,16.0
25.0,10.0
22.0,7.0
22.0,9.0
24.0,4.0
18.0,6.0
18.0,8.0
21.0,17.0
19.0,10.0
16.0,7.0
13.0,4.0
10.0,1.0
14.0,3.0
15.0,10.0
12.0,6.0
13.0,17.0
9.0,4.0
8.0,4.0
14.0,9.0
17.0,3.0
13.0,0.0
19.0,1.0
15.0,3.0
10.0,7.0
10.0,3.0
22.0,9.0
13.0,4.0
18.0,26.0
15.0,16.0
12.0,21.0
45.0,1.0
65.0,2.0
89.0,2.0
117.0,4.0
155.0,9.0
213.0,2.0
215.0,19.0
239.0,112.0
212.0,156.0
218.0,252.0
251.0,278.0
319.0,184.0
321.0,99.0
296.0,59.0
229.0,10.0
214.0,5.0
210.0,4.0
185.0,5.0
173.0,4.0
179.0,3.0
196.0,3.0
152.0,3.0
136.0,5.0
143.0,2.0
179.0,1.0
129.0,5.0
99.0,2.0
140.0,2.0
128.0,3.0
173.0,3.0
137.0,3.0
147.0,4.0
126.0,2.0
155.0,2.0
151.0,5.0
148.0,4.0
150.0,3.0
156.0,2.0
161.0,3.0
181.0,10.0
170.0,2.0
173.0,7.0
224.0,5.0
172.0,4.0
187.0,6.0
182.0,5.0
147.0,9.0
169.0,7.0
185.0,7.0
172.0,5.0
177.0,8.0
186.0,7.0
223.0,9.0
190.0,40.0
199.0,6.0
225.0,6.0
205.0,9.0
210.0,9.0
251.0,11.0
244.0,8.0
261.0,7.0
244.0,8.0
266.0,7.0
342.0,10.0
329.0,18.0
334.0,19.0
357.0,43.0
317.0,47.0
268.0,53.0
298.0,87.0
258.0,36.0
233.0,14.0
218.0,6.0
204.0,12.0
197.0,4.0
199.0,9.0
161.0,7.0
164.0,6.0
186.0,3.0
161.0,9.0
202.0,13.0
183.0,2.0
154.0,3.0
148.0,4.0
188.0,9.0
180.0,6.0
161.0,7.0
176.0,8.0
179.0,10.0
172.0,14.0
221.0,25.0
180.0,8.0
171.0,10.0
150.0,8.0
144.0,2.0
109.0,2.0
108.0,4.0
109.0,1.0
83.0,3.0
66.0,2.0
74.0,5.0
69.0,5.0
69.0,8.0
64.0,5.0
76.0,12.0
