26.0,10.0
21.0,11.0
6.0,2.0
15.0,2.0
9.0,2.0
6.0,0.0
3.0,1.0
7.0,1.0
5.0,3.0
4.0,1.0
5.0,1.0
7.0,2.0
3.0,2.0
6.0,2.0
6.0,0.0
4.0,2.0
2.0,0.0
2.0,0.0
1.0,2.0
3.0,0.0
0.0,0.0
1.0,0.0
2.0,4.0
0.0,0.0
1.0,1.0
4.0,0.0
2.0,0.0
1.0,0.0
0.0,0.0
1.0,0.0
2.0,0.0
1.0,0.0
1.0,1.0
2.0,4.0
0.0,2.0
2.0,2.0
2.0,5.0
0.0,1.0
4.0,2.0
7.0,0.0
23.0,1.0
32.0,1.0
41.0,1.0
62.0,3.0
85.0,1.0
106.0,4.0
131.0,5.0
215.0,84.0
171.0,230.0
206.0,232.0
247.0,141.0
269.0,151.0
282.0,200.0
258.0,75.0
234.0,6.0
212.0,6.0
134.0,2.0
121.0,3.0
86.0,3.0
78.0,0.0
65.0,4.0
56.0,1.0
72.0,2.0
62.0,6.0
55.0,1.0
54.0,3.0
51.0,3.0
48.0,2.0
73.0,3.0
57.0,5.0
79.0,4.0
77.0,6.0
88.0,6.0
91.0,2.0
79.0,5.0
83.0,3.0
111.0,7.0
80.0,5.0
86.0,8.0
81.0,1.0
77.0,6.0
81.0,2.0
81.0,1.0
63.0,4.0
57.0,7.0
70.0,5.0
59.0,3.0
66.0,1.0
66.0,1.0
87.0,0.0
73.0,0.0
79.0,6.0
54.0,1.0
88.0,5.0
65.0,1.0
93.0,2.0
90.0,0.0
73.0,3.0
86.0,3.0
92.0,3.0
68.0,10.0
85.0,2.0
130.0,1.0
132.0,2.0
145.0,2.0
251.0,8.0
268.0,3.0
205.0,3.0
358.0,13.0
376.0,21.0
255.0,8.0
212.0,6.0
189.0,1.0
169.0,3.0
196.0,5.0
153.0,3.0
137.0,4.0
166.0,2.0
163.0,3.0
113.0,14.0
173.0,4.0
143.0,7.0
160.0,3.0
154.0,3.0
159.0,7.0
173.0,7.0
186.0,5.0
181.0,4.0
145.0,6.0
176.0,10.0
127.0,4.0
113.0,11.0
126.0,4.0
115.0,2.0
80.0,2.0
82.0,1.0
74.0,1.0
59.0,2.0
58.0,1.0
38.0,1.0
40.0,3.0
39.0,6.0
36.0,2.0
21.0,0.0
