33.0,72.0
36.0,43.0
42.0,42.0
32.0,23.0
43.0,17.0
29.0,29.0
36.0,20.0
30.0,24.0
24.0,23.0
33.0,15.0
31.0,20.0
29.0,12.0
24.0,8.0
25.0,3.0
7.0,8.0
16.0,13.0
14.0,12.0
17.0,8.0
14.0,4.0
9.0,8.0
9.0,2.0
21.0,6.0
8.0,0.0
12.0,5.0
8.0,14.0
7.0,13.0
10.0,7.0
12.0,9.0
13.0,9.0
14.0,3.0
13.0,4.0
15.0,4.0
18.0,5.0
16.0,10.0
20.0,5.0
15.0,21.0
25.0,19.0
23.0,13.0
17.0,17.0
67.0,0.0
61.0,0.0
88.0,3.0
134.0,10.0
153.0,3.0
192.0,11.0
205.0,14.0
214.0,26.0
221.0,62.0
234.0,192.0
218.0,321.0
255.0,228.0
314.0,215.0
293.0,200.0
265.0,39.0
224.0,8.0
171.0,2.0
204.0,4.0
164.0,5.0
174.0,8.0
170.0,3.0
143.0,1.0
132.0,1.0
145.0,7.0
141.0,1.0
136.0,2.0
140.0,2.0
153.0,3.0
149.0,6.0
149.0,3.0
163.0,4.0
152.0,4.0
143.0,3.0
172.0,6.0
156.0,2.0
164.0,3.0
186.0,6.0
164.0,8.0
171.0,3.0
171.0,3.0
198.0,5.0
195.0,4.0
227.0,9.0
193.0,3.0
184.0,7.0
219.0,6.0
188.0,3.0
200.0,2.0
188.0,10.0
212.0,11.0
187.0,7.0
188.0,11.0
199.0,8.0
218.0,30.0
231.0,6.0
198.0,9.0
214.0,5.0
234.0,10.0
243.0,7.0
244.0,8.0
265.0,9.0
236.0,9.0
287.0,7.0
385.0,12.0
314.0,15.0
287.0,42.0
318.0,182.0
315.0,132.0
305.0,107.0
329.0,47.0
239.0,12.0
219.0,8.0
212.0,8.0
189.0,12.0
198.0,5.0
204.0,3.0
191.0,11.0
181.0,10.0
177.0,7.0
160.0,8.0
169.0,9.0
186.0,7.0
176.0,10.0
214.0,11.0
209.0,10.0
187.0,12.0
183.0,11.0
180.0,2.0
166.0,7.0
204.0,14.0
210.0,63.0
187.0,43.0
129.0,7.0
140.0,8.0
139.0,8.0
105.0,2.0
112.0,6.0
124.0,3.0
93.0,5.0
91.0,6.0
89.0,5.0
78.0,27.0
66.0,46.0
68.0,50.0
43.0,31.0
