72.0,4.0
50.0,1.0
53.0,1.0
45.0,6.0
40.0,6.0
50.0,2.0
36.0,2.0
40.0,2.0
31.0,1.0
39.0,0.0
30.0,0.0
23.0,3.0
34.0,4.0
22.0,1.0
23.0,3.0
16.0,0.0
13.0,1.0
25.0,1.0
17.0,0.0
16.0,2.0
8.0,0.0
10.0,2.0
6.0,0.0
6.0,1.0
6.0,0.0
4.0,0.0
8.0,1.0
3.0,0.0
9.0,0.0
4.0,1.0
3.0,0.0
8.0,0.0
6.0,3.0
10.0,4.0
4.0,1.0
14.0,0.0
12.0,12.0
23.0,4.0
22.0,7.0
32.0,0.0
26.0,1.0
41.0,0.0
74.0,1.0
110.0,0.0
140.0,2.0
211.0,5.0
208.0,3.0
238.0,3.0
310.0,10.0
363.0,10.0
299.0,8.0
336.0,10.0
370.0,13.0
251.0,4.0
208.0,5.0
213.0,4.0
164.0,8.0
164.0,5.0
166.0,5.0
140.0,5.0
213.0,4.0
137.0,3.0
148.0,4.0
147.0,7.0
133.0,0.0
113.0,3.0
153.0,5.0
168.0,9.0
163.0,14.0
175.0,5.0
183.0,2.0
167.0,14.0
176.0,10.0
159.0,7.0
136.0,7.0
157.0,7.0
176.0,8.0
177.0,4.0
193.0,2.0
182.0,6.0
163.0,7.0
158.0,3.0
140.0,3.0
173.0,3.0
162.0,6.0
168.0,7.0
154.0,3.0
171.0,5.0
179.0,5.0
216.0,4.0
212.0,4.0
183.0,8.0
181.0,2.0
191.0,3.0
181.0,7.0
196.0,8.0
177.0,7.0
208.0,7.0
230.0,9.0
194.0,11.0
211.0,5.0
262.0,16.0
301.0,1.0
290.0,9.0
288.0,7.0
323.0,8.0
318.0,13.0
272.0,6.0
283.0,9.0
287.0,8.0
291.0,12.0
243.0,8.0
232.0,2.0
233.0,4.0
263.0,5.0
220.0,7.0
228.0,7.0
239.0,12.0
226.0,6.0
221.0,4.0
241.0,9.0
268.0,11.0
227.0,8.0
265.0,12.0
259.0,5.0
239.0,4.0
281.0,15.0
249.0,5.0
245.0,11.0
243.0,6.0
242.0,7.0
240.0,6.0
267.0,7.0
182.0,8.0
141.0,12.0
157.0,5.0
141.0,8.0
121.0,8.0
113.0,6.0
103.0,0.0
104.0,5.0
84.0,2.0
75.0,5.0
79.0,1.0
