23.0,1.0
26.0,3.0
14.0,0.0
17.0,1.0
8.0,0.0
24.0,0.0
14.0,1.0
13.0,3.0
12.0,1.0
11.0,0.0
5.0,0.0
5.0,0.0
8.0,0.0
6.0,1.0
7.0,1.0
4.0,3.0
7.0,5.0
10.0,0.0
3.0,0.0
2.0,0.0
2.0,3.0
3.0,1.0
0.0,1.0
3.0,1.0
2.0,0.0
1.0,0.0
2.0,0.0
4.0,4.0
4.0,3.0
0.0,2.0
2.0,4.0
4.0,1.0
4.0,0.0
1.0,6.0
5.0,4.0
2.0,7.0
7.0,8.0
7.0,11.0
11.0,19.0
46.0,3.0
37.0,2.0
49.0,6.0
87.0,11.0
133.0,6.0
200.0,32.0
203.0,168.0
224.0,218.0
196.0,324.0
202.0,412.0
205.0,471.0
246.0,301.0
260.0,381.0
241.0,283.0
238.0,130.0
224.0,69.0
177.0,59.0
144.0,23.0
139.0,15.0
126.0,6.0
90.0,2.0
84.0,3.0
98.0,7.0
72.0,9.0
84.0,4.0
67.0,1.0
73.0,3.0
76.0,4.0
75.0,3.0
77.0,3.0
95.0,3.0
86.0,3.0
81.0,5.0
104.0,4.0
99.0,2.0
87.0,2.0
80.0,7.0
89.0,3.0
101.0,5.0
106.0,15.0
84.0,15.0
75.0,16.0
99.0,11.0
79.0,9.0
72.0,6.0
58.0,4.0
71.0,2.0
78.0,3.0
70.0,4.0
73.0,1.0
94.0,1.0
80.0,3.0
66.0,4.0
72.0,0.0
81.0,3.0
76.0,3.0
73.0,2.0
83.0,1.0
78.0,5.0
87.0,6.0
79.0,3.0
85.0,3.0
117.0,3.0
163.0,5.0
170.0,4.0
151.0,3.0
283.0,5.0
199.0,10.0
194.0,17.0
255.0,7.0
199.0,6.0
199.0,4.0
163.0,7.0
121.0,2.0
133.0,3.0
117.0,4.0
130.0,4.0
129.0,6.0
115.0,4.0
109.0,0.0
122.0,2.0
159.0,4.0
165.0,6.0
130.0,5.0
144.0,2.0
138.0,7.0
130.0,5.0
129.0,1.0
148.0,4.0
108.0,4.0
108.0,8.0
116.0,1.0
118.0,4.0
126.0,3.0
88.0,4.0
65.0,3.0
53.0,1.0
64.0,1.0
54.0,5.0
41.0,3.0
38.0,1.0
33.0,1.0
28.0,1.0
35.0,2.0
29.0,4.0
