31.0,4.0
27.0,1.0
21.0,2.0
27.0,6.0
13.0,1.0
24.0,1.0
25.0,5.0
27.0,9.0
25.0,5.0
19.0,0.0
17.0,2.0
12.0,1.0
9.0,0.0
15.0,2.0
10.0,0.0
6.0,1.0
1.0,0.0
9.0,0.0
7.0,3.0
3.0,1.0
5.0,0.0
3.0,0.0
3.0,3.0
5.0,0.0
2.0,1.0
5.0,0.0
5.0,0.0
1.0,3.0
1.0,1.0
3.0,2.0
4.0,1.0
5.0,1.0
5.0,3.0
10.0,1.0
3.0,0.0
5.0,3.0
8.0,13.0
6.0,4.0
10.0,6.0
29.0,3.0
37.0,2.0
46.0,1.0
99.0,5.0
116.0,7.0
200.0,15.0
216.0,70.0
235.0,202.0
226.0,367.0
205.0,501.0
226.0,565.0
242.0,498.0
271.0,352.0
220.0,298.0
202.0,149.0
237.0,142.0
189.0,158.0
180.0,135.0
118.0,128.0
120.0,107.0
99.0,44.0
80.0,18.0
90.0,36.0
85.0,29.0
82.0,15.0
89.0,24.0
83.0,20.0
67.0,15.0
76.0,22.0
98.0,40.0
108.0,41.0
117.0,55.0
76.0,13.0
114.0,36.0
106.0,67.0
97.0,43.0
92.0,40.0
102.0,30.0
97.0,19.0
108.0,49.0
89.0,51.0
99.0,51.0
111.0,51.0
101.0,32.0
97.0,46.0
88.0,50.0
92.0,39.0
88.0,18.0
93.0,7.0
97.0,6.0
95.0,10.0
96.0,1.0
96.0,2.0
87.0,5.0
93.0,2.0
84.0,3.0
95.0,11.0
106.0,2.0
97.0,0.0
98.0,5.0
91.0,1.0
97.0,1.0
128.0,2.0
191.0,5.0
157.0,1.0
182.0,10.0
280.0,6.0
256.0,8.0
207.0,14.0
264.0,57.0
261.0,64.0
225.0,29.0
189.0,7.0
186.0,5.0
138.0,1.0
142.0,4.0
145.0,7.0
131.0,2.0
141.0,3.0
132.0,2.0
110.0,4.0
166.0,10.0
208.0,10.0
181.0,3.0
183.0,5.0
172.0,4.0
155.0,7.0
197.0,6.0
187.0,12.0
138.0,6.0
127.0,5.0
123.0,3.0
115.0,6.0
117.0,4.0
84.0,3.0
86.0,2.0
91.0,1.0
78.0,3.0
62.0,4.0
63.0,4.0
39.0,0.0
32.0,2.0
31.0,1.0
38.0,1.0
36.0,0.0
