61.0,2.0
52.0,1.0
56.0,7.0
45.0,3.0
51.0,0.0
48.0,0.0
47.0,2.0
34.0,0.0
38.0,1.0
34.0,1.0
29.0,1.0
25.0,1.0
36.0,1.0
21.0,0.0
24.0,1.0
15.0,1.0
18.0,2.0
14.0,3.0
23.0,0.0
16.0,8.0
13.0,1.0
15.0,4.0
8.0,5.0
15.0,15.0
6.0,14.0
9.0,11.0
5.0,2.0
5.0,9.0
3.0,4.0
5.0,1.0
7.0,6.0
13.0,14.0
10.0,19.0
6.0,36.0
2.0,41.0
4.0,35.0
5.0,38.0
10.0,36.0
8.0,42.0
17.0,39.0
25.0,62.0
21.0,64.0
27.0,118.0
41.0,84.0
46.0,67.0
52.0,85.0
58.0,120.0
51.0,126.0
65.0,99.0
59.0,87.0
60.0,78.0
65.0,54.0
67.0,108.0
78.0,104.0
67.0,60.0
69.0,149.0
52.0,158.0
71.0,128.0
49.0,132.0
60.0,143.0
70.0,110.0
59.0,105.0
57.0,121.0
48.0,136.0
58.0,123.0
47.0,126.0
44.0,113.0
53.0,113.0
57.0,117.0
58.0,121.0
57.0,134.0
58.0,111.0
54.0,127.0
66.0,102.0
57.0,102.0
64.0,108.0
58.0,110.0
54.0,118.0
46.0,117.0
71.0,113.0
42.0,124.0
64.0,98.0
62.0,92.0
61.0,79.0
64.0,81.0
61.0,102.0
73.0,64.0
68.0,103.0
69.0,79.0
77.0,55.0
83.0,82.0
64.0,82.0
84.0,58.0
81.0,2.0
66.0,3.0
96.0,2.0
93.0,4.0
79.0,1.0
92.0,1.0
102.0,5.0
77.0,4.0
97.0,6.0
98.0,1.0
81.0,3.0
96.0,2.0
116.0,3.0
94.0,4.0
96.0,2.0
102.0,3.0
80.0,4.0
93.0,3.0
88.0,1.0
76.0,1.0
79.0,1.0
83.0,1.0
79.0,2.0
95.0,4.0
85.0,4.0
93.0,5.0
73.0,1.0
101.0,2.0
95.0,3.0
72.0,4.0
102.0,5.0
81.0,5.0
97.0,1.0
84.0,2.0
91.0,2.0
100.0,8.0
81.0,4.0
99.0,0.0
82.0,4.0
67.0,5.0
61.0,1.0
62.0,1.0
45.0,3.0
51.0,3.0
50.0,3.0
38.0,2.0
45.0,1.0
38.0,0.0
44.0,2.0
37.0,2.0
39.0,1.0
