33.0,1.0
41.0,0.0
45.0,2.0
46.0,1.0
22.0,1.0
27.0,0.0
30.0,2.0
18.0,1.0
21.0,0.0
13.0,3.0
15.0,0.0
13.0,5.0
14.0,3.0
9.0,2.0
12.0,1.0
13.0,1.0
7.0,0.0
4.0,1.0
8.0,0.0
6.0,0.0
3.0,1.0
2.0,0.0
1.0,1.0
4.0,0.0
4.0,3.0
7.0,3.0
4.0,1.0
2.0,0.0
4.0,0.0
2.0,0.0
4.0,1.0
1.0,0.0
4.0,1.0
4.0,4.0
9.0,4.0
6.0,6.0
4.0,2.0
7.0,3.0
9.0,4.0
14.0,2.0
21.0,6.0
25.0,5.0
38.0,5.0
39.0,8.0
56.0,29.0
71.0,21.0
70.0,15.0
78.0,33.0
86.0,16.0
108.0,16.0
117.0,14.0
125.0,20.0
132.0,32.0
94.0,17.0
92.0,4.0
96.0,6.0
109.0,11.0
104.0,3.0
100.0,11.0
95.0,6.0
94.0,20.0
96.0,36.0
103.0,35.0
108.0,8.0
113.0,17.0
97.0,54.0
93.0,71.0
117.0,84.0
91.0,140.0
101.0,190.0
118.0,123.0
103.0,77.0
131.0,51.0
107.0,60.0
116.0,43.0
130.0,36.0
120.0,17.0
144.0,16.0
146.0,16.0
157.0,25.0
132.0,15.0
157.0,24.0
138.0,16.0
128.0,36.0
137.0,52.0
149.0,29.0
129.0,12.0
143.0,11.0
114.0,9.0
126.0,4.0
122.0,2.0
136.0,5.0
112.0,3.0
156.0,6.0
128.0,11.0
113.0,3.0
145.0,3.0
114.0,4.0
110.0,11.0
138.0,13.0
129.0,9.0
121.0,4.0
131.0,3.0
160.0,1.0
143.0,3.0
132.0,6.0
126.0,1.0
124.0,4.0
140.0,5.0
144.0,6.0
132.0,3.0
109.0,6.0
98.0,3.0
106.0,4.0
109.0,3.0
118.0,1.0
100.0,6.0
99.0,4.0
86.0,2.0
101.0,1.0
118.0,4.0
104.0,3.0
104.0,2.0
97.0,2.0
91.0,0.0
85.0,1.0
112.0,3.0
108.0,5.0
60.0,1.0
105.0,1.0
76.0,5.0
73.0,1.0
62.0,0.0
72.0,3.0
50.0,3.0
52.0,2.0
54.0,1.0
53.0,1.0
33.0,0.0
39.0,3.0
41.0,3.0
28.0,3.0
36.0,2.0
24.0,2.0
