28.0,1.0
26.0,3.0
19.0,1.0
17.0,0.0
14.0,4.0
11.0,13.0
11.0,1.0
12.0,3.0
10.0,0.0
8.0,0.0
10.0,1.0
7.0,0.0
6.0,0.0
11.0,0.0
8.0,1.0
10.0,0.0
7.0,1.0
7.0,7.0
7.0,6.0
6.0,6.0
9.0,2.0
4.0,0.0
6.0,3.0
3.0,0.0
4.0,1.0
1.0,1.0
3.0,0.0
1.0,0.0
3.0,0.0
1.0,0.0
0.0,0.0
1.0,1.0
3.0,0.0
4.0,1.0
3.0,5.0
0.0,1.0
3.0,5.0
4.0,3.0
3.0,1.0
8.0,1.0
18.0,1.0
15.0,0.0
29.0,1.0
38.0,1.0
41.0,1.0
80.0,2.0
106.0,5.0
79.0,1.0
122.0,8.0
119.0,19.0
134.0,10.0
108.0,13.0
99.0,10.0
61.0,1.0
52.0,1.0
47.0,2.0
44.0,0.0
42.0,1.0
35.0,2.0
37.0,2.0
31.0,0.0
40.0,0.0
38.0,0.0
32.0,0.0
42.0,1.0
32.0,3.0
34.0,0.0
37.0,2.0
23.0,2.0
45.0,2.0
38.0,2.0
30.0,1.0
35.0,0.0
31.0,3.0
33.0,2.0
33.0,2.0
37.0,0.0
43.0,1.0
44.0,4.0
52.0,0.0
57.0,1.0
41.0,0.0
51.0,0.0
32.0,1.0
54.0,1.0
31.0,4.0
40.0,0.0
52.0,1.0
46.0,2.0
30.0,1.0
42.0,0.0
52.0,3.0
34.0,1.0
58.0,2.0
45.0,5.0
39.0,2.0
56.0,1.0
47.0,1.0
51.0,1.0
50.0,3.0
47.0,7.0
54.0,2.0
91.0,6.0
81.0,0.0
90.0,3.0
103.0,8.0
83.0,2.0
72.0,4.0
78.0,3.0
90.0,3.0
65.0,2.0
85.0,4.0
86.0,0.0
70.0,1.0
56.0,4.0
51.0,1.0
46.0,3.0
54.0,2.0
49.0,1.0
48.0,2.0
48.0,4.0
52.0,3.0
41.0,1.0
71.0,0.0
74.0,6.0
60.0,5.0
70.0,11.0
59.0,2.0
54.0,3.0
39.0,1.0
47.0,2.0
39.0,0.0
41.0,1.0
46.0,2.0
44.0,0.0
44.0,2.0
35.0,0.0
28.0,2.0
26.0,2.0
36.0,0.0
29.0,2.0
28.0,1.0
25.0,1.0
21.0,1.0
