26.0,1.0
12.0,0.0
23.0,4.0
17.0,3.0
12.0,2.0
10.0,0.0
15.0,1.0
9.0,0.0
11.0,3.0
5.0,1.0
1.0,0.0
3.0,1.0
3.0,0.0
6.0,0.0
1.0,1.0
6.0,0.0
0.0,0.0
2.0,0.0
3.0,0.0
0.0,0.0
3.0,0.0
4.0,3.0
3.0,4.0
4.0,0.0
2.0,4.0
0.0,0.0
3.0,0.0
0.0,1.0
2.0,1.0
2.0,0.0
1.0,0.0
1.0,0.0
1.0,2.0
1.0,7.0
2.0,3.0
1.0,2.0
4.0,1.0
6.0,2.0
4.0,0.0
9.0,1.0
7.0,0.0
9.0,1.0
15.0,0.0
24.0,0.0
28.0,0.0
57.0,1.0
39.0,0.0
46.0,0.0
50.0,2.0
55.0,2.0
65.0,7.0
63.0,0.0
73.0,4.0
51.0,1.0
51.0,2.0
54.0,0.0
47.0,0.0
70.0,1.0
60.0,1.0
56.0,0.0
33.0,1.0
48.0,2.0
45.0,0.0
50.0,2.0
50.0,1.0
66.0,0.0
52.0,2.0
59.0,5.0
54.0,0.0
50.0,2.0
52.0,1.0
55.0,8.0
66.0,4.0
60.0,4.0
50.0,2.0
50.0,1.0
67.0,1.0
63.0,1.0
56.0,1.0
73.0,2.0
62.0,3.0
62.0,3.0
64.0,1.0
59.0,1.0
74.0,2.0
55.0,3.0
57.0,1.0
74.0,2.0
64.0,1.0
53.0,1.0
61.0,3.0
61.0,4.0
62.0,2.0
73.0,0.0
72.0,3.0
68.0,2.0
93.0,5.0
89.0,1.0
72.0,3.0
65.0,2.0
94.0,1.0
64.0,3.0
82.0,0.0
86.0,1.0
83.0,7.0
93.0,7.0
94.0,2.0
96.0,0.0
119.0,3.0
86.0,0.0
85.0,1.0
57.0,3.0
77.0,3.0
67.0,7.0
66.0,1.0
62.0,4.0
64.0,1.0
62.0,0.0
69.0,2.0
54.0,0.0
60.0,3.0
71.0,3.0
59.0,0.0
62.0,2.0
61.0,1.0
63.0,3.0
67.0,1.0
64.0,2.0
60.0,2.0
57.0,0.0
76.0,1.0
59.0,1.0
62.0,2.0
62.0,2.0
54.0,7.0
48.0,2.0
40.0,0.0
29.0,5.0
30.0,1.0
22.0,0.0
22.0,0.0
26.0,2.0
21.0,5.0
19.0,0.0
