122.0,3.0
109.0,6.0
92.0,14.0
78.0,8.0
87.0,3.0
73.0,5.0
78.0,16.0
79.0,5.0
71.0,2.0
62.0,1.0
72.0,3.0
59.0,8.0
65.0,1.0
56.0,2.0
51.0,3.0
35.0,0.0
40.0,1.0
37.0,2.0
35.0,1.0
43.0,2.0
27.0,3.0
20.0,1.0
26.0,2.0
26.0,3.0
26.0,1.0
29.0,3.0
22.0,2.0
11.0,2.0
19.0,0.0
15.0,2.0
23.0,3.0
22.0,2.0
18.0,2.0
23.0,3.0
15.0,6.0
21.0,5.0
27.0,8.0
21.0,4.0
37.0,12.0
79.0,1.0
105.0,3.0
141.0,5.0
206.0,4.0
231.0,6.0
322.0,29.0
321.0,143.0
329.0,331.0
258.0,454.0
270.0,410.0
315.0,375.0
367.0,239.0
350.0,258.0
352.0,124.0
368.0,90.0
326.0,8.0
340.0,6.0
336.0,9.0
299.0,6.0
264.0,24.0
284.0,54.0
250.0,14.0
264.0,16.0
266.0,7.0
238.0,14.0
221.0,8.0
260.0,10.0
234.0,17.0
215.0,9.0
217.0,11.0
228.0,30.0
221.0,11.0
196.0,10.0
208.0,4.0
237.0,7.0
205.0,4.0
231.0,8.0
224.0,11.0
237.0,18.0
250.0,20.0
254.0,28.0
247.0,58.0
272.0,68.0
210.0,61.0
231.0,68.0
250.0,49.0
226.0,28.0
244.0,39.0
238.0,25.0
217.0,49.0
232.0,41.0
223.0,91.0
223.0,130.0
217.0,165.0
294.0,6.0
267.0,5.0
261.0,8.0
302.0,3.0
274.0,12.0
277.0,9.0
265.0,7.0
329.0,8.0
336.0,8.0
427.0,35.0
385.0,62.0
410.0,103.0
403.0,247.0
398.0,239.0
412.0,200.0
366.0,221.0
354.0,152.0
402.0,62.0
326.0,11.0
367.0,15.0
308.0,12.0
317.0,8.0
297.0,14.0
304.0,8.0
293.0,17.0
277.0,13.0
264.0,15.0
282.0,7.0
275.0,4.0
258.0,7.0
334.0,14.0
279.0,14.0
297.0,14.0
288.0,8.0
328.0,22.0
302.0,30.0
308.0,33.0
271.0,22.0
284.0,29.0
256.0,26.0
261.0,18.0
205.0,15.0
177.0,4.0
190.0,7.0
152.0,11.0
139.0,6.0
135.0,6.0
121.0,4.0
144.0,6.0
108.0,4.0
91.0,4.0
