30.0,2.0
12.0,1.0
11.0,0.0
14.0,1.0
8.0,0.0
10.0,2.0
15.0,3.0
12.0,2.0
7.0,0.0
5.0,0.0
4.0,2.0
8.0,0.0
8.0,0.0
5.0,0.0
11.0,2.0
9.0,1.0
3.0,0.0
2.0,0.0
2.0,0.0
2.0,0.0
0.0,0.0
3.0,1.0
3.0,1.0
3.0,3.0
1.0,0.0
0.0,0.0
3.0,0.0
1.0,0.0
3.0,1.0
4.0,1.0
2.0,0.0
2.0,0.0
1.0,0.0
1.0,0.0
7.0,0.0
6.0,0.0
8.0,2.0
4.0,0.0
11.0,0.0
15.0,0.0
28.0,0.0
21.0,0.0
28.0,3.0
46.0,0.0
64.0,2.0
84.0,1.0
100.0,2.0
85.0,1.0
133.0,3.0
150.0,1.0
103.0,3.0
153.0,1.0
184.0,11.0
122.0,13.0
110.0,6.0
92.0,2.0
94.0,1.0
90.0,4.0
100.0,4.0
76.0,0.0
72.0,1.0
66.0,3.0
72.0,1.0
58.0,1.0
71.0,0.0
76.0,1.0
73.0,2.0
78.0,2.0
80.0,1.0
84.0,2.0
70.0,0.0
82.0,6.0
85.0,1.0
77.0,0.0
82.0,4.0
94.0,3.0
84.0,1.0
93.0,1.0
87.0,1.0
74.0,5.0
92.0,4.0
92.0,3.0
84.0,6.0
84.0,4.0
79.0,2.0
80.0,3.0
95.0,10.0
80.0,3.0
72.0,2.0
71.0,3.0
85.0,1.0
80.0,2.0
80.0,1.0
76.0,3.0
73.0,1.0
79.0,2.0
87.0,4.0
66.0,0.0
82.0,3.0
88.0,9.0
106.0,3.0
75.0,6.0
127.0,2.0
121.0,4.0
109.0,2.0
132.0,6.0
113.0,1.0
115.0,5.0
124.0,2.0
144.0,2.0
118.0,2.0
103.0,3.0
105.0,5.0
108.0,8.0
76.0,5.0
76.0,2.0
80.0,4.0
86.0,5.0
83.0,2.0
83.0,3.0
90.0,5.0
87.0,5.0
81.0,1.0
83.0,1.0
45.0,5.0
66.0,2.0
79.0,1.0
72.0,1.0
82.0,2.0
80.0,1.0
68.0,5.0
81.0,5.0
88.0,3.0
82.0,1.0
55.0,1.0
58.0,0.0
63.0,2.0
47.0,0.0
39.0,1.0
43.0,1.0
27.0,3.0
33.0,1.0
22.0,0.0
14.0,0.0
