12.0,1.0
8.0,0.0
11.0,6.0
8.0,5.0
12.0,4.0
12.0,1.0
6.0,5.0
7.0,4.0
7.0,2.0
7.0,0.0
5.0,1.0
1.0,1.0
4.0,7.0
4.0,2.0
3.0,0.0
2.0,7.0
2.0,0.0
1.0,0.0
0.0,4.0
0.0,2.0
2.0,0.0
2.0,2.0
0.0,0.0
0.0,6.0
2.0,4.0
0.0,3.0
1.0,1.0
0.0,1.0
0.0,1.0
0.0,0.0
1.0,0.0
0.0,1.0
0.0,0.0
0.0,1.0
4.0,0.0
0.0,1.0
0.0,2.0
1.0,1.0
1.0,1.0
4.0,0.0
6.0,1.0
8.0,0.0
11.0,6.0
10.0,2.0
18.0,2.0
11.0,0.0
12.0,1.0
15.0,1.0
22.0,1.0
16.0,0.0
24.0,2.0
22.0,1.0
20.0,1.0
11.0,0.0
26.0,3.0
20.0,1.0
13.0,0.0
25.0,1.0
28.0,2.0
29.0,1.0
22.0,0.0
25.0,1.0
32.0,2.0
26.0,0.0
31.0,3.0
22.0,0.0
27.0,0.0
25.0,0.0
25.0,3.0
30.0,2.0
30.0,2.0
28.0,4.0
25.0,3.0
40.0,2.0
24.0,5.0
40.0,2.0
31.0,0.0
47.0,0.0
38.0,1.0
43.0,1.0
36.0,2.0
23.0,0.0
32.0,0.0
37.0,0.0
30.0,1.0
31.0,0.0
27.0,1.0
27.0,0.0
27.0,5.0
40.0,2.0
24.0,0.0
33.0,1.0
37.0,2.0
36.0,0.0
49.0,3.0
41.0,0.0
39.0,1.0
41.0,4.0
43.0,1.0
74.0,2.0
52.0,4.0
70.0,6.0
57.0,2.0
53.0,5.0
43.0,6.0
60.0,3.0
55.0,3.0
40.0,5.0
38.0,2.0
33.0,1.0
43.0,1.0
30.0,1.0
29.0,2.0
43.0,2.0
38.0,1.0
57.0,17.0
48.0,24.0
47.0,39.0
42.0,17.0
38.0,9.0
35.0,2.0
30.0,4.0
59.0,4.0
45.0,3.0
32.0,1.0
35.0,1.0
40.0,2.0
30.0,1.0
21.0,2.0
36.0,1.0
40.0,0.0
30.0,1.0
32.0,0.0
33.0,1.0
33.0,1.0
20.0,2.0
16.0,2.0
24.0,1.0
18.0,1.0
13.0,3.0
19.0,2.0
10.0,0.0
13.0,0.0
13.0,0.0
