35.0,5.0
33.0,1.0
19.0,1.0
35.0,1.0
20.0,4.0
29.0,0.0
26.0,1.0
28.0,1.0
22.0,1.0
18.0,2.0
9.0,0.0
22.0,2.0
13.0,1.0
30.0,4.0
16.0,2.0
11.0,1.0
13.0,3.0
7.0,0.0
9.0,3.0
6.0,4.0
5.0,0.0
3.0,0.0
8.0,0.0
5.0,0.0
14.0,0.0
7.0,1.0
0.0,0.0
3.0,0.0
3.0,0.0
6.0,1.0
5.0,1.0
4.0,0.0
7.0,0.0
5.0,1.0
1.0,0.0
3.0,1.0
4.0,8.0
10.0,2.0
12.0,6.0
16.0,2.0
14.0,0.0
27.0,0.0
35.0,2.0
50.0,7.0
58.0,4.0
71.0,6.0
72.0,8.0
81.0,2.0
106.0,6.0
114.0,22.0
103.0,4.0
123.0,5.0
120.0,12.0
53.0,0.0
48.0,1.0
70.0,5.0
86.0,4.0
71.0,3.0
54.0,2.0
54.0,1.0
70.0,4.0
54.0,2.0
74.0,2.0
55.0,1.0
61.0,1.0
34.0,1.0
47.0,0.0
48.0,2.0
56.0,1.0
42.0,1.0
65.0,1.0
46.0,2.0
73.0,3.0
51.0,1.0
67.0,0.0
55.0,0.0
56.0,0.0
79.0,1.0
70.0,1.0
76.0,2.0
64.0,0.0
69.0,2.0
75.0,1.0
55.0,2.0
68.0,0.0
69.0,5.0
73.0,3.0
65.0,1.0
60.0,1.0
72.0,2.0
57.0,2.0
57.0,1.0
65.0,1.0
71.0,3.0
80.0,1.0
74.0,3.0
90.0,0.0
68.0,3.0
79.0,1.0
90.0,4.0
81.0,3.0
80.0,2.0
111.0,3.0
93.0,1.0
94.0,2.0
138.0,7.0
112.0,3.0
97.0,3.0
111.0,7.0
109.0,8.0
88.0,1.0
101.0,7.0
80.0,2.0
80.0,3.0
81.0,4.0
69.0,1.0
91.0,11.0
57.0,2.0
72.0,1.0
64.0,1.0
76.0,4.0
72.0,1.0
61.0,0.0
81.0,1.0
82.0,0.0
82.0,3.0
66.0,1.0
77.0,1.0
80.0,1.0
70.0,1.0
66.0,4.0
92.0,3.0
75.0,6.0
69.0,2.0
64.0,3.0
67.0,3.0
54.0,0.0
46.0,3.0
63.0,6.0
47.0,4.0
41.0,4.0
42.0,0.0
33.0,2.0
37.0,3.0
