64.0,2.0
64.0,2.0
48.0,0.0
56.0,3.0
47.0,2.0
40.0,8.0
35.0,4.0
31.0,2.0
24.0,2.0
25.0,6.0
30.0,1.0
28.0,1.0
22.0,2.0
9.0,1.0
17.0,0.0
23.0,0.0
19.0,3.0
11.0,1.0
16.0,0.0
10.0,0.0
3.0,0.0
9.0,1.0
8.0,1.0
9.0,3.0
8.0,2.0
4.0,0.0
4.0,1.0
4.0,1.0
5.0,1.0
5.0,2.0
6.0,1.0
5.0,0.0
4.0,1.0
4.0,0.0
4.0,8.0
7.0,4.0
8.0,7.0
12.0,2.0
13.0,7.0
20.0,0.0
39.0,0.0
48.0,0.0
58.0,1.0
86.0,2.0
100.0,3.0
124.0,6.0
140.0,6.0
137.0,6.0
163.0,8.0
159.0,16.0
154.0,7.0
195.0,10.0
147.0,14.0
103.0,6.0
108.0,4.0
101.0,2.0
100.0,0.0
93.0,1.0
83.0,0.0
81.0,0.0
73.0,1.0
74.0,6.0
60.0,4.0
74.0,1.0
81.0,6.0
77.0,1.0
75.0,5.0
99.0,3.0
86.0,1.0
105.0,2.0
96.0,2.0
85.0,0.0
60.0,0.0
103.0,2.0
98.0,1.0
81.0,6.0
98.0,4.0
87.0,7.0
98.0,3.0
87.0,5.0
115.0,3.0
137.0,10.0
100.0,2.0
95.0,3.0
104.0,1.0
108.0,4.0
95.0,1.0
101.0,7.0
102.0,3.0
113.0,9.0
107.0,8.0
89.0,4.0
114.0,33.0
137.0,1.0
109.0,2.0
100.0,5.0
106.0,4.0
117.0,7.0
130.0,2.0
146.0,1.0
143.0,5.0
133.0,3.0
183.0,3.0
158.0,6.0
173.0,9.0
151.0,5.0
124.0,0.0
146.0,2.0
146.0,3.0
122.0,3.0
138.0,4.0
130.0,4.0
138.0,2.0
104.0,2.0
121.0,6.0
95.0,3.0
99.0,0.0
111.0,3.0
120.0,4.0
112.0,5.0
114.0,1.0
128.0,5.0
142.0,1.0
147.0,2.0
149.0,4.0
138.0,6.0
161.0,6.0
133.0,6.0
152.0,7.0
132.0,5.0
110.0,4.0
117.0,1.0
123.0,6.0
76.0,3.0
83.0,3.0
85.0,1.0
105.0,2.0
106.0,7.0
61.0,9.0
60.0,2.0
56.0,4.0
62.0,3.0
67.0,1.0
63.0,4.0
