44.0,1.0
37.0,7.0
34.0,0.0
21.0,2.0
20.0,3.0
13.0,0.0
16.0,2.0
22.0,2.0
10.0,0.0
21.0,4.0
10.0,1.0
9.0,1.0
17.0,0.0
4.0,0.0
7.0,0.0
12.0,1.0
6.0,1.0
9.0,0.0
5.0,0.0
3.0,0.0
8.0,1.0
3.0,1.0
2.0,2.0
3.0,0.0
5.0,1.0
10.0,6.0
5.0,0.0
3.0,2.0
6.0,3.0
6.0,5.0
3.0,0.0
1.0,0.0
6.0,2.0
6.0,4.0
3.0,1.0
3.0,3.0
12.0,3.0
7.0,10.0
12.0,8.0
30.0,0.0
27.0,1.0
47.0,1.0
52.0,4.0
57.0,3.0
95.0,9.0
113.0,26.0
129.0,20.0
144.0,81.0
142.0,95.0
139.0,87.0
162.0,166.0
166.0,283.0
179.0,312.0
142.0,143.0
170.0,83.0
139.0,110.0
150.0,100.0
123.0,130.0
138.0,88.0
103.0,54.0
103.0,43.0
117.0,74.0
110.0,78.0
117.0,68.0
109.0,37.0
103.0,42.0
103.0,96.0
107.0,68.0
94.0,61.0
98.0,98.0
102.0,134.0
127.0,127.0
116.0,117.0
111.0,87.0
102.0,44.0
107.0,94.0
131.0,125.0
132.0,82.0
125.0,91.0
133.0,162.0
124.0,107.0
132.0,93.0
108.0,150.0
115.0,107.0
134.0,75.0
101.0,32.0
104.0,6.0
108.0,6.0
117.0,2.0
115.0,4.0
112.0,4.0
91.0,2.0
119.0,2.0
89.0,2.0
74.0,1.0
90.0,6.0
109.0,2.0
106.0,4.0
88.0,3.0
117.0,3.0
103.0,1.0
126.0,3.0
126.0,1.0
141.0,3.0
123.0,6.0
183.0,4.0
191.0,9.0
156.0,4.0
189.0,2.0
146.0,1.0
146.0,5.0
131.0,4.0
103.0,2.0
119.0,3.0
111.0,4.0
84.0,2.0
104.0,1.0
91.0,4.0
106.0,7.0
78.0,4.0
94.0,2.0
95.0,2.0
116.0,5.0
118.0,5.0
102.0,7.0
108.0,2.0
104.0,4.0
145.0,2.0
103.0,4.0
99.0,7.0
125.0,4.0
84.0,3.0
96.0,4.0
87.0,1.0
84.0,6.0
80.0,3.0
55.0,2.0
73.0,5.0
52.0,3.0
47.0,2.0
33.0,2.0
39.0,3.0
45.0,1.0
37.0,0.0
