208.0,99.0
177.0,121.0
173.0,107.0
140.0,90.0
150.0,119.0
131.0,122.0
133.0,117.0
108.0,73.0
103.0,65.0
106.0,69.0
83.0,86.0
94.0,57.0
85.0,56.0
69.0,57.0
79.0,67.0
79.0,50.0
60.0,54.0
59.0,37.0
62.0,34.0
53.0,32.0
48.0,23.0
50.0,24.0
40.0,57.0
46.0,25.0
28.0,16.0
37.0,14.0
33.0,15.0
31.0,15.0
32.0,10.0
22.0,2.0
25.0,6.0
36.0,6.0
30.0,4.0
27.0,5.0
30.0,13.0
23.0,14.0
38.0,6.0
28.0,12.0
35.0,12.0
36.0,4.0
56.0,1.0
68.0,5.0
93.0,11.0
102.0,7.0
182.0,30.0
202.0,11.0
206.0,11.0
209.0,7.0
220.0,12.0
245.0,6.0
313.0,9.0
288.0,11.0
288.0,11.0
262.0,5.0
265.0,4.0
311.0,7.0
312.0,9.0
368.0,14.0
390.0,12.0
308.0,8.0
350.0,5.0
306.0,5.0
366.0,5.0
341.0,8.0
345.0,7.0
343.0,8.0
358.0,15.0
358.0,10.0
405.0,12.0
459.0,19.0
403.0,25.0
434.0,14.0
433.0,12.0
454.0,11.0
466.0,11.0
434.0,20.0
428.0,18.0
494.0,29.0
502.0,33.0
542.0,61.0
578.0,109.0
525.0,84.0
570.0,53.0
595.0,143.0
588.0,131.0
519.0,182.0
592.0,193.0
566.0,203.0
576.0,158.0
626.0,170.0
642.0,220.0
592.0,255.0
625.0,231.0
588.0,240.0
539.0,407.0
506.0,448.0
799.0,54.0
714.0,71.0
741.0,141.0
796.0,205.0
687.0,156.0
779.0,259.0
681.0,343.0
702.0,455.0
657.0,523.0
709.0,565.0
743.0,261.0
684.0,84.0
638.0,26.0
662.0,22.0
630.0,22.0
736.0,20.0
701.0,16.0
638.0,26.0
535.0,17.0
509.0,28.0
481.0,26.0
568.0,33.0
538.0,66.0
548.0,248.0
670.0,169.0
614.0,345.0
603.0,329.0
588.0,356.0
540.0,554.0
522.0,597.0
564.0,558.0
482.0,856.0
549.0,699.0
438.0,553.0
504.0,695.0
398.0,838.0
374.0,1341.0
349.0,1308.0
354.0,1151.0
372.0,921.0
349.0,671.0
326.0,273.0
304.0,236.0
298.0,215.0
256.0,129.0
275.0,186.0
247.0,105.0
229.0,97.0
