32.0,1.0
25.0,3.0
17.0,2.0
16.0,3.0
14.0,0.0
19.0,0.0
7.0,0.0
12.0,2.0
10.0,0.0
14.0,1.0
5.0,2.0
11.0,3.0
6.0,1.0
11.0,8.0
9.0,1.0
4.0,0.0
7.0,1.0
8.0,1.0
7.0,0.0
10.0,1.0
5.0,7.0
8.0,0.0
4.0,0.0
1.0,0.0
2.0,0.0
3.0,3.0
4.0,3.0
9.0,1.0
6.0,1.0
7.0,2.0
4.0,0.0
5.0,1.0
6.0,0.0
4.0,0.0
6.0,0.0
7.0,2.0
4.0,1.0
2.0,9.0
2.0,6.0
13.0,4.0
9.0,3.0
10.0,9.0
20.0,16.0
22.0,13.0
24.0,12.0
35.0,21.0
43.0,25.0
44.0,16.0
71.0,20.0
66.0,23.0
85.0,25.0
98.0,18.0
69.0,22.0
84.0,5.0
84.0,2.0
67.0,6.0
82.0,4.0
72.0,2.0
76.0,7.0
85.0,8.0
93.0,8.0
94.0,3.0
80.0,3.0
86.0,5.0
86.0,8.0
78.0,11.0
75.0,7.0
76.0,21.0
95.0,27.0
75.0,26.0
76.0,23.0
85.0,24.0
96.0,12.0
100.0,18.0
84.0,16.0
90.0,12.0
100.0,9.0
90.0,8.0
84.0,13.0
125.0,18.0
122.0,15.0
95.0,23.0
121.0,17.0
89.0,25.0
88.0,14.0
91.0,22.0
85.0,21.0
94.0,5.0
79.0,7.0
72.0,11.0
98.0,24.0
84.0,10.0
76.0,12.0
123.0,33.0
80.0,34.0
74.0,51.0
105.0,4.0
100.0,1.0
74.0,3.0
88.0,2.0
102.0,0.0
100.0,5.0
95.0,3.0
116.0,4.0
113.0,0.0
116.0,3.0
107.0,4.0
95.0,7.0
80.0,2.0
79.0,2.0
107.0,0.0
73.0,0.0
80.0,3.0
70.0,0.0
54.0,1.0
78.0,8.0
62.0,2.0
67.0,3.0
72.0,4.0
58.0,15.0
65.0,2.0
60.0,5.0
66.0,7.0
77.0,6.0
73.0,8.0
67.0,7.0
81.0,7.0
60.0,2.0
46.0,1.0
47.0,1.0
44.0,0.0
50.0,2.0
45.0,6.0
30.0,1.0
35.0,2.0
25.0,1.0
35.0,1.0
28.0,2.0
26.0,1.0
22.0,1.0
18.0,0.0
22.0,1.0
22.0,7.0
22.0,1.0
