67.0,7.0
59.0,7.0
66.0,16.0
61.0,17.0
37.0,8.0
44.0,10.0
37.0,7.0
37.0,3.0
32.0,2.0
37.0,9.0
24.0,9.0
24.0,1.0
22.0,13.0
18.0,13.0
16.0,6.0
17.0,10.0
11.0,10.0
18.0,3.0
13.0,3.0
10.0,0.0
14.0,0.0
17.0,3.0
9.0,8.0
8.0,2.0
7.0,3.0
4.0,2.0
3.0,0.0
8.0,1.0
4.0,1.0
5.0,2.0
9.0,0.0
3.0,1.0
4.0,1.0
4.0,2.0
3.0,0.0
8.0,7.0
12.0,6.0
4.0,1.0
4.0,0.0
14.0,0.0
18.0,0.0
19.0,1.0
26.0,0.0
42.0,3.0
48.0,0.0
49.0,0.0
42.0,3.0
47.0,4.0
52.0,5.0
77.0,3.0
67.0,1.0
67.0,3.0
92.0,4.0
66.0,2.0
68.0,3.0
68.0,2.0
78.0,2.0
62.0,1.0
81.0,1.0
88.0,5.0
66.0,2.0
67.0,4.0
84.0,2.0
84.0,4.0
87.0,1.0
74.0,3.0
74.0,4.0
94.0,4.0
103.0,3.0
70.0,4.0
88.0,3.0
103.0,6.0
92.0,9.0
92.0,4.0
105.0,3.0
96.0,3.0
108.0,5.0
101.0,4.0
99.0,2.0
130.0,4.0
116.0,7.0
118.0,3.0
119.0,2.0
109.0,2.0
94.0,2.0
92.0,3.0
111.0,2.0
119.0,0.0
138.0,3.0
118.0,0.0
124.0,9.0
106.0,3.0
129.0,3.0
128.0,6.0
123.0,5.0
158.0,4.0
151.0,3.0
161.0,4.0
160.0,1.0
152.0,9.0
171.0,8.0
174.0,6.0
167.0,6.0
171.0,5.0
161.0,8.0
162.0,4.0
152.0,4.0
116.0,1.0
123.0,6.0
132.0,3.0
97.0,4.0
117.0,3.0
98.0,0.0
120.0,5.0
107.0,3.0
120.0,5.0
113.0,4.0
120.0,3.0
118.0,2.0
110.0,4.0
143.0,7.0
136.0,3.0
116.0,2.0
145.0,0.0
139.0,2.0
139.0,5.0
146.0,4.0
141.0,4.0
138.0,3.0
137.0,3.0
157.0,2.0
122.0,2.0
123.0,8.0
123.0,4.0
78.0,1.0
92.0,4.0
97.0,5.0
98.0,3.0
84.0,4.0
73.0,5.0
54.0,9.0
58.0,10.0
52.0,3.0
64.0,4.0
