29.0,24.0
12.0,2.0
6.0,1.0
8.0,0.0
6.0,1.0
7.0,2.0
8.0,4.0
5.0,2.0
6.0,0.0
1.0,0.0
1.0,0.0
5.0,2.0
3.0,2.0
2.0,1.0
3.0,0.0
5.0,0.0
0.0,1.0
0.0,0.0
1.0,0.0
1.0,1.0
1.0,2.0
3.0,0.0
0.0,0.0
2.0,0.0
2.0,0.0
0.0,0.0
1.0,0.0
0.0,0.0
2.0,0.0
3.0,0.0
1.0,0.0
1.0,0.0
1.0,1.0
4.0,1.0
3.0,1.0
4.0,5.0
6.0,6.0
5.0,1.0
13.0,2.0
12.0,1.0
19.0,0.0
30.0,1.0
57.0,1.0
60.0,0.0
113.0,3.0
146.0,1.0
181.0,6.0
175.0,5.0
276.0,8.0
304.0,38.0
210.0,8.0
252.0,7.0
293.0,52.0
219.0,21.0
128.0,0.0
97.0,1.0
119.0,2.0
99.0,5.0
95.0,7.0
65.0,6.0
65.0,1.0
65.0,2.0
50.0,5.0
61.0,6.0
57.0,2.0
44.0,2.0
40.0,1.0
54.0,1.0
69.0,0.0
72.0,7.0
62.0,1.0
80.0,2.0
66.0,3.0
74.0,1.0
60.0,2.0
85.0,1.0
76.0,5.0
110.0,3.0
88.0,0.0
91.0,6.0
74.0,2.0
64.0,6.0
81.0,5.0
69.0,0.0
94.0,2.0
74.0,2.0
79.0,1.0
67.0,2.0
77.0,2.0
60.0,1.0
65.0,2.0
66.0,5.0
81.0,2.0
92.0,7.0
92.0,4.0
79.0,1.0
86.0,6.0
92.0,1.0
77.0,1.0
89.0,3.0
97.0,6.0
76.0,2.0
136.0,7.0
101.0,4.0
101.0,5.0
198.0,5.0
184.0,5.0
178.0,3.0
195.0,2.0
192.0,8.0
155.0,4.0
129.0,2.0
120.0,11.0
98.0,11.0
89.0,3.0
91.0,4.0
100.0,4.0
111.0,2.0
93.0,5.0
88.0,5.0
83.0,3.0
75.0,1.0
69.0,3.0
119.0,3.0
95.0,2.0
100.0,4.0
114.0,7.0
105.0,2.0
78.0,6.0
98.0,2.0
80.0,1.0
69.0,2.0
80.0,1.0
86.0,1.0
62.0,1.0
52.0,0.0
55.0,3.0
25.0,1.0
33.0,0.0
29.0,2.0
13.0,1.0
24.0,0.0
18.0,0.0
16.0,0.0
