50.0,2.0
36.0,6.0
35.0,5.0
33.0,4.0
28.0,1.0
18.0,2.0
34.0,1.0
27.0,4.0
24.0,1.0
21.0,2.0
18.0,3.0
14.0,2.0
14.0,1.0
13.0,0.0
9.0,2.0
11.0,4.0
10.0,2.0
9.0,2.0
9.0,1.0
6.0,0.0
5.0,1.0
3.0,0.0
5.0,0.0
5.0,1.0
4.0,1.0
7.0,2.0
2.0,8.0
4.0,2.0
2.0,1.0
6.0,1.0
3.0,3.0
4.0,3.0
5.0,4.0
6.0,1.0
7.0,0.0
6.0,4.0
10.0,3.0
13.0,12.0
15.0,5.0
27.0,1.0
24.0,1.0
68.0,1.0
95.0,0.0
144.0,3.0
221.0,6.0
233.0,6.0
298.0,9.0
397.0,43.0
520.0,311.0
482.0,456.0
461.0,292.0
501.0,436.0
483.0,333.0
594.0,94.0
529.0,16.0
522.0,12.0
361.0,8.0
284.0,12.0
245.0,4.0
177.0,3.0
159.0,7.0
166.0,6.0
153.0,8.0
137.0,4.0
118.0,5.0
131.0,11.0
125.0,7.0
127.0,2.0
127.0,5.0
160.0,5.0
136.0,4.0
129.0,8.0
144.0,4.0
144.0,5.0
130.0,3.0
142.0,1.0
159.0,1.0
157.0,5.0
171.0,13.0
169.0,5.0
180.0,1.0
165.0,6.0
184.0,5.0
132.0,7.0
148.0,3.0
154.0,13.0
154.0,17.0
135.0,13.0
128.0,3.0
145.0,6.0
173.0,7.0
137.0,13.0
156.0,12.0
159.0,2.0
157.0,2.0
172.0,8.0
157.0,16.0
165.0,8.0
170.0,8.0
160.0,4.0
188.0,7.0
214.0,17.0
250.0,23.0
274.0,32.0
210.0,40.0
280.0,25.0
330.0,42.0
296.0,52.0
361.0,31.0
292.0,35.0
272.0,29.0
282.0,18.0
261.0,18.0
246.0,8.0
198.0,7.0
181.0,5.0
205.0,4.0
248.0,6.0
190.0,10.0
233.0,21.0
270.0,8.0
258.0,16.0
310.0,15.0
284.0,18.0
340.0,24.0
318.0,103.0
292.0,118.0
294.0,147.0
315.0,112.0
311.0,84.0
278.0,62.0
268.0,70.0
219.0,31.0
212.0,18.0
180.0,6.0
157.0,7.0
137.0,5.0
153.0,5.0
116.0,6.0
105.0,5.0
113.0,9.0
96.0,5.0
74.0,2.0
65.0,5.0
