42.0,4.0
45.0,5.0
32.0,5.0
27.0,0.0
30.0,0.0
24.0,2.0
18.0,1.0
15.0,1.0
25.0,1.0
19.0,1.0
9.0,2.0
16.0,2.0
11.0,1.0
11.0,0.0
7.0,1.0
5.0,1.0
3.0,0.0
5.0,0.0
4.0,0.0
9.0,0.0
9.0,0.0
3.0,0.0
5.0,0.0
5.0,1.0
4.0,1.0
6.0,0.0
4.0,0.0
1.0,0.0
6.0,0.0
3.0,0.0
3.0,1.0
4.0,1.0
3.0,2.0
2.0,9.0
6.0,8.0
6.0,9.0
7.0,16.0
8.0,10.0
12.0,9.0
47.0,3.0
61.0,2.0
68.0,12.0
102.0,41.0
120.0,76.0
102.0,223.0
121.0,227.0
143.0,269.0
145.0,295.0
154.0,394.0
136.0,358.0
151.0,491.0
140.0,537.0
170.0,437.0
221.0,323.0
188.0,240.0
208.0,279.0
221.0,290.0
162.0,205.0
191.0,145.0
199.0,58.0
161.0,15.0
132.0,8.0
124.0,7.0
106.0,5.0
103.0,2.0
107.0,2.0
119.0,2.0
89.0,3.0
75.0,3.0
99.0,4.0
87.0,8.0
80.0,4.0
102.0,10.0
90.0,3.0
129.0,6.0
116.0,5.0
114.0,10.0
112.0,8.0
130.0,8.0
108.0,18.0
119.0,11.0
126.0,27.0
134.0,34.0
118.0,19.0
104.0,17.0
113.0,18.0
115.0,25.0
102.0,52.0
104.0,24.0
90.0,14.0
112.0,16.0
89.0,43.0
111.0,72.0
145.0,4.0
125.0,4.0
132.0,6.0
137.0,7.0
147.0,6.0
125.0,8.0
120.0,4.0
134.0,3.0
176.0,6.0
250.0,9.0
219.0,5.0
264.0,11.0
307.0,44.0
251.0,84.0
220.0,46.0
275.0,39.0
260.0,60.0
232.0,19.0
186.0,6.0
204.0,7.0
162.0,6.0
173.0,3.0
150.0,9.0
148.0,8.0
154.0,13.0
132.0,14.0
147.0,10.0
174.0,8.0
145.0,6.0
184.0,7.0
141.0,6.0
143.0,4.0
179.0,2.0
203.0,6.0
156.0,8.0
181.0,13.0
151.0,9.0
145.0,14.0
169.0,7.0
128.0,1.0
126.0,8.0
122.0,3.0
76.0,3.0
78.0,5.0
69.0,4.0
71.0,3.0
61.0,1.0
48.0,3.0
42.0,4.0
39.0,2.0
30.0,2.0
