10.0,1.0
14.0,1.0
13.0,1.0
12.0,3.0
19.0,0.0
20.0,0.0
20.0,4.0
21.0,11.0
9.0,7.0
10.0,0.0
12.0,0.0
3.0,0.0
7.0,1.0
4.0,3.0
3.0,2.0
3.0,2.0
4.0,1.0
4.0,0.0
1.0,2.0
3.0,3.0
3.0,1.0
1.0,1.0
5.0,1.0
1.0,0.0
2.0,0.0
0.0,1.0
0.0,1.0
1.0,0.0
0.0,0.0
0.0,0.0
0.0,0.0
3.0,1.0
1.0,0.0
2.0,3.0
3.0,0.0
0.0,1.0
0.0,3.0
3.0,4.0
5.0,3.0
8.0,3.0
4.0,0.0
12.0,0.0
8.0,0.0
13.0,0.0
15.0,0.0
19.0,0.0
17.0,2.0
15.0,1.0
27.0,0.0
31.0,3.0
38.0,3.0
28.0,2.0
31.0,1.0
21.0,0.0
31.0,0.0
35.0,1.0
27.0,1.0
43.0,1.0
26.0,5.0
34.0,4.0
36.0,4.0
26.0,6.0
39.0,1.0
28.0,2.0
40.0,6.0
35.0,7.0
36.0,3.0
32.0,3.0
33.0,12.0
41.0,9.0
44.0,6.0
37.0,5.0
52.0,2.0
36.0,12.0
45.0,4.0
35.0,2.0
48.0,1.0
27.0,4.0
58.0,8.0
56.0,9.0
51.0,7.0
40.0,7.0
45.0,3.0
48.0,2.0
55.0,8.0
57.0,6.0
58.0,8.0
64.0,5.0
52.0,9.0
70.0,3.0
54.0,2.0
71.0,10.0
66.0,8.0
66.0,1.0
60.0,4.0
62.0,2.0
63.0,2.0
58.0,0.0
53.0,2.0
61.0,1.0
58.0,9.0
70.0,1.0
65.0,0.0
56.0,0.0
72.0,3.0
64.0,0.0
76.0,4.0
75.0,2.0
58.0,6.0
67.0,0.0
57.0,1.0
60.0,2.0
65.0,2.0
48.0,3.0
63.0,2.0
62.0,0.0
56.0,4.0
64.0,4.0
57.0,2.0
62.0,1.0
71.0,0.0
71.0,4.0
94.0,4.0
68.0,3.0
65.0,2.0
68.0,8.0
70.0,2.0
51.0,2.0
69.0,1.0
44.0,4.0
55.0,3.0
61.0,5.0
54.0,1.0
48.0,1.0
27.0,0.0
47.0,0.0
32.0,1.0
26.0,3.0
22.0,1.0
15.0,1.0
29.0,0.0
16.0,0.0
16.0,2.0
19.0,0.0
