4.0,0.0
3.0,0.0
2.0,0.0
2.0,1.0
2.0,2.0
2.0,0.0
0.0,1.0
1.0,2.0
2.0,0.0
0.0,0.0
0.0,1.0
1.0,0.0
0.0,0.0
1.0,0.0
1.0,0.0
0.0,0.0
0.0,0.0
0.0,0.0
0.0,1.0
0.0,0.0
0.0,0.0
0.0,0.0
0.0,0.0
0.0,0.0
0.0,0.0
0.0,0.0
0.0,0.0
0.0,0.0
0.0,0.0
0.0,0.0
0.0,0.0
0.0,0.0
0.0,0.0
0.0,2.0
0.0,0.0
0.0,0.0
0.0,0.0
0.0,0.0
0.0,0.0
5.0,0.0
2.0,0.0
3.0,0.0
2.0,0.0
5.0,0.0
5.0,0.0
16.0,0.0
4.0,1.0
16.0,1.0
32.0,5.0
27.0,1.0
40.0,1.0
50.0,1.0
58.0,1.0
44.0,1.0
36.0,0.0
42.0,1.0
29.0,2.0
30.0,0.0
24.0,5.0
24.0,2.0
13.0,1.0
8.0,0.0
8.0,0.0
10.0,0.0
7.0,0.0
4.0,0.0
6.0,0.0
4.0,1.0
5.0,0.0
13.0,1.0
12.0,1.0
8.0,1.0
11.0,0.0
8.0,1.0
10.0,0.0
11.0,0.0
17.0,2.0
11.0,2.0
10.0,0.0
16.0,0.0
15.0,2.0
10.0,0.0
13.0,3.0
7.0,0.0
10.0,0.0
15.0,1.0
10.0,0.0
13.0,0.0
12.0,1.0
8.0,0.0
9.0,1.0
10.0,2.0
10.0,1.0
12.0,0.0
11.0,1.0
16.0,0.0
19.0,1.0
12.0,1.0
7.0,0.0
14.0,2.0
12.0,0.0
21.0,0.0
24.0,0.0
13.0,1.0
16.0,1.0
19.0,3.0
15.0,2.0
18.0,2.0
23.0,15.0
23.0,22.0
27.0,17.0
26.0,15.0
30.0,18.0
22.0,14.0
19.0,25.0
7.0,26.0
12.0,45.0
16.0,23.0
12.0,16.0
9.0,4.0
12.0,1.0
18.0,3.0
27.0,3.0
17.0,5.0
18.0,1.0
13.0,3.0
18.0,1.0
10.0,1.0
13.0,0.0
12.0,6.0
11.0,1.0
11.0,0.0
8.0,2.0
11.0,0.0
8.0,0.0
9.0,1.0
8.0,1.0
9.0,0.0
4.0,0.0
2.0,0.0
3.0,0.0
6.0,0.0
1.0,0.0
3.0,0.0
