159.0,41.0
138.0,66.0
127.0,33.0
118.0,31.0
115.0,8.0
109.0,17.0
99.0,57.0
98.0,20.0
91.0,37.0
90.0,11.0
81.0,17.0
90.0,15.0
74.0,16.0
58.0,7.0
46.0,7.0
51.0,4.0
54.0,19.0
55.0,4.0
50.0,4.0
39.0,6.0
30.0,4.0
37.0,5.0
31.0,1.0
42.0,4.0
32.0,7.0
32.0,11.0
35.0,5.0
28.0,11.0
31.0,5.0
21.0,4.0
21.0,3.0
19.0,2.0
25.0,0.0
28.0,2.0
38.0,2.0
23.0,4.0
30.0,7.0
25.0,7.0
30.0,27.0
64.0,2.0
86.0,5.0
108.0,6.0
152.0,5.0
215.0,4.0
281.0,2.0
324.0,11.0
458.0,31.0
441.0,68.0
475.0,74.0
465.0,90.0
503.0,32.0
515.0,35.0
424.0,23.0
347.0,7.0
410.0,13.0
394.0,12.0
402.0,15.0
372.0,11.0
366.0,8.0
356.0,15.0
352.0,12.0
349.0,7.0
347.0,4.0
391.0,8.0
361.0,7.0
372.0,3.0
376.0,16.0
392.0,15.0
386.0,11.0
400.0,13.0
407.0,15.0
386.0,11.0
356.0,4.0
353.0,8.0
354.0,6.0
376.0,4.0
371.0,9.0
393.0,7.0
376.0,14.0
435.0,15.0
421.0,19.0
477.0,18.0
428.0,25.0
444.0,27.0
457.0,33.0
480.0,63.0
451.0,38.0
479.0,125.0
468.0,186.0
454.0,156.0
450.0,247.0
405.0,384.0
341.0,277.0
679.0,24.0
536.0,21.0
528.0,20.0
513.0,13.0
590.0,61.0
583.0,46.0
616.0,92.0
599.0,60.0
680.0,71.0
689.0,404.0
599.0,549.0
534.0,754.0
520.0,1081.0
507.0,773.0
496.0,699.0
504.0,690.0
577.0,437.0
582.0,185.0
538.0,14.0
504.0,13.0
489.0,13.0
438.0,14.0
470.0,11.0
464.0,11.0
459.0,15.0
473.0,12.0
498.0,57.0
587.0,27.0
614.0,37.0
628.0,77.0
529.0,121.0
537.0,87.0
540.0,166.0
530.0,250.0
468.0,451.0
431.0,376.0
412.0,299.0
432.0,444.0
447.0,357.0
407.0,298.0
381.0,188.0
356.0,58.0
298.0,17.0
298.0,10.0
233.0,12.0
236.0,22.0
185.0,7.0
215.0,11.0
196.0,28.0
183.0,22.0
136.0,16.0
