145.0,12.0
134.0,33.0
136.0,33.0
141.0,16.0
102.0,60.0
114.0,35.0
109.0,25.0
96.0,18.0
98.0,13.0
91.0,9.0
82.0,11.0
75.0,11.0
59.0,3.0
77.0,9.0
68.0,7.0
65.0,8.0
57.0,3.0
40.0,8.0
56.0,14.0
43.0,3.0
41.0,4.0
48.0,17.0
35.0,11.0
41.0,16.0
25.0,6.0
30.0,8.0
29.0,2.0
23.0,8.0
29.0,2.0
23.0,2.0
24.0,4.0
17.0,3.0
11.0,1.0
23.0,4.0
19.0,3.0
19.0,10.0
24.0,18.0
28.0,28.0
26.0,15.0
63.0,9.0
55.0,13.0
65.0,19.0
89.0,24.0
108.0,33.0
131.0,50.0
176.0,37.0
214.0,70.0
235.0,93.0
245.0,91.0
255.0,148.0
282.0,126.0
264.0,85.0
276.0,58.0
266.0,21.0
274.0,14.0
273.0,13.0
329.0,31.0
316.0,45.0
268.0,78.0
287.0,27.0
302.0,25.0
275.0,18.0
291.0,31.0
285.0,20.0
303.0,40.0
288.0,38.0
274.0,32.0
248.0,25.0
270.0,21.0
290.0,43.0
315.0,43.0
273.0,29.0
318.0,31.0
265.0,71.0
300.0,84.0
285.0,80.0
327.0,138.0
318.0,148.0
287.0,153.0
346.0,169.0
324.0,218.0
302.0,223.0
342.0,199.0
288.0,226.0
315.0,207.0
292.0,154.0
301.0,194.0
308.0,132.0
316.0,66.0
296.0,90.0
286.0,51.0
297.0,52.0
304.0,36.0
302.0,20.0
313.0,55.0
293.0,92.0
355.0,9.0
329.0,7.0
330.0,11.0
309.0,6.0
345.0,5.0
417.0,13.0
396.0,11.0
387.0,28.0
379.0,15.0
397.0,19.0
396.0,22.0
363.0,12.0
363.0,15.0
326.0,9.0
339.0,6.0
426.0,14.0
415.0,9.0
398.0,9.0
345.0,10.0
313.0,6.0
282.0,9.0
319.0,13.0
316.0,8.0
377.0,43.0
364.0,12.0
367.0,10.0
319.0,14.0
382.0,29.0
338.0,67.0
305.0,35.0
339.0,39.0
346.0,71.0
328.0,94.0
338.0,97.0
315.0,195.0
343.0,301.0
293.0,360.0
320.0,397.0
303.0,292.0
267.0,216.0
244.0,87.0
235.0,40.0
213.0,25.0
190.0,22.0
158.0,12.0
198.0,14.0
170.0,15.0
149.0,12.0
