24.0,0.0
25.0,0.0
20.0,1.0
27.0,1.0
17.0,3.0
19.0,1.0
24.0,1.0
22.0,0.0
20.0,0.0
13.0,0.0
15.0,0.0
11.0,1.0
8.0,0.0
10.0,0.0
9.0,0.0
10.0,1.0
9.0,0.0
7.0,0.0
6.0,0.0
9.0,0.0
8.0,4.0
10.0,1.0
4.0,1.0
3.0,1.0
6.0,0.0
7.0,1.0
3.0,0.0
5.0,0.0
5.0,0.0
6.0,2.0
6.0,0.0
4.0,2.0
2.0,3.0
1.0,4.0
7.0,4.0
8.0,1.0
9.0,1.0
6.0,2.0
12.0,9.0
21.0,0.0
27.0,1.0
40.0,1.0
58.0,3.0
72.0,5.0
78.0,6.0
99.0,0.0
90.0,1.0
126.0,7.0
144.0,15.0
129.0,29.0
146.0,21.0
151.0,28.0
121.0,20.0
95.0,1.0
82.0,0.0
80.0,3.0
100.0,0.0
61.0,0.0
74.0,2.0
47.0,1.0
51.0,0.0
47.0,2.0
55.0,2.0
42.0,1.0
57.0,0.0
37.0,0.0
39.0,3.0
61.0,1.0
65.0,2.0
70.0,0.0
45.0,2.0
62.0,1.0
61.0,2.0
54.0,3.0
48.0,2.0
56.0,4.0
62.0,2.0
57.0,3.0
71.0,1.0
66.0,3.0
77.0,4.0
53.0,5.0
51.0,3.0
52.0,12.0
68.0,4.0
54.0,1.0
52.0,1.0
50.0,2.0
67.0,4.0
52.0,1.0
75.0,3.0
53.0,1.0
57.0,5.0
68.0,2.0
67.0,3.0
61.0,1.0
56.0,1.0
46.0,2.0
64.0,3.0
77.0,4.0
75.0,1.0
96.0,3.0
80.0,2.0
116.0,3.0
109.0,3.0
136.0,1.0
127.0,4.0
93.0,2.0
118.0,2.0
120.0,5.0
119.0,6.0
94.0,1.0
89.0,9.0
89.0,2.0
70.0,3.0
62.0,1.0
91.0,0.0
80.0,2.0
73.0,0.0
86.0,10.0
80.0,3.0
81.0,3.0
78.0,0.0
59.0,2.0
67.0,1.0
73.0,2.0
82.0,1.0
68.0,5.0
76.0,2.0
87.0,5.0
70.0,0.0
67.0,4.0
58.0,2.0
48.0,1.0
58.0,3.0
70.0,1.0
58.0,9.0
60.0,1.0
39.0,1.0
36.0,2.0
37.0,0.0
35.0,2.0
32.0,0.0
25.0,0.0
