63.0,13.0
51.0,2.0
66.0,11.0
51.0,13.0
41.0,10.0
45.0,10.0
48.0,9.0
30.0,11.0
32.0,17.0
37.0,12.0
32.0,17.0
30.0,26.0
37.0,26.0
31.0,14.0
18.0,2.0
27.0,7.0
18.0,6.0
26.0,6.0
23.0,6.0
16.0,16.0
29.0,15.0
20.0,16.0
17.0,5.0
15.0,1.0
14.0,1.0
14.0,3.0
16.0,10.0
13.0,11.0
4.0,1.0
8.0,5.0
5.0,7.0
9.0,0.0
6.0,0.0
9.0,1.0
8.0,5.0
6.0,6.0
7.0,2.0
6.0,3.0
8.0,8.0
19.0,0.0
23.0,0.0
35.0,2.0
57.0,0.0
68.0,1.0
84.0,1.0
69.0,6.0
115.0,26.0
102.0,49.0
122.0,56.0
127.0,59.0
137.0,48.0
147.0,20.0
175.0,28.0
122.0,7.0
137.0,2.0
152.0,3.0
121.0,3.0
121.0,2.0
111.0,6.0
103.0,2.0
103.0,2.0
101.0,3.0
98.0,10.0
94.0,3.0
94.0,6.0
95.0,1.0
89.0,1.0
125.0,8.0
102.0,6.0
117.0,2.0
130.0,4.0
105.0,2.0
96.0,5.0
128.0,5.0
110.0,8.0
118.0,6.0
112.0,4.0
110.0,1.0
132.0,6.0
113.0,4.0
133.0,8.0
134.0,4.0
143.0,8.0
126.0,3.0
121.0,12.0
149.0,3.0
116.0,4.0
152.0,14.0
137.0,6.0
165.0,7.0
156.0,10.0
167.0,22.0
139.0,70.0
198.0,18.0
133.0,6.0
124.0,2.0
171.0,6.0
156.0,24.0
189.0,27.0
188.0,28.0
223.0,25.0
195.0,21.0
259.0,193.0
223.0,324.0
201.0,359.0
181.0,539.0
159.0,248.0
144.0,234.0
202.0,215.0
184.0,174.0
209.0,153.0
252.0,71.0
250.0,18.0
174.0,4.0
230.0,23.0
196.0,16.0
179.0,10.0
148.0,6.0
185.0,10.0
155.0,18.0
185.0,15.0
169.0,6.0
176.0,9.0
160.0,6.0
170.0,8.0
196.0,57.0
151.0,68.0
167.0,60.0
168.0,86.0
159.0,67.0
160.0,44.0
131.0,20.0
170.0,31.0
140.0,16.0
119.0,2.0
115.0,2.0
121.0,4.0
93.0,4.0
67.0,3.0
79.0,2.0
74.0,6.0
57.0,0.0
80.0,5.0
63.0,5.0
