139.0,5.0
184.0,4.0
135.0,15.0
154.0,8.0
139.0,7.0
151.0,5.0
119.0,2.0
100.0,7.0
100.0,6.0
95.0,4.0
77.0,2.0
60.0,3.0
61.0,6.0
53.0,0.0
39.0,2.0
35.0,6.0
28.0,0.0
38.0,15.0
24.0,43.0
28.0,8.0
22.0,12.0
27.0,10.0
17.0,3.0
15.0,1.0
11.0,16.0
16.0,22.0
8.0,13.0
7.0,17.0
9.0,3.0
9.0,15.0
4.0,17.0
5.0,30.0
7.0,20.0
3.0,18.0
4.0,30.0
10.0,32.0
1.0,35.0
9.0,33.0
9.0,31.0
21.0,14.0
28.0,31.0
30.0,4.0
32.0,7.0
39.0,0.0
42.0,1.0
66.0,3.0
59.0,2.0
60.0,3.0
69.0,0.0
66.0,3.0
68.0,4.0
87.0,3.0
83.0,3.0
66.0,2.0
62.0,2.0
66.0,5.0
90.0,2.0
73.0,8.0
92.0,3.0
87.0,6.0
93.0,2.0
99.0,3.0
84.0,6.0
90.0,2.0
111.0,4.0
111.0,9.0
103.0,10.0
121.0,21.0
106.0,29.0
110.0,12.0
106.0,18.0
108.0,21.0
106.0,7.0
107.0,20.0
106.0,12.0
109.0,13.0
121.0,7.0
101.0,2.0
109.0,8.0
132.0,10.0
128.0,16.0
115.0,21.0
138.0,18.0
112.0,10.0
139.0,8.0
133.0,7.0
143.0,10.0
151.0,14.0
134.0,17.0
128.0,4.0
125.0,15.0
143.0,62.0
156.0,40.0
150.0,9.0
185.0,3.0
158.0,2.0
155.0,5.0
171.0,1.0
180.0,8.0
186.0,12.0
203.0,14.0
193.0,8.0
197.0,8.0
192.0,14.0
191.0,22.0
176.0,6.0
180.0,6.0
154.0,4.0
152.0,2.0
139.0,6.0
116.0,5.0
122.0,2.0
134.0,6.0
117.0,4.0
135.0,2.0
137.0,3.0
118.0,5.0
94.0,4.0
134.0,2.0
128.0,5.0
159.0,5.0
132.0,1.0
152.0,6.0
160.0,7.0
149.0,4.0
136.0,4.0
176.0,6.0
166.0,4.0
136.0,5.0
151.0,6.0
131.0,5.0
144.0,4.0
134.0,1.0
117.0,4.0
112.0,1.0
102.0,2.0
110.0,4.0
76.0,2.0
75.0,6.0
68.0,2.0
72.0,2.0
81.0,5.0
74.0,20.0
79.0,23.0
