83.0,12.0
56.0,0.0
56.0,3.0
65.0,10.0
52.0,13.0
62.0,12.0
65.0,10.0
58.0,16.0
52.0,16.0
54.0,5.0
43.0,10.0
33.0,10.0
40.0,11.0
38.0,12.0
42.0,18.0
27.0,7.0
37.0,19.0
30.0,14.0
26.0,3.0
29.0,9.0
30.0,7.0
27.0,13.0
24.0,3.0
22.0,6.0
32.0,13.0
23.0,10.0
21.0,10.0
15.0,17.0
15.0,6.0
16.0,6.0
14.0,2.0
12.0,7.0
13.0,7.0
8.0,4.0
2.0,15.0
8.0,5.0
7.0,4.0
12.0,5.0
5.0,2.0
11.0,14.0
11.0,10.0
22.0,8.0
32.0,12.0
38.0,16.0
40.0,13.0
52.0,9.0
60.0,12.0
75.0,19.0
72.0,13.0
89.0,18.0
98.0,14.0
104.0,16.0
99.0,36.0
92.0,25.0
117.0,5.0
128.0,6.0
113.0,7.0
110.0,8.0
136.0,13.0
111.0,2.0
125.0,5.0
97.0,6.0
128.0,3.0
116.0,7.0
117.0,7.0
122.0,4.0
143.0,4.0
134.0,13.0
148.0,9.0
163.0,15.0
168.0,29.0
143.0,17.0
176.0,12.0
159.0,41.0
161.0,29.0
175.0,38.0
156.0,34.0
179.0,41.0
159.0,49.0
174.0,105.0
196.0,92.0
169.0,85.0
181.0,87.0
207.0,131.0
204.0,81.0
189.0,90.0
196.0,79.0
193.0,79.0
184.0,95.0
159.0,77.0
172.0,89.0
185.0,76.0
161.0,104.0
158.0,121.0
146.0,124.0
147.0,118.0
267.0,69.0
203.0,117.0
235.0,147.0
258.0,159.0
250.0,169.0
217.0,182.0
252.0,179.0
252.0,160.0
235.0,140.0
241.0,154.0
221.0,126.0
243.0,49.0
243.0,17.0
175.0,3.0
197.0,7.0
217.0,7.0
183.0,11.0
163.0,5.0
147.0,4.0
114.0,7.0
115.0,3.0
144.0,5.0
130.0,6.0
126.0,20.0
153.0,14.0
190.0,25.0
132.0,24.0
128.0,8.0
134.0,4.0
143.0,7.0
158.0,9.0
183.0,23.0
130.0,10.0
144.0,19.0
123.0,45.0
171.0,102.0
142.0,143.0
126.0,166.0
126.0,67.0
108.0,32.0
113.0,28.0
104.0,6.0
119.0,18.0
104.0,7.0
88.0,4.0
103.0,3.0
88.0,13.0
79.0,8.0
