40.0,2.0
32.0,1.0
23.0,0.0
35.0,0.0
12.0,0.0
18.0,0.0
14.0,0.0
11.0,0.0
13.0,1.0
13.0,1.0
13.0,0.0
12.0,0.0
7.0,1.0
13.0,1.0
3.0,0.0
7.0,2.0
2.0,1.0
8.0,0.0
3.0,0.0
1.0,0.0
4.0,3.0
4.0,0.0
3.0,0.0
3.0,1.0
2.0,0.0
5.0,3.0
1.0,0.0
3.0,1.0
2.0,4.0
2.0,1.0
1.0,3.0
4.0,18.0
5.0,20.0
5.0,8.0
2.0,16.0
3.0,13.0
4.0,20.0
5.0,8.0
7.0,37.0
12.0,39.0
25.0,49.0
22.0,37.0
33.0,28.0
36.0,4.0
48.0,18.0
49.0,16.0
63.0,6.0
61.0,7.0
57.0,2.0
71.0,9.0
65.0,12.0
72.0,6.0
73.0,4.0
73.0,7.0
81.0,5.0
81.0,9.0
87.0,16.0
91.0,24.0
77.0,40.0
89.0,49.0
74.0,50.0
78.0,49.0
74.0,60.0
69.0,48.0
70.0,60.0
78.0,55.0
70.0,80.0
76.0,85.0
76.0,76.0
83.0,57.0
65.0,87.0
83.0,61.0
82.0,84.0
75.0,44.0
76.0,52.0
73.0,42.0
73.0,55.0
84.0,72.0
95.0,65.0
84.0,62.0
83.0,64.0
93.0,65.0
68.0,87.0
78.0,67.0
74.0,63.0
65.0,49.0
81.0,35.0
77.0,69.0
73.0,73.0
80.0,54.0
66.0,40.0
75.0,25.0
73.0,33.0
96.0,1.0
88.0,3.0
102.0,4.0
66.0,3.0
72.0,3.0
96.0,4.0
107.0,2.0
90.0,8.0
98.0,6.0
100.0,4.0
112.0,6.0
97.0,1.0
129.0,9.0
98.0,3.0
124.0,2.0
136.0,8.0
125.0,4.0
93.0,2.0
90.0,0.0
117.0,2.0
67.0,3.0
69.0,2.0
71.0,2.0
69.0,1.0
68.0,1.0
75.0,2.0
45.0,2.0
72.0,2.0
69.0,2.0
51.0,2.0
59.0,1.0
67.0,2.0
72.0,1.0
61.0,1.0
70.0,3.0
60.0,1.0
65.0,1.0
66.0,2.0
63.0,0.0
84.0,2.0
56.0,2.0
61.0,3.0
46.0,1.0
39.0,1.0
39.0,1.0
37.0,0.0
24.0,2.0
14.0,0.0
27.0,3.0
18.0,2.0
17.0,0.0
