1.0,2.0
2.0,1.0
1.0,2.0
1.0,0.0
2.0,0.0
3.0,2.0
1.0,2.0
1.0,1.0
2.0,0.0
1.0,0.0
0.0,0.0
2.0,2.0
1.0,1.0
1.0,0.0
1.0,0.0
1.0,0.0
0.0,3.0
2.0,2.0
0.0,3.0
0.0,2.0
0.0,0.0
1.0,0.0
0.0,0.0
1.0,0.0
0.0,1.0
0.0,0.0
0.0,0.0
0.0,0.0
0.0,0.0
0.0,0.0
1.0,0.0
0.0,0.0
0.0,0.0
0.0,1.0
0.0,1.0
0.0,0.0
1.0,1.0
1.0,0.0
0.0,1.0
6.0,2.0
6.0,2.0
6.0,5.0
11.0,9.0
23.0,12.0
21.0,10.0
24.0,24.0
34.0,8.0
33.0,4.0
31.0,16.0
24.0,1.0
30.0,10.0
22.0,8.0
22.0,7.0
31.0,6.0
21.0,5.0
29.0,10.0
28.0,8.0
16.0,4.0
16.0,4.0
17.0,5.0
18.0,3.0
13.0,3.0
10.0,5.0
18.0,9.0
12.0,6.0
14.0,2.0
12.0,8.0
11.0,4.0
16.0,6.0
10.0,2.0
8.0,2.0
6.0,1.0
8.0,1.0
7.0,3.0
14.0,2.0
14.0,3.0
7.0,1.0
12.0,3.0
12.0,0.0
10.0,3.0
20.0,4.0
7.0,1.0
8.0,3.0
14.0,4.0
21.0,4.0
6.0,6.0
11.0,0.0
10.0,0.0
6.0,0.0
10.0,2.0
11.0,3.0
9.0,0.0
10.0,1.0
11.0,0.0
9.0,0.0
16.0,3.0
12.0,3.0
10.0,0.0
15.0,1.0
19.0,5.0
9.0,6.0
15.0,0.0
18.0,2.0
15.0,2.0
9.0,0.0
21.0,4.0
19.0,3.0
11.0,0.0
11.0,3.0
9.0,0.0
7.0,0.0
11.0,2.0
10.0,2.0
8.0,0.0
4.0,0.0
12.0,0.0
8.0,2.0
14.0,1.0
16.0,1.0
3.0,1.0
3.0,0.0
10.0,1.0
10.0,4.0
10.0,3.0
9.0,1.0
6.0,2.0
2.0,0.0
9.0,0.0
4.0,0.0
3.0,1.0
5.0,0.0
12.0,0.0
7.0,0.0
11.0,0.0
3.0,3.0
3.0,4.0
6.0,0.0
2.0,0.0
5.0,1.0
2.0,0.0
3.0,0.0
4.0,0.0
4.0,2.0
3.0,0.0
