37.0,11.0
18.0,7.0
18.0,3.0
11.0,9.0
5.0,2.0
11.0,1.0
12.0,1.0
7.0,9.0
5.0,2.0
9.0,1.0
4.0,1.0
3.0,0.0
5.0,1.0
4.0,1.0
3.0,1.0
4.0,0.0
6.0,1.0
2.0,0.0
2.0,0.0
2.0,0.0
3.0,0.0
1.0,0.0
2.0,0.0
0.0,0.0
0.0,0.0
3.0,1.0
2.0,0.0
0.0,1.0
2.0,0.0
0.0,3.0
1.0,1.0
0.0,0.0
1.0,0.0
1.0,0.0
1.0,1.0
1.0,1.0
2.0,3.0
4.0,4.0
8.0,3.0
11.0,2.0
23.0,1.0
27.0,0.0
50.0,0.0
68.0,3.0
87.0,1.0
137.0,5.0
153.0,2.0
230.0,40.0
237.0,199.0
217.0,338.0
268.0,160.0
316.0,177.0
288.0,182.0
287.0,25.0
222.0,6.0
186.0,3.0
142.0,5.0
96.0,3.0
114.0,2.0
87.0,0.0
72.0,5.0
56.0,1.0
45.0,4.0
46.0,2.0
51.0,1.0
53.0,2.0
44.0,2.0
43.0,0.0
53.0,0.0
63.0,2.0
81.0,3.0
83.0,3.0
86.0,3.0
74.0,4.0
47.0,2.0
75.0,0.0
75.0,2.0
73.0,2.0
56.0,1.0
60.0,3.0
68.0,5.0
66.0,2.0
60.0,0.0
83.0,2.0
59.0,3.0
61.0,3.0
50.0,5.0
62.0,3.0
50.0,2.0
52.0,2.0
75.0,2.0
49.0,0.0
50.0,0.0
61.0,4.0
47.0,2.0
67.0,0.0
85.0,3.0
83.0,3.0
72.0,3.0
64.0,3.0
63.0,2.0
80.0,6.0
144.0,2.0
105.0,5.0
142.0,3.0
267.0,3.0
239.0,7.0
223.0,2.0
393.0,10.0
333.0,9.0
255.0,11.0
215.0,8.0
186.0,3.0
170.0,4.0
163.0,4.0
151.0,6.0
141.0,4.0
126.0,9.0
156.0,2.0
144.0,7.0
152.0,2.0
154.0,3.0
151.0,9.0
173.0,5.0
146.0,7.0
136.0,7.0
184.0,10.0
175.0,5.0
126.0,4.0
142.0,6.0
105.0,4.0
108.0,2.0
103.0,2.0
102.0,2.0
80.0,4.0
69.0,1.0
73.0,3.0
55.0,4.0
51.0,0.0
42.0,3.0
28.0,3.0
38.0,1.0
28.0,5.0
33.0,2.0
