31.0,1.0
29.0,2.0
35.0,3.0
38.0,2.0
30.0,2.0
33.0,2.0
25.0,1.0
13.0,0.0
22.0,1.0
10.0,0.0
17.0,1.0
18.0,1.0
11.0,1.0
19.0,1.0
12.0,0.0
7.0,2.0
9.0,3.0
21.0,5.0
8.0,18.0
9.0,0.0
7.0,4.0
8.0,12.0
7.0,0.0
7.0,8.0
4.0,6.0
5.0,4.0
5.0,2.0
2.0,0.0
4.0,2.0
6.0,4.0
3.0,10.0
2.0,7.0
4.0,14.0
3.0,12.0
7.0,16.0
2.0,6.0
1.0,5.0
3.0,11.0
9.0,10.0
13.0,13.0
18.0,16.0
18.0,5.0
17.0,0.0
18.0,0.0
21.0,2.0
32.0,2.0
48.0,2.0
52.0,0.0
40.0,0.0
47.0,1.0
51.0,1.0
47.0,1.0
53.0,2.0
41.0,2.0
45.0,0.0
48.0,0.0
36.0,0.0
42.0,1.0
51.0,2.0
44.0,0.0
35.0,3.0
26.0,4.0
53.0,6.0
55.0,12.0
63.0,5.0
48.0,18.0
47.0,19.0
39.0,29.0
34.0,22.0
56.0,5.0
47.0,6.0
56.0,19.0
44.0,8.0
48.0,19.0
52.0,29.0
51.0,16.0
52.0,16.0
48.0,15.0
50.0,2.0
51.0,3.0
61.0,19.0
55.0,16.0
60.0,9.0
57.0,17.0
59.0,29.0
47.0,27.0
60.0,21.0
59.0,29.0
56.0,13.0
53.0,11.0
43.0,7.0
59.0,14.0
48.0,11.0
72.0,3.0
65.0,2.0
58.0,3.0
54.0,4.0
58.0,0.0
53.0,1.0
66.0,0.0
81.0,2.0
49.0,3.0
74.0,0.0
70.0,2.0
87.0,0.0
67.0,3.0
80.0,3.0
56.0,2.0
76.0,1.0
69.0,2.0
59.0,4.0
53.0,2.0
44.0,1.0
47.0,2.0
41.0,0.0
51.0,1.0
75.0,3.0
44.0,3.0
37.0,3.0
60.0,1.0
48.0,1.0
43.0,0.0
41.0,1.0
63.0,4.0
43.0,1.0
48.0,2.0
50.0,1.0
52.0,0.0
58.0,0.0
42.0,1.0
35.0,2.0
49.0,1.0
53.0,3.0
43.0,2.0
40.0,1.0
40.0,0.0
39.0,2.0
36.0,5.0
32.0,0.0
18.0,0.0
33.0,2.0
17.0,1.0
16.0,1.0
11.0,2.0
