24.0,6.0
21.0,3.0
25.0,0.0
25.0,1.0
13.0,0.0
19.0,2.0
21.0,2.0
19.0,2.0
13.0,0.0
12.0,0.0
16.0,4.0
6.0,1.0
13.0,0.0
18.0,5.0
8.0,2.0
6.0,1.0
7.0,0.0
7.0,5.0
13.0,4.0
10.0,7.0
10.0,0.0
3.0,1.0
4.0,0.0
3.0,0.0
2.0,0.0
4.0,0.0
2.0,1.0
3.0,0.0
1.0,0.0
0.0,0.0
0.0,0.0
5.0,3.0
7.0,2.0
5.0,6.0
6.0,3.0
6.0,2.0
7.0,4.0
3.0,4.0
14.0,6.0
43.0,0.0
48.0,3.0
67.0,5.0
98.0,2.0
97.0,5.0
128.0,4.0
168.0,90.0
217.0,191.0
195.0,229.0
165.0,254.0
157.0,176.0
156.0,160.0
147.0,215.0
154.0,149.0
165.0,110.0
160.0,51.0
156.0,62.0
154.0,55.0
95.0,122.0
74.0,116.0
93.0,51.0
83.0,42.0
56.0,50.0
71.0,41.0
63.0,53.0
49.0,66.0
54.0,38.0
43.0,54.0
44.0,64.0
49.0,87.0
52.0,48.0
50.0,48.0
66.0,26.0
80.0,21.0
76.0,42.0
68.0,8.0
75.0,7.0
61.0,11.0
87.0,13.0
66.0,45.0
74.0,46.0
77.0,39.0
71.0,21.0
68.0,56.0
77.0,33.0
55.0,37.0
59.0,25.0
68.0,32.0
78.0,7.0
64.0,7.0
70.0,16.0
96.0,11.0
87.0,15.0
82.0,19.0
73.0,11.0
74.0,1.0
72.0,16.0
79.0,6.0
84.0,9.0
101.0,5.0
92.0,9.0
98.0,26.0
116.0,18.0
109.0,40.0
109.0,43.0
114.0,52.0
109.0,60.0
125.0,58.0
128.0,39.0
120.0,75.0
126.0,33.0
139.0,29.0
131.0,23.0
113.0,5.0
93.0,9.0
93.0,0.0
115.0,3.0
99.0,5.0
98.0,8.0
105.0,5.0
107.0,2.0
99.0,0.0
110.0,4.0
105.0,6.0
99.0,2.0
93.0,2.0
102.0,6.0
102.0,7.0
101.0,3.0
89.0,4.0
77.0,3.0
88.0,3.0
61.0,4.0
93.0,5.0
63.0,5.0
55.0,3.0
56.0,2.0
61.0,0.0
56.0,3.0
43.0,4.0
33.0,2.0
33.0,1.0
32.0,2.0
28.0,3.0
36.0,5.0
