76.0,1.0
48.0,10.0
48.0,9.0
30.0,3.0
39.0,9.0
35.0,3.0
34.0,9.0
35.0,5.0
36.0,4.0
44.0,6.0
37.0,4.0
37.0,10.0
36.0,10.0
30.0,9.0
21.0,2.0
24.0,4.0
28.0,11.0
20.0,4.0
23.0,7.0
26.0,5.0
22.0,5.0
26.0,11.0
15.0,6.0
21.0,4.0
23.0,10.0
15.0,2.0
21.0,6.0
20.0,12.0
8.0,11.0
12.0,3.0
8.0,1.0
9.0,2.0
9.0,1.0
7.0,4.0
7.0,1.0
4.0,6.0
9.0,3.0
4.0,6.0
4.0,2.0
25.0,4.0
24.0,2.0
57.0,1.0
57.0,3.0
64.0,4.0
76.0,7.0
99.0,12.0
108.0,34.0
115.0,40.0
130.0,63.0
117.0,55.0
143.0,23.0
149.0,21.0
168.0,16.0
137.0,6.0
147.0,9.0
167.0,9.0
136.0,4.0
138.0,7.0
153.0,7.0
102.0,4.0
100.0,1.0
88.0,0.0
106.0,5.0
78.0,0.0
97.0,5.0
100.0,2.0
125.0,3.0
109.0,1.0
114.0,5.0
126.0,5.0
104.0,6.0
140.0,9.0
144.0,18.0
107.0,5.0
116.0,7.0
103.0,5.0
131.0,8.0
112.0,5.0
124.0,20.0
129.0,27.0
114.0,51.0
139.0,64.0
125.0,66.0
117.0,20.0
140.0,48.0
109.0,19.0
141.0,33.0
112.0,30.0
123.0,27.0
122.0,38.0
117.0,76.0
119.0,83.0
102.0,52.0
187.0,3.0
152.0,2.0
146.0,5.0
148.0,16.0
162.0,11.0
170.0,21.0
171.0,15.0
172.0,17.0
188.0,39.0
253.0,78.0
242.0,104.0
213.0,188.0
233.0,211.0
190.0,187.0
170.0,155.0
199.0,139.0
207.0,145.0
256.0,125.0
232.0,19.0
230.0,5.0
194.0,6.0
164.0,5.0
191.0,11.0
155.0,8.0
152.0,10.0
151.0,6.0
163.0,13.0
182.0,2.0
179.0,6.0
203.0,9.0
182.0,11.0
196.0,13.0
165.0,18.0
203.0,37.0
165.0,72.0
159.0,93.0
147.0,101.0
161.0,65.0
145.0,86.0
149.0,31.0
119.0,22.0
129.0,13.0
131.0,14.0
106.0,8.0
81.0,6.0
93.0,4.0
66.0,5.0
77.0,2.0
46.0,1.0
49.0,3.0
51.0,7.0
