50.0,15.0
42.0,19.0
42.0,28.0
35.0,17.0
32.0,17.0
26.0,5.0
25.0,3.0
23.0,28.0
27.0,7.0
13.0,9.0
22.0,13.0
18.0,11.0
13.0,3.0
17.0,9.0
8.0,2.0
12.0,2.0
11.0,4.0
13.0,1.0
11.0,1.0
10.0,0.0
2.0,2.0
11.0,6.0
8.0,4.0
5.0,3.0
9.0,4.0
6.0,9.0
3.0,1.0
4.0,2.0
7.0,1.0
9.0,2.0
2.0,3.0
3.0,2.0
2.0,3.0
3.0,1.0
6.0,3.0
5.0,4.0
8.0,13.0
12.0,12.0
9.0,6.0
28.0,1.0
28.0,1.0
38.0,2.0
69.0,2.0
90.0,1.0
110.0,3.0
139.0,2.0
127.0,6.0
159.0,3.0
189.0,29.0
164.0,30.0
157.0,16.0
176.0,7.0
135.0,11.0
112.0,7.0
113.0,1.0
88.0,1.0
87.0,4.0
92.0,1.0
64.0,0.0
71.0,5.0
66.0,2.0
74.0,2.0
64.0,2.0
62.0,0.0
63.0,2.0
73.0,1.0
75.0,2.0
69.0,0.0
76.0,1.0
79.0,1.0
61.0,1.0
65.0,1.0
71.0,1.0
76.0,2.0
74.0,7.0
57.0,1.0
83.0,3.0
90.0,4.0
72.0,2.0
69.0,0.0
83.0,1.0
86.0,2.0
101.0,1.0
89.0,6.0
76.0,1.0
80.0,4.0
74.0,1.0
80.0,1.0
85.0,1.0
76.0,1.0
70.0,3.0
96.0,4.0
109.0,3.0
108.0,2.0
106.0,0.0
103.0,2.0
115.0,1.0
105.0,1.0
105.0,5.0
124.0,8.0
112.0,2.0
112.0,2.0
136.0,1.0
146.0,3.0
151.0,6.0
121.0,3.0
136.0,3.0
120.0,3.0
125.0,3.0
101.0,2.0
132.0,3.0
114.0,0.0
90.0,3.0
104.0,0.0
111.0,1.0
107.0,4.0
97.0,3.0
104.0,4.0
101.0,2.0
84.0,4.0
121.0,1.0
109.0,3.0
139.0,4.0
149.0,6.0
129.0,5.0
109.0,3.0
110.0,3.0
114.0,5.0
111.0,4.0
110.0,2.0
123.0,2.0
95.0,2.0
97.0,0.0
84.0,1.0
64.0,2.0
81.0,2.0
91.0,0.0
78.0,5.0
80.0,5.0
58.0,1.0
50.0,2.0
57.0,6.0
49.0,2.0
53.0,0.0
