85.0,7.0
56.0,4.0
59.0,5.0
36.0,3.0
41.0,4.0
37.0,3.0
41.0,1.0
30.0,1.0
22.0,1.0
23.0,0.0
16.0,1.0
13.0,1.0
16.0,1.0
17.0,1.0
12.0,0.0
18.0,0.0
11.0,2.0
7.0,1.0
3.0,2.0
10.0,1.0
15.0,0.0
10.0,1.0
5.0,0.0
4.0,0.0
9.0,0.0
8.0,1.0
5.0,1.0
5.0,0.0
3.0,0.0
8.0,0.0
4.0,0.0
2.0,0.0
7.0,2.0
8.0,0.0
7.0,1.0
3.0,2.0
8.0,6.0
11.0,2.0
3.0,4.0
15.0,4.0
15.0,4.0
15.0,4.0
28.0,2.0
32.0,6.0
42.0,29.0
34.0,52.0
46.0,54.0
67.0,75.0
79.0,67.0
70.0,127.0
94.0,90.0
84.0,82.0
100.0,88.0
111.0,27.0
100.0,3.0
123.0,3.0
119.0,7.0
124.0,31.0
132.0,8.0
126.0,15.0
114.0,13.0
116.0,9.0
127.0,14.0
120.0,12.0
121.0,6.0
111.0,9.0
112.0,20.0
123.0,41.0
130.0,55.0
139.0,100.0
129.0,105.0
131.0,134.0
148.0,34.0
154.0,43.0
153.0,57.0
162.0,69.0
165.0,59.0
149.0,81.0
175.0,72.0
140.0,57.0
176.0,56.0
144.0,83.0
161.0,109.0
175.0,56.0
158.0,71.0
169.0,70.0
157.0,84.0
172.0,117.0
174.0,53.0
189.0,28.0
179.0,43.0
162.0,88.0
150.0,62.0
156.0,65.0
167.0,102.0
176.0,125.0
240.0,9.0
190.0,2.0
207.0,4.0
204.0,8.0
211.0,7.0
198.0,8.0
245.0,11.0
245.0,11.0
217.0,12.0
210.0,9.0
202.0,7.0
222.0,6.0
176.0,2.0
194.0,2.0
180.0,4.0
175.0,4.0
164.0,0.0
169.0,4.0
153.0,5.0
147.0,3.0
141.0,5.0
126.0,7.0
122.0,1.0
130.0,7.0
159.0,11.0
113.0,4.0
122.0,7.0
145.0,7.0
109.0,4.0
99.0,4.0
145.0,4.0
140.0,4.0
116.0,1.0
118.0,4.0
121.0,3.0
110.0,7.0
111.0,5.0
113.0,4.0
69.0,2.0
96.0,9.0
81.0,6.0
79.0,5.0
60.0,2.0
35.0,0.0
44.0,4.0
49.0,5.0
43.0,4.0
39.0,1.0
