35.0,2.0
23.0,6.0
26.0,4.0
19.0,7.0
20.0,0.0
20.0,0.0
18.0,4.0
19.0,2.0
10.0,3.0
10.0,2.0
11.0,1.0
12.0,0.0
10.0,1.0
8.0,1.0
4.0,0.0
9.0,1.0
9.0,1.0
7.0,1.0
9.0,2.0
4.0,1.0
6.0,0.0
3.0,0.0
5.0,1.0
3.0,0.0
0.0,0.0
3.0,0.0
5.0,1.0
2.0,0.0
2.0,0.0
5.0,4.0
2.0,0.0
3.0,6.0
3.0,2.0
5.0,0.0
4.0,3.0
2.0,9.0
7.0,13.0
6.0,10.0
10.0,8.0
47.0,5.0
67.0,6.0
60.0,5.0
87.0,7.0
105.0,12.0
125.0,79.0
138.0,146.0
149.0,255.0
130.0,421.0
145.0,506.0
148.0,322.0
148.0,264.0
136.0,292.0
146.0,273.0
138.0,184.0
185.0,79.0
160.0,113.0
153.0,81.0
101.0,73.0
98.0,77.0
69.0,52.0
87.0,29.0
79.0,11.0
83.0,20.0
59.0,4.0
59.0,7.0
62.0,4.0
64.0,4.0
62.0,3.0
64.0,2.0
55.0,10.0
64.0,11.0
80.0,15.0
57.0,14.0
54.0,2.0
64.0,9.0
66.0,7.0
82.0,7.0
69.0,9.0
79.0,7.0
73.0,8.0
70.0,15.0
61.0,13.0
69.0,28.0
51.0,12.0
57.0,9.0
66.0,10.0
61.0,13.0
59.0,24.0
50.0,5.0
65.0,5.0
58.0,5.0
70.0,21.0
67.0,26.0
47.0,3.0
61.0,2.0
67.0,0.0
64.0,0.0
54.0,0.0
56.0,0.0
65.0,4.0
73.0,2.0
83.0,1.0
84.0,0.0
80.0,1.0
98.0,2.0
77.0,6.0
87.0,4.0
88.0,5.0
115.0,7.0
81.0,8.0
73.0,3.0
85.0,1.0
79.0,1.0
79.0,1.0
81.0,6.0
69.0,2.0
80.0,5.0
61.0,3.0
69.0,4.0
73.0,2.0
84.0,5.0
68.0,2.0
74.0,6.0
64.0,2.0
76.0,3.0
85.0,7.0
93.0,5.0
68.0,2.0
78.0,7.0
56.0,2.0
49.0,2.0
56.0,6.0
70.0,3.0
44.0,1.0
39.0,1.0
40.0,4.0
39.0,1.0
42.0,2.0
21.0,1.0
35.0,2.0
36.0,2.0
31.0,3.0
23.0,1.0
32.0,5.0
