56.0,3.0
58.0,5.0
32.0,6.0
43.0,1.0
38.0,5.0
41.0,3.0
38.0,10.0
28.0,4.0
30.0,1.0
21.0,4.0
29.0,5.0
21.0,3.0
21.0,10.0
37.0,87.0
31.0,64.0
22.0,24.0
9.0,1.0
7.0,0.0
5.0,3.0
5.0,1.0
9.0,2.0
6.0,2.0
4.0,1.0
6.0,0.0
1.0,0.0
11.0,4.0
9.0,2.0
3.0,0.0
7.0,1.0
6.0,2.0
3.0,3.0
5.0,2.0
3.0,0.0
5.0,2.0
3.0,1.0
14.0,2.0
12.0,2.0
7.0,5.0
15.0,6.0
19.0,1.0
27.0,0.0
42.0,0.0
52.0,1.0
54.0,2.0
83.0,1.0
111.0,3.0
175.0,2.0
167.0,1.0
204.0,9.0
226.0,7.0
263.0,7.0
314.0,14.0
268.0,17.0
209.0,9.0
212.0,13.0
208.0,5.0
242.0,6.0
205.0,4.0
203.0,3.0
183.0,4.0
171.0,1.0
159.0,2.0
155.0,9.0
150.0,5.0
158.0,3.0
134.0,3.0
127.0,4.0
137.0,4.0
155.0,2.0
150.0,4.0
162.0,3.0
169.0,7.0
141.0,3.0
173.0,2.0
188.0,7.0
171.0,4.0
158.0,3.0
169.0,4.0
188.0,8.0
173.0,7.0
179.0,7.0
190.0,4.0
191.0,5.0
160.0,4.0
182.0,7.0
186.0,5.0
189.0,4.0
170.0,7.0
170.0,3.0
138.0,4.0
169.0,3.0
176.0,1.0
163.0,8.0
166.0,8.0
168.0,4.0
179.0,5.0
182.0,2.0
165.0,3.0
175.0,4.0
201.0,6.0
196.0,9.0
196.0,7.0
226.0,7.0
199.0,6.0
219.0,8.0
233.0,9.0
202.0,6.0
196.0,4.0
237.0,2.0
181.0,1.0
182.0,2.0
196.0,3.0
197.0,5.0
151.0,3.0
174.0,1.0
179.0,6.0
192.0,5.0
192.0,5.0
159.0,4.0
161.0,6.0
165.0,6.0
190.0,3.0
190.0,2.0
196.0,4.0
182.0,4.0
191.0,4.0
231.0,13.0
194.0,13.0
239.0,6.0
201.0,4.0
237.0,11.0
200.0,11.0
200.0,7.0
148.0,4.0
156.0,6.0
154.0,4.0
118.0,3.0
90.0,2.0
94.0,7.0
112.0,4.0
108.0,8.0
85.0,3.0
75.0,7.0
61.0,3.0
