51.0,2.0
47.0,1.0
45.0,10.0
46.0,5.0
37.0,0.0
36.0,0.0
31.0,11.0
23.0,5.0
23.0,3.0
18.0,0.0
24.0,1.0
38.0,3.0
21.0,0.0
19.0,5.0
19.0,1.0
10.0,6.0
10.0,0.0
12.0,1.0
17.0,1.0
7.0,0.0
12.0,5.0
12.0,6.0
8.0,3.0
8.0,1.0
3.0,0.0
4.0,0.0
7.0,1.0
1.0,0.0
2.0,2.0
11.0,0.0
12.0,2.0
6.0,0.0
4.0,0.0
10.0,0.0
7.0,6.0
13.0,4.0
21.0,5.0
21.0,4.0
22.0,4.0
39.0,1.0
43.0,1.0
56.0,3.0
75.0,0.0
96.0,0.0
138.0,2.0
209.0,1.0
213.0,7.0
229.0,5.0
343.0,14.0
385.0,12.0
325.0,6.0
350.0,11.0
385.0,12.0
282.0,4.0
202.0,2.0
194.0,6.0
203.0,10.0
143.0,6.0
157.0,3.0
138.0,0.0
115.0,5.0
129.0,4.0
116.0,6.0
112.0,3.0
126.0,3.0
116.0,1.0
107.0,1.0
111.0,5.0
120.0,1.0
158.0,7.0
171.0,1.0
144.0,6.0
175.0,15.0
139.0,8.0
145.0,5.0
125.0,6.0
182.0,9.0
163.0,3.0
151.0,5.0
147.0,5.0
157.0,3.0
170.0,4.0
141.0,5.0
155.0,1.0
132.0,5.0
152.0,1.0
135.0,4.0
128.0,3.0
123.0,2.0
142.0,2.0
158.0,6.0
176.0,7.0
171.0,5.0
168.0,7.0
195.0,3.0
183.0,2.0
203.0,6.0
206.0,13.0
193.0,2.0
211.0,13.0
189.0,10.0
201.0,1.0
284.0,10.0
245.0,7.0
245.0,7.0
305.0,3.0
270.0,8.0
242.0,4.0
291.0,11.0
270.0,9.0
240.0,4.0
237.0,3.0
223.0,3.0
216.0,3.0
218.0,2.0
211.0,6.0
213.0,6.0
217.0,3.0
200.0,4.0
197.0,7.0
228.0,3.0
202.0,5.0
217.0,3.0
203.0,2.0
247.0,4.0
236.0,6.0
272.0,5.0
220.0,0.0
213.0,6.0
205.0,9.0
176.0,3.0
177.0,5.0
199.0,8.0
133.0,2.0
126.0,5.0
111.0,6.0
93.0,9.0
109.0,9.0
91.0,3.0
64.0,1.0
61.0,1.0
61.0,3.0
55.0,3.0
59.0,3.0
