38.0,2.0
20.0,0.0
18.0,0.0
10.0,0.0
5.0,1.0
5.0,0.0
16.0,1.0
8.0,0.0
6.0,1.0
11.0,1.0
5.0,1.0
5.0,1.0
9.0,2.0
2.0,1.0
4.0,1.0
2.0,0.0
7.0,1.0
2.0,0.0
4.0,0.0
4.0,0.0
3.0,0.0
1.0,1.0
2.0,0.0
0.0,0.0
3.0,1.0
3.0,0.0
3.0,2.0
1.0,1.0
1.0,0.0
2.0,1.0
1.0,0.0
4.0,2.0
4.0,0.0
1.0,0.0
3.0,0.0
6.0,0.0
2.0,4.0
4.0,0.0
2.0,3.0
6.0,0.0
11.0,2.0
5.0,4.0
14.0,1.0
22.0,1.0
23.0,3.0
31.0,18.0
54.0,26.0
42.0,6.0
52.0,2.0
55.0,4.0
74.0,4.0
95.0,2.0
103.0,3.0
64.0,0.0
57.0,0.0
62.0,1.0
74.0,1.0
59.0,0.0
65.0,3.0
59.0,2.0
68.0,4.0
71.0,1.0
64.0,5.0
59.0,2.0
83.0,5.0
92.0,12.0
73.0,7.0
81.0,2.0
82.0,3.0
83.0,17.0
87.0,6.0
77.0,6.0
82.0,10.0
85.0,6.0
94.0,8.0
86.0,4.0
100.0,6.0
89.0,4.0
94.0,2.0
79.0,2.0
82.0,1.0
120.0,1.0
81.0,3.0
113.0,4.0
85.0,0.0
86.0,3.0
81.0,4.0
97.0,1.0
98.0,1.0
106.0,8.0
89.0,0.0
80.0,6.0
104.0,0.0
94.0,2.0
101.0,7.0
85.0,3.0
123.0,4.0
128.0,4.0
114.0,4.0
129.0,1.0
128.0,2.0
128.0,4.0
128.0,2.0
132.0,6.0
156.0,3.0
166.0,6.0
156.0,8.0
101.0,2.0
165.0,4.0
122.0,3.0
129.0,1.0
105.0,4.0
125.0,3.0
100.0,2.0
121.0,5.0
101.0,1.0
85.0,3.0
70.0,4.0
72.0,2.0
72.0,1.0
85.0,2.0
61.0,1.0
80.0,2.0
85.0,3.0
65.0,0.0
84.0,4.0
94.0,6.0
81.0,3.0
74.0,1.0
91.0,2.0
66.0,2.0
64.0,1.0
79.0,5.0
43.0,0.0
67.0,0.0
59.0,2.0
46.0,2.0
52.0,2.0
56.0,6.0
43.0,4.0
36.0,1.0
22.0,1.0
17.0,1.0
22.0,10.0
