37.0,4.0
17.0,5.0
18.0,1.0
13.0,1.0
9.0,0.0
9.0,2.0
5.0,0.0
14.0,2.0
2.0,0.0
4.0,3.0
3.0,3.0
3.0,0.0
5.0,0.0
2.0,1.0
2.0,0.0
0.0,1.0
0.0,0.0
1.0,0.0
4.0,1.0
1.0,0.0
1.0,0.0
1.0,0.0
1.0,0.0
1.0,0.0
2.0,2.0
4.0,1.0
0.0,1.0
1.0,3.0
3.0,1.0
0.0,0.0
1.0,0.0
3.0,0.0
3.0,0.0
1.0,0.0
1.0,1.0
2.0,0.0
2.0,0.0
3.0,2.0
2.0,1.0
16.0,0.0
24.0,1.0
26.0,2.0
40.0,0.0
62.0,0.0
84.0,2.0
118.0,2.0
151.0,2.0
185.0,6.0
256.0,90.0
226.0,127.0
244.0,68.0
293.0,93.0
296.0,64.0
239.0,14.0
192.0,9.0
197.0,4.0
126.0,3.0
122.0,2.0
93.0,2.0
79.0,3.0
61.0,1.0
69.0,0.0
77.0,2.0
52.0,0.0
43.0,0.0
52.0,0.0
58.0,2.0
54.0,1.0
58.0,0.0
75.0,2.0
77.0,1.0
66.0,2.0
89.0,5.0
68.0,3.0
69.0,4.0
75.0,1.0
74.0,3.0
70.0,0.0
64.0,3.0
66.0,6.0
75.0,7.0
82.0,10.0
67.0,5.0
64.0,3.0
60.0,0.0
58.0,1.0
49.0,0.0
71.0,1.0
60.0,3.0
55.0,2.0
53.0,1.0
73.0,10.0
70.0,21.0
59.0,4.0
67.0,2.0
78.0,4.0
80.0,1.0
68.0,2.0
82.0,1.0
75.0,1.0
84.0,3.0
81.0,2.0
183.0,9.0
139.0,8.0
141.0,6.0
309.0,1.0
249.0,12.0
221.0,4.0
341.0,11.0
310.0,22.0
286.0,9.0
248.0,3.0
206.0,5.0
189.0,3.0
150.0,3.0
181.0,3.0
151.0,1.0
147.0,4.0
138.0,4.0
165.0,4.0
168.0,1.0
141.0,7.0
133.0,6.0
163.0,7.0
172.0,5.0
153.0,9.0
189.0,7.0
156.0,6.0
157.0,4.0
133.0,0.0
130.0,2.0
106.0,9.0
103.0,2.0
96.0,2.0
77.0,5.0
75.0,4.0
70.0,2.0
53.0,2.0
52.0,2.0
36.0,1.0
31.0,0.0
50.0,6.0
32.0,2.0
31.0,1.0
