12.0,8.0
11.0,7.0
17.0,6.0
8.0,5.0
14.0,9.0
7.0,6.0
10.0,5.0
6.0,2.0
5.0,2.0
5.0,4.0
5.0,2.0
9.0,5.0
6.0,9.0
5.0,0.0
3.0,1.0
9.0,1.0
6.0,1.0
1.0,1.0
2.0,1.0
5.0,0.0
3.0,0.0
3.0,1.0
2.0,0.0
2.0,0.0
1.0,3.0
6.0,2.0
2.0,9.0
1.0,0.0
5.0,5.0
3.0,2.0
1.0,1.0
3.0,1.0
2.0,2.0
1.0,2.0
2.0,1.0
7.0,9.0
4.0,11.0
2.0,10.0
4.0,9.0
33.0,2.0
35.0,0.0
44.0,1.0
55.0,3.0
105.0,22.0
113.0,18.0
138.0,26.0
125.0,60.0
135.0,103.0
107.0,258.0
137.0,278.0
190.0,229.0
167.0,262.0
163.0,210.0
237.0,107.0
190.0,16.0
182.0,9.0
135.0,8.0
125.0,3.0
109.0,2.0
87.0,2.0
72.0,4.0
79.0,1.0
65.0,2.0
60.0,1.0
65.0,1.0
72.0,2.0
66.0,2.0
68.0,2.0
77.0,1.0
76.0,0.0
68.0,3.0
53.0,4.0
80.0,1.0
53.0,0.0
62.0,2.0
63.0,0.0
71.0,2.0
57.0,4.0
80.0,2.0
84.0,7.0
74.0,6.0
70.0,2.0
71.0,3.0
74.0,4.0
61.0,0.0
60.0,2.0
79.0,2.0
73.0,2.0
65.0,6.0
57.0,0.0
69.0,3.0
72.0,11.0
63.0,11.0
74.0,3.0
72.0,1.0
66.0,6.0
94.0,2.0
64.0,1.0
74.0,2.0
85.0,5.0
78.0,3.0
113.0,0.0
159.0,10.0
116.0,18.0
137.0,26.0
116.0,32.0
120.0,30.0
97.0,22.0
119.0,16.0
111.0,20.0
88.0,3.0
97.0,4.0
75.0,1.0
78.0,1.0
71.0,1.0
76.0,0.0
68.0,3.0
72.0,4.0
63.0,1.0
74.0,5.0
70.0,2.0
58.0,5.0
82.0,4.0
74.0,8.0
67.0,6.0
58.0,2.0
79.0,4.0
75.0,3.0
67.0,7.0
72.0,1.0
63.0,3.0
53.0,7.0
50.0,3.0
65.0,1.0
32.0,0.0
40.0,0.0
28.0,0.0
31.0,1.0
30.0,3.0
20.0,1.0
23.0,3.0
19.0,5.0
18.0,10.0
13.0,7.0
