16.0,0.0
17.0,0.0
19.0,2.0
16.0,0.0
12.0,2.0
15.0,8.0
14.0,7.0
10.0,0.0
14.0,2.0
10.0,2.0
11.0,0.0
13.0,0.0
13.0,5.0
8.0,4.0
7.0,1.0
4.0,1.0
4.0,1.0
5.0,0.0
7.0,2.0
4.0,0.0
3.0,0.0
4.0,0.0
5.0,1.0
4.0,1.0
5.0,2.0
2.0,0.0
1.0,1.0
2.0,0.0
2.0,0.0
3.0,2.0
5.0,4.0
1.0,0.0
0.0,6.0
1.0,0.0
3.0,2.0
2.0,0.0
6.0,0.0
7.0,5.0
2.0,5.0
20.0,0.0
16.0,1.0
9.0,0.0
26.0,1.0
37.0,1.0
47.0,3.0
68.0,2.0
79.0,6.0
92.0,2.0
121.0,2.0
140.0,10.0
114.0,3.0
133.0,8.0
103.0,6.0
74.0,5.0
78.0,1.0
49.0,1.0
51.0,1.0
53.0,1.0
36.0,2.0
43.0,4.0
35.0,2.0
37.0,1.0
27.0,2.0
30.0,0.0
34.0,0.0
28.0,1.0
27.0,1.0
34.0,3.0
33.0,3.0
44.0,1.0
40.0,1.0
29.0,2.0
61.0,2.0
37.0,1.0
40.0,1.0
47.0,2.0
53.0,2.0
45.0,0.0
44.0,0.0
58.0,0.0
57.0,2.0
43.0,1.0
36.0,0.0
40.0,3.0
51.0,1.0
52.0,3.0
39.0,2.0
38.0,1.0
32.0,0.0
48.0,2.0
39.0,0.0
37.0,0.0
36.0,3.0
46.0,2.0
51.0,0.0
45.0,5.0
57.0,1.0
47.0,1.0
45.0,1.0
43.0,3.0
66.0,14.0
77.0,0.0
101.0,0.0
81.0,4.0
80.0,3.0
87.0,2.0
87.0,3.0
84.0,4.0
96.0,4.0
85.0,3.0
76.0,0.0
81.0,3.0
71.0,2.0
53.0,4.0
57.0,0.0
61.0,0.0
42.0,0.0
47.0,2.0
42.0,2.0
54.0,3.0
50.0,0.0
57.0,2.0
44.0,4.0
42.0,3.0
50.0,3.0
45.0,1.0
55.0,3.0
43.0,2.0
56.0,0.0
42.0,2.0
40.0,3.0
46.0,2.0
44.0,0.0
45.0,3.0
36.0,1.0
30.0,1.0
27.0,2.0
23.0,1.0
32.0,3.0
15.0,1.0
25.0,3.0
20.0,1.0
20.0,1.0
28.0,3.0
