81.0,1.0
51.0,3.0
46.0,0.0
46.0,8.0
44.0,3.0
48.0,1.0
50.0,7.0
41.0,4.0
36.0,1.0
36.0,1.0
23.0,1.0
46.0,1.0
26.0,2.0
23.0,2.0
36.0,6.0
28.0,3.0
17.0,3.0
19.0,4.0
17.0,6.0
21.0,2.0
12.0,4.0
18.0,2.0
12.0,1.0
11.0,2.0
16.0,4.0
10.0,0.0
14.0,0.0
7.0,12.0
7.0,8.0
4.0,13.0
5.0,8.0
10.0,10.0
4.0,16.0
5.0,25.0
7.0,35.0
7.0,45.0
8.0,75.0
8.0,101.0
11.0,137.0
22.0,158.0
30.0,174.0
38.0,151.0
44.0,168.0
48.0,143.0
58.0,136.0
68.0,129.0
96.0,150.0
81.0,148.0
110.0,113.0
93.0,61.0
98.0,94.0
114.0,74.0
110.0,107.0
110.0,69.0
92.0,53.0
96.0,179.0
81.0,135.0
59.0,156.0
53.0,158.0
78.0,198.0
65.0,175.0
74.0,151.0
67.0,148.0
69.0,198.0
57.0,219.0
63.0,216.0
61.0,201.0
61.0,204.0
82.0,196.0
69.0,208.0
65.0,193.0
76.0,181.0
85.0,157.0
83.0,153.0
74.0,170.0
88.0,143.0
82.0,130.0
76.0,145.0
83.0,111.0
98.0,126.0
75.0,149.0
61.0,126.0
105.0,150.0
73.0,127.0
93.0,136.0
88.0,111.0
84.0,112.0
90.0,73.0
87.0,106.0
86.0,74.0
92.0,72.0
86.0,102.0
77.0,74.0
124.0,4.0
99.0,7.0
88.0,2.0
88.0,2.0
98.0,0.0
88.0,4.0
80.0,3.0
103.0,4.0
115.0,5.0
113.0,7.0
100.0,4.0
114.0,3.0
132.0,6.0
122.0,1.0
121.0,6.0
115.0,4.0
115.0,1.0
90.0,6.0
115.0,6.0
89.0,1.0
99.0,2.0
85.0,3.0
78.0,1.0
106.0,3.0
87.0,1.0
82.0,1.0
100.0,4.0
86.0,5.0
83.0,4.0
86.0,0.0
78.0,1.0
76.0,2.0
81.0,1.0
82.0,4.0
83.0,6.0
104.0,4.0
86.0,5.0
66.0,3.0
91.0,3.0
73.0,4.0
79.0,2.0
67.0,1.0
75.0,2.0
47.0,2.0
45.0,5.0
46.0,1.0
45.0,1.0
51.0,1.0
45.0,1.0
41.0,1.0
41.0,4.0
