18.0,0.0
12.0,0.0
21.0,1.0
31.0,3.0
27.0,1.0
21.0,2.0
22.0,0.0
13.0,0.0
16.0,1.0
19.0,1.0
12.0,0.0
11.0,0.0
12.0,1.0
9.0,1.0
13.0,1.0
7.0,7.0
3.0,5.0
8.0,8.0
4.0,2.0
7.0,4.0
8.0,7.0
4.0,6.0
3.0,0.0
4.0,3.0
4.0,14.0
1.0,8.0
4.0,6.0
3.0,0.0
1.0,2.0
5.0,4.0
4.0,4.0
3.0,1.0
1.0,0.0
5.0,2.0
4.0,8.0
6.0,6.0
1.0,5.0
1.0,12.0
5.0,18.0
10.0,9.0
4.0,8.0
9.0,9.0
6.0,3.0
10.0,7.0
8.0,7.0
16.0,31.0
17.0,17.0
21.0,6.0
20.0,9.0
14.0,9.0
16.0,3.0
23.0,0.0
36.0,1.0
21.0,3.0
20.0,1.0
22.0,1.0
25.0,4.0
26.0,9.0
28.0,14.0
26.0,16.0
33.0,21.0
26.0,22.0
25.0,14.0
25.0,19.0
27.0,20.0
27.0,23.0
27.0,12.0
29.0,8.0
30.0,27.0
27.0,15.0
29.0,16.0
27.0,23.0
29.0,34.0
46.0,19.0
35.0,7.0
39.0,10.0
31.0,9.0
33.0,30.0
37.0,35.0
43.0,17.0
44.0,5.0
33.0,3.0
29.0,2.0
41.0,2.0
38.0,7.0
29.0,14.0
29.0,4.0
35.0,6.0
33.0,1.0
39.0,6.0
45.0,6.0
40.0,5.0
45.0,14.0
52.0,2.0
44.0,0.0
59.0,6.0
48.0,4.0
46.0,2.0
54.0,5.0
63.0,6.0
66.0,19.0
60.0,6.0
57.0,4.0
77.0,9.0
55.0,9.0
58.0,5.0
64.0,3.0
42.0,5.0
43.0,2.0
36.0,1.0
31.0,1.0
42.0,0.0
40.0,2.0
46.0,2.0
34.0,8.0
58.0,1.0
38.0,0.0
46.0,1.0
38.0,0.0
27.0,1.0
52.0,5.0
39.0,1.0
36.0,0.0
51.0,0.0
55.0,1.0
35.0,3.0
50.0,1.0
43.0,0.0
44.0,3.0
47.0,0.0
38.0,3.0
44.0,0.0
39.0,0.0
50.0,0.0
34.0,2.0
21.0,2.0
27.0,1.0
20.0,1.0
17.0,2.0
26.0,1.0
12.0,0.0
19.0,0.0
28.0,11.0
8.0,4.0
