49.0,27.0
37.0,27.0
24.0,10.0
40.0,18.0
26.0,13.0
34.0,2.0
27.0,25.0
21.0,11.0
16.0,1.0
18.0,3.0
14.0,23.0
17.0,11.0
18.0,8.0
12.0,3.0
10.0,0.0
11.0,12.0
11.0,2.0
7.0,1.0
7.0,5.0
7.0,1.0
8.0,2.0
6.0,1.0
6.0,0.0
5.0,1.0
7.0,0.0
5.0,1.0
8.0,0.0
6.0,2.0
6.0,6.0
5.0,3.0
3.0,4.0
4.0,7.0
1.0,2.0
1.0,5.0
5.0,2.0
5.0,6.0
5.0,15.0
6.0,6.0
10.0,6.0
26.0,1.0
23.0,4.0
54.0,1.0
70.0,1.0
78.0,2.0
110.0,3.0
99.0,2.0
115.0,1.0
126.0,1.0
155.0,4.0
174.0,57.0
184.0,51.0
181.0,20.0
157.0,25.0
141.0,3.0
103.0,0.0
112.0,6.0
81.0,2.0
72.0,1.0
84.0,1.0
73.0,1.0
74.0,1.0
63.0,3.0
67.0,3.0
84.0,3.0
88.0,1.0
71.0,2.0
48.0,3.0
67.0,2.0
79.0,1.0
93.0,1.0
86.0,0.0
58.0,2.0
67.0,3.0
67.0,0.0
75.0,1.0
75.0,0.0
85.0,2.0
75.0,3.0
73.0,4.0
99.0,0.0
91.0,2.0
97.0,4.0
76.0,3.0
82.0,1.0
65.0,4.0
72.0,0.0
71.0,3.0
76.0,2.0
84.0,3.0
81.0,4.0
93.0,0.0
102.0,3.0
92.0,2.0
95.0,2.0
107.0,3.0
109.0,2.0
105.0,2.0
111.0,3.0
120.0,0.0
122.0,5.0
132.0,2.0
162.0,1.0
155.0,3.0
174.0,1.0
148.0,8.0
159.0,6.0
139.0,0.0
115.0,4.0
110.0,4.0
104.0,4.0
94.0,4.0
115.0,0.0
101.0,0.0
92.0,2.0
88.0,2.0
92.0,3.0
100.0,5.0
93.0,2.0
98.0,2.0
115.0,3.0
116.0,0.0
152.0,2.0
127.0,4.0
152.0,8.0
130.0,1.0
131.0,6.0
125.0,5.0
131.0,3.0
115.0,6.0
136.0,6.0
132.0,6.0
110.0,4.0
96.0,2.0
95.0,4.0
75.0,0.0
69.0,0.0
87.0,5.0
77.0,1.0
91.0,4.0
57.0,4.0
62.0,8.0
58.0,8.0
53.0,21.0
47.0,25.0
