10.0,2.0
13.0,4.0
9.0,6.0
3.0,3.0
8.0,4.0
7.0,1.0
1.0,2.0
5.0,3.0
5.0,0.0
1.0,0.0
3.0,2.0
6.0,0.0
4.0,2.0
0.0,0.0
0.0,0.0
0.0,0.0
0.0,0.0
0.0,0.0
0.0,0.0
0.0,0.0
0.0,0.0
0.0,0.0
0.0,0.0
0.0,0.0
0.0,0.0
0.0,0.0
0.0,0.0
0.0,0.0
1.0,0.0
0.0,1.0
0.0,0.0
0.0,0.0
1.0,0.0
0.0,0.0
0.0,0.0
0.0,0.0
2.0,0.0
0.0,3.0
1.0,0.0
3.0,0.0
1.0,1.0
2.0,1.0
0.0,0.0
1.0,1.0
2.0,0.0
1.0,0.0
0.0,0.0
1.0,0.0
1.0,1.0
0.0,2.0
2.0,0.0
6.0,0.0
5.0,2.0
10.0,0.0
2.0,0.0
2.0,0.0
10.0,1.0
6.0,2.0
5.0,0.0
8.0,2.0
8.0,2.0
8.0,4.0
7.0,0.0
6.0,0.0
10.0,3.0
14.0,2.0
16.0,1.0
25.0,2.0
16.0,1.0
10.0,1.0
7.0,1.0
8.0,0.0
5.0,1.0
7.0,1.0
4.0,0.0
10.0,3.0
11.0,1.0
10.0,2.0
13.0,4.0
13.0,0.0
11.0,1.0
15.0,2.0
3.0,0.0
10.0,0.0
7.0,1.0
8.0,0.0
8.0,1.0
8.0,2.0
11.0,1.0
12.0,0.0
9.0,0.0
14.0,2.0
15.0,2.0
16.0,7.0
11.0,3.0
11.0,1.0
11.0,1.0
17.0,1.0
17.0,1.0
17.0,2.0
20.0,1.0
17.0,1.0
9.0,4.0
10.0,1.0
14.0,0.0
14.0,2.0
13.0,0.0
14.0,2.0
14.0,1.0
11.0,0.0
13.0,0.0
12.0,0.0
16.0,1.0
14.0,3.0
20.0,1.0
22.0,2.0
34.0,5.0
24.0,10.0
11.0,3.0
7.0,6.0
18.0,7.0
13.0,41.0
19.0,34.0
21.0,11.0
18.0,18.0
19.0,49.0
14.0,30.0
9.0,29.0
11.0,60.0
12.0,44.0
9.0,30.0
6.0,25.0
9.0,12.0
11.0,26.0
10.0,29.0
5.0,49.0
10.0,59.0
7.0,37.0
11.0,25.0
13.0,24.0
16.0,7.0
11.0,27.0
13.0,17.0
11.0,23.0
