65.0,7.0
50.0,8.0
50.0,4.0
39.0,5.0
33.0,0.0
40.0,0.0
37.0,2.0
40.0,3.0
36.0,2.0
24.0,3.0
21.0,1.0
23.0,1.0
21.0,0.0
17.0,2.0
17.0,1.0
27.0,0.0
16.0,0.0
9.0,1.0
14.0,0.0
12.0,3.0
12.0,1.0
10.0,1.0
7.0,1.0
6.0,1.0
6.0,1.0
7.0,3.0
4.0,3.0
4.0,0.0
3.0,0.0
3.0,0.0
6.0,0.0
5.0,0.0
3.0,2.0
9.0,1.0
9.0,1.0
15.0,3.0
13.0,7.0
12.0,8.0
20.0,5.0
40.0,3.0
39.0,0.0
62.0,1.0
78.0,0.0
132.0,1.0
140.0,1.0
220.0,0.0
224.0,4.0
241.0,9.0
306.0,13.0
294.0,85.0
276.0,55.0
331.0,20.0
333.0,108.0
271.0,14.0
198.0,7.0
192.0,4.0
188.0,4.0
150.0,9.0
159.0,2.0
128.0,3.0
122.0,0.0
120.0,4.0
89.0,1.0
133.0,6.0
123.0,3.0
110.0,6.0
114.0,6.0
122.0,5.0
120.0,3.0
109.0,1.0
141.0,7.0
136.0,3.0
141.0,3.0
136.0,4.0
147.0,6.0
145.0,4.0
149.0,4.0
141.0,8.0
153.0,8.0
146.0,3.0
149.0,3.0
149.0,3.0
135.0,2.0
142.0,1.0
144.0,3.0
126.0,6.0
110.0,5.0
127.0,3.0
125.0,1.0
129.0,0.0
141.0,2.0
147.0,3.0
131.0,2.0
156.0,5.0
131.0,5.0
129.0,3.0
163.0,3.0
169.0,6.0
178.0,8.0
186.0,3.0
162.0,1.0
190.0,3.0
233.0,12.0
211.0,6.0
194.0,7.0
282.0,11.0
212.0,5.0
219.0,7.0
230.0,9.0
218.0,6.0
234.0,8.0
223.0,2.0
204.0,10.0
187.0,2.0
186.0,2.0
152.0,2.0
169.0,5.0
162.0,3.0
177.0,5.0
195.0,3.0
196.0,12.0
201.0,4.0
187.0,2.0
195.0,4.0
188.0,6.0
196.0,9.0
215.0,5.0
193.0,2.0
176.0,4.0
183.0,7.0
175.0,4.0
161.0,3.0
173.0,4.0
140.0,9.0
104.0,3.0
123.0,1.0
99.0,1.0
89.0,3.0
79.0,3.0
60.0,0.0
61.0,2.0
63.0,1.0
58.0,3.0
47.0,4.0
