117.0,15.0
110.0,12.0
93.0,9.0
93.0,13.0
80.0,20.0
75.0,16.0
77.0,7.0
67.0,7.0
57.0,10.0
71.0,12.0
72.0,14.0
68.0,7.0
54.0,4.0
58.0,3.0
53.0,4.0
33.0,6.0
38.0,4.0
35.0,5.0
47.0,11.0
30.0,3.0
27.0,1.0
14.0,1.0
22.0,1.0
24.0,0.0
22.0,0.0
18.0,1.0
30.0,0.0
17.0,5.0
15.0,4.0
14.0,10.0
15.0,2.0
19.0,3.0
19.0,5.0
19.0,5.0
18.0,3.0
13.0,4.0
25.0,8.0
23.0,19.0
19.0,19.0
63.0,4.0
96.0,6.0
124.0,5.0
193.0,3.0
235.0,6.0
292.0,6.0
294.0,22.0
303.0,73.0
331.0,197.0
308.0,321.0
319.0,286.0
357.0,215.0
373.0,142.0
399.0,90.0
316.0,28.0
275.0,10.0
303.0,4.0
281.0,10.0
253.0,10.0
265.0,32.0
270.0,16.0
203.0,8.0
196.0,5.0
229.0,7.0
238.0,21.0
213.0,9.0
187.0,8.0
185.0,3.0
217.0,9.0
206.0,9.0
251.0,13.0
207.0,2.0
206.0,8.0
216.0,11.0
217.0,14.0
224.0,13.0
248.0,12.0
204.0,14.0
233.0,5.0
258.0,9.0
235.0,12.0
238.0,6.0
232.0,10.0
247.0,6.0
208.0,7.0
215.0,6.0
280.0,13.0
294.0,4.0
296.0,15.0
279.0,12.0
260.0,10.0
261.0,8.0
286.0,17.0
265.0,78.0
283.0,8.0
235.0,7.0
264.0,9.0
245.0,11.0
245.0,6.0
276.0,7.0
331.0,10.0
344.0,11.0
343.0,15.0
394.0,32.0
381.0,36.0
387.0,44.0
412.0,203.0
415.0,289.0
415.0,172.0
406.0,227.0
407.0,159.0
403.0,47.0
397.0,15.0
386.0,9.0
308.0,5.0
338.0,10.0
315.0,11.0
297.0,18.0
296.0,14.0
270.0,13.0
296.0,13.0
300.0,6.0
281.0,8.0
265.0,11.0
337.0,6.0
321.0,20.0
305.0,17.0
289.0,24.0
335.0,51.0
289.0,30.0
350.0,66.0
300.0,59.0
314.0,52.0
311.0,20.0
257.0,18.0
232.0,13.0
211.0,8.0
230.0,12.0
179.0,7.0
145.0,7.0
142.0,5.0
156.0,5.0
160.0,9.0
135.0,7.0
127.0,3.0
