18.0,9.0
17.0,14.0
12.0,4.0
15.0,7.0
16.0,9.0
12.0,1.0
12.0,6.0
8.0,3.0
6.0,4.0
7.0,0.0
12.0,1.0
7.0,1.0
6.0,5.0
6.0,2.0
5.0,1.0
4.0,0.0
6.0,3.0
4.0,2.0
4.0,4.0
5.0,0.0
2.0,0.0
0.0,0.0
2.0,1.0
2.0,3.0
1.0,0.0
3.0,4.0
2.0,0.0
1.0,1.0
2.0,2.0
1.0,1.0
2.0,1.0
2.0,1.0
0.0,0.0
0.0,1.0
1.0,0.0
0.0,0.0
0.0,1.0
1.0,0.0
2.0,0.0
4.0,1.0
3.0,1.0
6.0,5.0
4.0,7.0
7.0,0.0
10.0,3.0
15.0,10.0
19.0,2.0
13.0,3.0
30.0,4.0
19.0,4.0
18.0,11.0
22.0,9.0
38.0,9.0
20.0,11.0
27.0,14.0
21.0,5.0
20.0,3.0
23.0,1.0
16.0,4.0
12.0,8.0
24.0,11.0
19.0,8.0
22.0,6.0
23.0,9.0
18.0,6.0
26.0,12.0
22.0,8.0
22.0,9.0
23.0,13.0
23.0,16.0
31.0,7.0
27.0,4.0
31.0,11.0
24.0,7.0
30.0,8.0
27.0,10.0
29.0,11.0
29.0,11.0
22.0,13.0
33.0,7.0
23.0,10.0
28.0,6.0
18.0,7.0
25.0,9.0
29.0,8.0
28.0,7.0
29.0,6.0
26.0,22.0
29.0,12.0
22.0,15.0
16.0,13.0
32.0,21.0
32.0,17.0
26.0,14.0
26.0,15.0
19.0,15.0
20.0,12.0
29.0,10.0
28.0,15.0
29.0,12.0
34.0,13.0
51.0,24.0
46.0,16.0
33.0,9.0
33.0,8.0
47.0,5.0
29.0,22.0
39.0,27.0
35.0,14.0
42.0,13.0
48.0,7.0
43.0,14.0
46.0,8.0
32.0,17.0
31.0,14.0
30.0,23.0
30.0,17.0
28.0,9.0
27.0,18.0
25.0,13.0
34.0,7.0
28.0,12.0
36.0,16.0
34.0,15.0
21.0,11.0
23.0,11.0
30.0,12.0
21.0,14.0
21.0,12.0
34.0,19.0
34.0,15.0
20.0,17.0
21.0,32.0
21.0,21.0
17.0,13.0
15.0,7.0
16.0,12.0
15.0,15.0
29.0,21.0
29.0,19.0
23.0,21.0
14.0,16.0
15.0,8.0
11.0,9.0
