72.0,5.0
48.0,3.0
42.0,0.0
44.0,0.0
35.0,0.0
34.0,1.0
32.0,2.0
22.0,1.0
28.0,1.0
24.0,0.0
29.0,1.0
20.0,3.0
18.0,0.0
26.0,2.0
23.0,1.0
8.0,0.0
11.0,2.0
12.0,0.0
10.0,1.0
6.0,0.0
9.0,1.0
7.0,0.0
7.0,0.0
4.0,1.0
6.0,0.0
4.0,1.0
5.0,0.0
4.0,1.0
7.0,0.0
4.0,2.0
6.0,1.0
8.0,6.0
9.0,7.0
4.0,1.0
8.0,2.0
12.0,8.0
13.0,0.0
14.0,12.0
18.0,17.0
27.0,2.0
48.0,3.0
56.0,1.0
90.0,4.0
114.0,3.0
166.0,3.0
208.0,6.0
196.0,3.0
234.0,5.0
277.0,8.0
361.0,75.0
302.0,33.0
293.0,20.0
394.0,66.0
264.0,15.0
197.0,5.0
183.0,4.0
165.0,0.0
158.0,6.0
142.0,7.0
131.0,2.0
134.0,2.0
115.0,1.0
95.0,2.0
105.0,3.0
122.0,2.0
103.0,2.0
125.0,7.0
129.0,8.0
114.0,2.0
148.0,6.0
142.0,6.0
127.0,0.0
137.0,5.0
126.0,5.0
128.0,5.0
153.0,6.0
155.0,4.0
158.0,4.0
143.0,4.0
131.0,2.0
134.0,6.0
155.0,3.0
178.0,6.0
128.0,3.0
136.0,7.0
122.0,6.0
149.0,11.0
131.0,2.0
128.0,1.0
148.0,1.0
132.0,2.0
158.0,6.0
140.0,5.0
149.0,2.0
140.0,3.0
149.0,4.0
174.0,3.0
177.0,3.0
182.0,4.0
195.0,3.0
196.0,12.0
164.0,1.0
252.0,4.0
210.0,6.0
213.0,9.0
248.0,1.0
246.0,5.0
229.0,3.0
273.0,8.0
269.0,7.0
276.0,22.0
245.0,5.0
236.0,9.0
215.0,4.0
208.0,5.0
191.0,6.0
168.0,3.0
226.0,6.0
197.0,5.0
208.0,7.0
224.0,5.0
194.0,11.0
218.0,5.0
246.0,8.0
219.0,5.0
228.0,5.0
220.0,2.0
180.0,7.0
202.0,6.0
206.0,0.0
195.0,3.0
160.0,2.0
195.0,5.0
121.0,3.0
132.0,2.0
94.0,4.0
87.0,3.0
106.0,6.0
83.0,2.0
58.0,5.0
65.0,1.0
73.0,1.0
38.0,2.0
57.0,4.0
