39.0,12.0
43.0,16.0
42.0,12.0
33.0,2.0
41.0,6.0
31.0,11.0
36.0,5.0
30.0,3.0
23.0,3.0
22.0,6.0
25.0,8.0
19.0,8.0
21.0,10.0
22.0,4.0
11.0,6.0
15.0,1.0
19.0,6.0
12.0,11.0
10.0,9.0
8.0,0.0
6.0,5.0
8.0,2.0
5.0,0.0
6.0,1.0
6.0,1.0
3.0,3.0
7.0,0.0
6.0,2.0
5.0,1.0
2.0,2.0
4.0,2.0
3.0,2.0
0.0,2.0
2.0,1.0
2.0,3.0
3.0,2.0
2.0,7.0
7.0,2.0
5.0,3.0
12.0,4.0
4.0,9.0
16.0,4.0
33.0,9.0
51.0,31.0
75.0,22.0
98.0,43.0
101.0,25.0
128.0,10.0
157.0,18.0
165.0,27.0
134.0,18.0
130.0,19.0
157.0,22.0
88.0,12.0
87.0,11.0
85.0,11.0
66.0,8.0
75.0,8.0
56.0,5.0
52.0,18.0
60.0,8.0
52.0,7.0
49.0,25.0
56.0,12.0
55.0,6.0
35.0,9.0
64.0,8.0
59.0,12.0
55.0,17.0
71.0,20.0
77.0,5.0
67.0,9.0
53.0,14.0
66.0,14.0
58.0,14.0
70.0,17.0
82.0,18.0
60.0,5.0
54.0,4.0
71.0,11.0
76.0,12.0
69.0,19.0
58.0,9.0
69.0,18.0
68.0,10.0
56.0,17.0
55.0,13.0
67.0,9.0
65.0,16.0
64.0,4.0
51.0,5.0
69.0,5.0
76.0,3.0
72.0,5.0
74.0,11.0
65.0,7.0
87.0,11.0
88.0,10.0
99.0,7.0
109.0,14.0
95.0,13.0
143.0,16.0
178.0,12.0
153.0,11.0
178.0,18.0
120.0,6.0
101.0,8.0
100.0,3.0
115.0,15.0
92.0,13.0
96.0,5.0
97.0,8.0
86.0,20.0
111.0,4.0
93.0,9.0
86.0,9.0
86.0,7.0
73.0,6.0
80.0,9.0
86.0,4.0
90.0,18.0
69.0,21.0
73.0,4.0
82.0,2.0
54.0,4.0
78.0,7.0
89.0,18.0
78.0,8.0
83.0,13.0
78.0,3.0
67.0,7.0
65.0,4.0
62.0,1.0
62.0,4.0
49.0,3.0
39.0,2.0
49.0,1.0
35.0,1.0
48.0,1.0
46.0,4.0
59.0,6.0
53.0,11.0
37.0,15.0
43.0,6.0
