20.0,1.0
11.0,1.0
10.0,3.0
10.0,2.0
4.0,0.0
7.0,0.0
8.0,3.0
8.0,0.0
6.0,1.0
8.0,0.0
4.0,2.0
5.0,1.0
11.0,1.0
5.0,4.0
3.0,0.0
1.0,1.0
6.0,0.0
5.0,0.0
1.0,0.0
2.0,0.0
1.0,0.0
0.0,0.0
1.0,0.0
1.0,0.0
2.0,0.0
1.0,1.0
0.0,2.0
3.0,1.0
2.0,1.0
1.0,0.0
2.0,1.0
0.0,1.0
0.0,2.0
2.0,0.0
3.0,0.0
3.0,3.0
3.0,4.0
3.0,5.0
5.0,3.0
6.0,0.0
12.0,2.0
17.0,0.0
32.0,1.0
40.0,2.0
44.0,3.0
59.0,5.0
75.0,6.0
78.0,22.0
84.0,67.0
70.0,72.0
95.0,100.0
111.0,138.0
88.0,106.0
122.0,48.0
115.0,65.0
118.0,70.0
96.0,108.0
66.0,83.0
47.0,38.0
48.0,34.0
55.0,8.0
45.0,8.0
34.0,8.0
35.0,1.0
28.0,3.0
38.0,4.0
29.0,5.0
34.0,2.0
40.0,0.0
34.0,3.0
40.0,12.0
27.0,2.0
33.0,2.0
24.0,7.0
44.0,8.0
37.0,7.0
40.0,15.0
43.0,12.0
52.0,18.0
33.0,10.0
42.0,20.0
45.0,18.0
51.0,36.0
23.0,10.0
35.0,5.0
23.0,12.0
27.0,3.0
51.0,6.0
33.0,4.0
31.0,0.0
37.0,5.0
42.0,5.0
44.0,6.0
47.0,1.0
44.0,11.0
48.0,17.0
57.0,1.0
50.0,1.0
60.0,1.0
45.0,0.0
56.0,4.0
55.0,3.0
92.0,4.0
66.0,4.0
77.0,2.0
69.0,2.0
71.0,1.0
69.0,4.0
95.0,1.0
66.0,4.0
74.0,2.0
69.0,8.0
64.0,3.0
65.0,0.0
74.0,9.0
56.0,3.0
49.0,3.0
61.0,4.0
64.0,6.0
69.0,5.0
74.0,2.0
81.0,1.0
84.0,3.0
81.0,3.0
83.0,5.0
74.0,3.0
60.0,2.0
57.0,1.0
74.0,8.0
60.0,10.0
65.0,8.0
60.0,4.0
62.0,2.0
54.0,2.0
37.0,2.0
25.0,3.0
26.0,0.0
19.0,1.0
18.0,0.0
20.0,3.0
15.0,2.0
18.0,0.0
18.0,0.0
25.0,1.0
