17.0,4.0
21.0,3.0
16.0,0.0
15.0,1.0
12.0,1.0
7.0,0.0
14.0,0.0
8.0,0.0
9.0,0.0
8.0,0.0
7.0,3.0
9.0,5.0
9.0,0.0
8.0,0.0
4.0,4.0
4.0,2.0
1.0,0.0
5.0,2.0
9.0,0.0
3.0,0.0
3.0,1.0
3.0,0.0
1.0,0.0
2.0,0.0
1.0,0.0
0.0,0.0
0.0,0.0
0.0,0.0
0.0,0.0
1.0,2.0
2.0,0.0
0.0,0.0
1.0,1.0
0.0,0.0
0.0,0.0
1.0,0.0
5.0,0.0
2.0,0.0
6.0,3.0
9.0,0.0
7.0,0.0
14.0,1.0
21.0,1.0
27.0,0.0
27.0,0.0
47.0,1.0
65.0,0.0
54.0,0.0
82.0,1.0
114.0,4.0
96.0,1.0
95.0,4.0
67.0,12.0
75.0,20.0
62.0,20.0
50.0,31.0
40.0,34.0
30.0,38.0
40.0,15.0
34.0,4.0
33.0,2.0
35.0,3.0
39.0,5.0
38.0,5.0
37.0,2.0
25.0,0.0
36.0,0.0
22.0,0.0
28.0,2.0
39.0,0.0
27.0,1.0
37.0,0.0
41.0,1.0
30.0,1.0
22.0,0.0
48.0,2.0
38.0,2.0
13.0,0.0
42.0,4.0
38.0,3.0
28.0,1.0
36.0,1.0
31.0,0.0
26.0,1.0
28.0,0.0
31.0,1.0
37.0,0.0
37.0,1.0
43.0,0.0
30.0,0.0
35.0,0.0
36.0,1.0
42.0,0.0
40.0,1.0
38.0,2.0
42.0,2.0
47.0,3.0
42.0,1.0
45.0,1.0
34.0,1.0
53.0,2.0
39.0,2.0
51.0,1.0
50.0,0.0
50.0,0.0
57.0,2.0
58.0,0.0
52.0,1.0
50.0,3.0
65.0,0.0
59.0,1.0
46.0,1.0
54.0,3.0
41.0,0.0
48.0,0.0
45.0,0.0
37.0,1.0
32.0,1.0
30.0,0.0
35.0,1.0
36.0,0.0
32.0,2.0
38.0,0.0
28.0,1.0
46.0,1.0
54.0,2.0
53.0,0.0
28.0,0.0
29.0,0.0
23.0,1.0
20.0,0.0
34.0,1.0
20.0,0.0
31.0,0.0
17.0,0.0
28.0,2.0
21.0,2.0
16.0,4.0
24.0,1.0
24.0,0.0
27.0,1.0
22.0,1.0
25.0,1.0
18.0,1.0
