45.0,8.0
30.0,2.0
28.0,1.0
29.0,1.0
16.0,0.0
31.0,3.0
18.0,0.0
17.0,3.0
9.0,0.0
12.0,0.0
10.0,0.0
11.0,1.0
10.0,2.0
2.0,1.0
14.0,0.0
6.0,0.0
12.0,0.0
8.0,0.0
2.0,0.0
1.0,0.0
6.0,1.0
9.0,0.0
8.0,1.0
5.0,2.0
4.0,0.0
4.0,0.0
4.0,0.0
5.0,0.0
2.0,0.0
2.0,0.0
3.0,0.0
6.0,1.0
6.0,4.0
5.0,3.0
7.0,5.0
3.0,1.0
5.0,5.0
10.0,9.0
6.0,10.0
44.0,0.0
51.0,1.0
61.0,4.0
71.0,3.0
97.0,4.0
137.0,7.0
166.0,32.0
173.0,74.0
177.0,249.0
177.0,295.0
157.0,233.0
164.0,190.0
171.0,186.0
192.0,222.0
249.0,130.0
271.0,123.0
241.0,74.0
265.0,47.0
227.0,106.0
172.0,92.0
158.0,27.0
137.0,8.0
123.0,5.0
109.0,4.0
113.0,3.0
113.0,3.0
91.0,9.0
91.0,4.0
89.0,2.0
106.0,6.0
107.0,12.0
105.0,41.0
113.0,36.0
106.0,28.0
89.0,16.0
85.0,15.0
91.0,9.0
97.0,32.0
111.0,49.0
105.0,74.0
93.0,49.0
100.0,64.0
106.0,51.0
103.0,51.0
95.0,76.0
99.0,56.0
93.0,35.0
93.0,35.0
82.0,42.0
88.0,42.0
91.0,40.0
107.0,33.0
71.0,68.0
93.0,43.0
136.0,1.0
101.0,3.0
116.0,3.0
135.0,3.0
124.0,5.0
124.0,3.0
137.0,3.0
157.0,10.0
148.0,6.0
208.0,6.0
196.0,6.0
183.0,9.0
261.0,18.0
250.0,10.0
175.0,7.0
259.0,12.0
213.0,26.0
201.0,11.0
190.0,10.0
200.0,11.0
150.0,4.0
147.0,5.0
141.0,7.0
116.0,11.0
113.0,3.0
162.0,5.0
129.0,0.0
169.0,6.0
159.0,1.0
155.0,6.0
140.0,7.0
139.0,3.0
128.0,1.0
152.0,1.0
147.0,7.0
148.0,6.0
157.0,4.0
127.0,4.0
145.0,10.0
132.0,11.0
127.0,10.0
105.0,7.0
99.0,7.0
79.0,1.0
52.0,3.0
52.0,9.0
54.0,2.0
64.0,1.0
47.0,3.0
40.0,2.0
49.0,4.0
