63.0,19.0
56.0,33.0
47.0,48.0
46.0,45.0
36.0,15.0
30.0,11.0
35.0,26.0
31.0,17.0
33.0,3.0
20.0,1.0
33.0,9.0
21.0,4.0
22.0,1.0
24.0,3.0
18.0,4.0
17.0,3.0
13.0,5.0
15.0,1.0
13.0,8.0
9.0,3.0
9.0,0.0
9.0,3.0
12.0,0.0
12.0,3.0
6.0,0.0
7.0,5.0
5.0,0.0
6.0,0.0
4.0,2.0
6.0,0.0
4.0,7.0
4.0,2.0
7.0,3.0
6.0,0.0
3.0,1.0
6.0,10.0
9.0,6.0
12.0,5.0
26.0,8.0
37.0,1.0
47.0,0.0
57.0,3.0
103.0,3.0
99.0,4.0
117.0,2.0
122.0,0.0
147.0,5.0
164.0,30.0
178.0,58.0
163.0,84.0
196.0,83.0
175.0,67.0
173.0,53.0
153.0,14.0
117.0,2.0
108.0,1.0
92.0,0.0
115.0,4.0
74.0,2.0
94.0,2.0
84.0,3.0
93.0,4.0
77.0,0.0
67.0,0.0
87.0,4.0
86.0,0.0
82.0,1.0
101.0,0.0
85.0,3.0
96.0,1.0
107.0,1.0
82.0,3.0
99.0,2.0
73.0,1.0
92.0,2.0
88.0,1.0
98.0,2.0
76.0,2.0
93.0,0.0
99.0,1.0
98.0,6.0
129.0,3.0
91.0,5.0
102.0,0.0
103.0,2.0
112.0,2.0
93.0,1.0
107.0,2.0
105.0,3.0
115.0,4.0
117.0,3.0
115.0,0.0
110.0,8.0
115.0,4.0
114.0,3.0
112.0,5.0
131.0,3.0
140.0,0.0
122.0,3.0
150.0,4.0
139.0,7.0
146.0,3.0
177.0,1.0
160.0,7.0
148.0,3.0
158.0,5.0
152.0,4.0
134.0,5.0
164.0,4.0
139.0,1.0
108.0,0.0
150.0,2.0
140.0,1.0
118.0,3.0
112.0,3.0
111.0,0.0
117.0,3.0
118.0,2.0
101.0,3.0
99.0,2.0
145.0,2.0
142.0,7.0
113.0,8.0
166.0,2.0
132.0,5.0
121.0,1.0
142.0,5.0
126.0,5.0
141.0,2.0
132.0,7.0
130.0,4.0
122.0,5.0
100.0,3.0
88.0,2.0
81.0,4.0
92.0,2.0
65.0,2.0
61.0,3.0
69.0,5.0
60.0,2.0
48.0,1.0
57.0,0.0
54.0,3.0
61.0,3.0
