20.0,8.0
18.0,3.0
16.0,6.0
20.0,6.0
13.0,1.0
14.0,4.0
12.0,2.0
6.0,1.0
14.0,2.0
9.0,2.0
14.0,6.0
4.0,9.0
2.0,3.0
8.0,1.0
3.0,3.0
7.0,0.0
5.0,6.0
5.0,4.0
6.0,3.0
4.0,5.0
1.0,5.0
3.0,1.0
3.0,1.0
1.0,2.0
1.0,2.0
0.0,1.0
2.0,4.0
2.0,0.0
1.0,3.0
1.0,0.0
2.0,1.0
0.0,0.0
1.0,1.0
0.0,0.0
1.0,0.0
2.0,1.0
1.0,1.0
0.0,1.0
2.0,0.0
2.0,2.0
4.0,3.0
1.0,3.0
4.0,0.0
6.0,0.0
13.0,2.0
13.0,0.0
15.0,3.0
16.0,2.0
16.0,2.0
16.0,5.0
17.0,7.0
23.0,3.0
29.0,7.0
18.0,6.0
12.0,4.0
21.0,6.0
21.0,18.0
19.0,4.0
15.0,7.0
25.0,14.0
20.0,9.0
28.0,10.0
23.0,11.0
22.0,2.0
20.0,9.0
25.0,9.0
22.0,17.0
27.0,26.0
25.0,8.0
27.0,20.0
25.0,9.0
21.0,7.0
29.0,9.0
32.0,8.0
24.0,8.0
27.0,8.0
31.0,15.0
21.0,15.0
21.0,9.0
24.0,13.0
20.0,5.0
23.0,7.0
35.0,12.0
16.0,4.0
26.0,7.0
29.0,5.0
25.0,15.0
31.0,17.0
28.0,15.0
23.0,4.0
24.0,16.0
28.0,15.0
35.0,9.0
25.0,15.0
31.0,12.0
34.0,15.0
35.0,17.0
25.0,18.0
29.0,14.0
35.0,13.0
53.0,17.0
41.0,13.0
50.0,14.0
32.0,13.0
29.0,12.0
42.0,20.0
34.0,18.0
27.0,27.0
38.0,26.0
31.0,16.0
36.0,12.0
43.0,19.0
44.0,17.0
28.0,8.0
39.0,10.0
42.0,8.0
22.0,10.0
28.0,10.0
30.0,12.0
22.0,14.0
30.0,13.0
24.0,16.0
31.0,21.0
20.0,21.0
17.0,22.0
22.0,11.0
29.0,11.0
28.0,17.0
22.0,23.0
33.0,20.0
23.0,21.0
29.0,8.0
20.0,15.0
22.0,22.0
25.0,18.0
19.0,20.0
17.0,16.0
25.0,9.0
21.0,11.0
20.0,24.0
13.0,14.0
23.0,17.0
21.0,12.0
14.0,11.0
