767.0,33.0
1084.0,318.0
665.0,1698.0
524.0,3096.0
512.0,3784.0
490.0,3872.0
454.0,3602.0
474.0,3514.0
462.0,3149.0
420.0,2947.0
429.0,2392.0
385.0,1839.0
256.0,1603.0
214.0,1455.0
167.0,1310.0
155.0,1037.0
140.0,742.0
129.0,676.0
103.0,554.0
91.0,457.0
79.0,300.0
66.0,280.0
53.0,162.0
44.0,174.0
42.0,178.0
42.0,154.0
57.0,177.0
49.0,172.0
31.0,192.0
39.0,165.0
31.0,188.0
30.0,211.0
28.0,194.0
25.0,194.0
29.0,266.0
28.0,243.0
31.0,275.0
41.0,318.0
44.0,346.0
46.0,289.0
47.0,255.0
71.0,231.0
83.0,237.0
113.0,235.0
128.0,173.0
134.0,172.0
162.0,132.0
168.0,37.0
196.0,20.0
238.0,22.0
220.0,12.0
231.0,7.0
243.0,15.0
264.0,14.0
260.0,14.0
232.0,13.0
308.0,14.0
303.0,26.0
295.0,19.0
322.0,25.0
315.0,51.0
352.0,54.0
356.0,30.0
324.0,50.0
374.0,40.0
372.0,60.0
346.0,55.0
345.0,58.0
361.0,89.0
356.0,96.0
394.0,88.0
372.0,89.0
405.0,114.0
385.0,82.0
393.0,82.0
420.0,121.0
385.0,121.0
408.0,104.0
452.0,165.0
479.0,199.0
448.0,186.0
462.0,186.0
420.0,319.0
449.0,292.0
442.0,276.0
478.0,276.0
442.0,304.0
431.0,354.0
439.0,380.0
427.0,353.0
432.0,483.0
396.0,386.0
429.0,271.0
745.0,64.0
673.0,137.0
682.0,219.0
561.0,384.0
473.0,572.0
519.0,614.0
503.0,565.0
551.0,711.0
562.0,677.0
558.0,602.0
521.0,689.0
606.0,635.0
579.0,509.0
635.0,456.0
690.0,351.0
637.0,178.0
632.0,70.0
591.0,42.0
557.0,18.0
587.0,20.0
550.0,22.0
545.0,19.0
524.0,19.0
554.0,21.0
545.0,26.0
619.0,45.0
579.0,49.0
625.0,29.0
660.0,23.0
658.0,18.0
669.0,36.0
641.0,28.0
651.0,41.0
685.0,37.0
690.0,21.0
654.0,29.0
575.0,24.0
575.0,25.0
650.0,33.0
649.0,30.0
573.0,31.0
507.0,22.0
480.0,25.0
450.0,11.0
412.0,18.0
324.0,19.0
262.0,24.0
278.0,42.0
252.0,95.0
203.0,154.0
168.0,132.0
