58.0,12.0
62.0,12.0
37.0,16.0
35.0,9.0
36.0,1.0
43.0,4.0
34.0,6.0
32.0,2.0
29.0,4.0
27.0,6.0
28.0,11.0
23.0,11.0
22.0,10.0
21.0,12.0
14.0,16.0
18.0,3.0
22.0,13.0
19.0,15.0
16.0,14.0
11.0,5.0
6.0,0.0
12.0,1.0
10.0,0.0
18.0,3.0
12.0,5.0
9.0,7.0
11.0,0.0
15.0,6.0
11.0,2.0
13.0,2.0
14.0,3.0
10.0,5.0
11.0,2.0
11.0,12.0
18.0,10.0
17.0,11.0
17.0,15.0
16.0,15.0
20.0,16.0
43.0,3.0
83.0,9.0
107.0,5.0
125.0,14.0
197.0,18.0
223.0,72.0
214.0,148.0
204.0,204.0
193.0,290.0
190.0,416.0
203.0,277.0
246.0,259.0
246.0,273.0
305.0,269.0
263.0,53.0
244.0,6.0
205.0,8.0
191.0,8.0
179.0,8.0
189.0,1.0
143.0,2.0
146.0,2.0
151.0,5.0
150.0,6.0
170.0,8.0
183.0,4.0
153.0,6.0
142.0,2.0
142.0,5.0
176.0,4.0
185.0,1.0
155.0,5.0
145.0,3.0
197.0,3.0
187.0,8.0
156.0,1.0
181.0,3.0
173.0,3.0
151.0,3.0
232.0,4.0
187.0,4.0
186.0,6.0
216.0,6.0
196.0,7.0
207.0,3.0
246.0,4.0
211.0,8.0
207.0,7.0
237.0,12.0
232.0,16.0
229.0,34.0
231.0,97.0
216.0,166.0
194.0,211.0
347.0,12.0
251.0,15.0
263.0,13.0
280.0,46.0
273.0,123.0
251.0,129.0
303.0,93.0
264.0,42.0
320.0,61.0
368.0,125.0
294.0,129.0
325.0,172.0
323.0,324.0
283.0,254.0
276.0,203.0
285.0,175.0
311.0,135.0
300.0,74.0
259.0,10.0
190.0,4.0
207.0,3.0
195.0,14.0
194.0,1.0
193.0,14.0
195.0,7.0
186.0,6.0
207.0,17.0
242.0,8.0
208.0,19.0
185.0,15.0
234.0,40.0
214.0,56.0
205.0,21.0
174.0,18.0
186.0,43.0
182.0,57.0
183.0,60.0
168.0,46.0
167.0,43.0
182.0,36.0
159.0,22.0
128.0,12.0
106.0,2.0
84.0,4.0
88.0,5.0
83.0,7.0
75.0,6.0
63.0,5.0
72.0,6.0
72.0,9.0
55.0,8.0
