21.0,2.0
21.0,3.0
13.0,0.0
12.0,1.0
5.0,0.0
13.0,0.0
12.0,8.0
12.0,1.0
4.0,1.0
7.0,0.0
4.0,0.0
6.0,1.0
9.0,0.0
7.0,0.0
4.0,0.0
5.0,3.0
8.0,4.0
3.0,4.0
6.0,0.0
3.0,0.0
4.0,0.0
4.0,0.0
2.0,0.0
5.0,1.0
0.0,0.0
3.0,0.0
0.0,0.0
0.0,2.0
1.0,4.0
2.0,1.0
1.0,0.0
1.0,2.0
0.0,0.0
2.0,0.0
5.0,5.0
2.0,3.0
3.0,7.0
2.0,0.0
5.0,11.0
16.0,1.0
16.0,0.0
23.0,0.0
35.0,0.0
36.0,0.0
60.0,3.0
91.0,1.0
88.0,7.0
103.0,7.0
116.0,9.0
114.0,46.0
133.0,31.0
119.0,53.0
109.0,31.0
71.0,9.0
81.0,4.0
48.0,5.0
51.0,2.0
46.0,0.0
34.0,0.0
41.0,2.0
33.0,0.0
37.0,0.0
39.0,3.0
34.0,2.0
36.0,6.0
46.0,1.0
38.0,0.0
27.0,1.0
40.0,1.0
40.0,0.0
36.0,2.0
21.0,1.0
45.0,2.0
30.0,3.0
45.0,3.0
36.0,1.0
39.0,2.0
34.0,3.0
43.0,1.0
54.0,2.0
39.0,1.0
57.0,1.0
46.0,1.0
42.0,1.0
34.0,0.0
38.0,4.0
41.0,0.0
46.0,4.0
47.0,2.0
41.0,1.0
41.0,1.0
43.0,2.0
35.0,2.0
41.0,1.0
37.0,0.0
49.0,0.0
54.0,3.0
32.0,4.0
27.0,1.0
50.0,2.0
45.0,0.0
50.0,2.0
90.0,2.0
91.0,5.0
59.0,3.0
108.0,3.0
75.0,1.0
79.0,2.0
92.0,2.0
80.0,3.0
67.0,1.0
67.0,2.0
54.0,1.0
66.0,2.0
54.0,2.0
47.0,3.0
63.0,2.0
39.0,3.0
43.0,0.0
31.0,2.0
47.0,3.0
54.0,1.0
43.0,1.0
54.0,1.0
50.0,0.0
45.0,1.0
48.0,1.0
33.0,1.0
30.0,1.0
36.0,3.0
34.0,2.0
41.0,2.0
40.0,2.0
38.0,1.0
31.0,2.0
29.0,1.0
18.0,0.0
22.0,5.0
28.0,4.0
17.0,2.0
9.0,0.0
19.0,0.0
15.0,3.0
14.0,1.0
