27.0,30.0
28.0,22.0
21.0,8.0
25.0,3.0
28.0,12.0
23.0,5.0
22.0,6.0
15.0,11.0
16.0,6.0
16.0,8.0
16.0,1.0
4.0,4.0
8.0,1.0
10.0,10.0
6.0,8.0
19.0,3.0
11.0,7.0
10.0,1.0
5.0,0.0
7.0,4.0
3.0,1.0
2.0,0.0
4.0,4.0
1.0,2.0
2.0,1.0
4.0,2.0
3.0,9.0
3.0,1.0
4.0,1.0
2.0,0.0
2.0,1.0
1.0,0.0
3.0,0.0
2.0,3.0
2.0,1.0
1.0,1.0
3.0,2.0
4.0,3.0
4.0,5.0
11.0,5.0
12.0,8.0
22.0,21.0
31.0,21.0
45.0,9.0
64.0,16.0
71.0,7.0
79.0,11.0
84.0,9.0
116.0,8.0
113.0,11.0
101.0,6.0
105.0,9.0
119.0,8.0
66.0,9.0
60.0,13.0
63.0,3.0
41.0,11.0
33.0,3.0
40.0,5.0
35.0,5.0
24.0,5.0
25.0,8.0
37.0,3.0
24.0,9.0
28.0,9.0
34.0,6.0
28.0,5.0
42.0,17.0
44.0,16.0
35.0,3.0
55.0,16.0
57.0,12.0
34.0,2.0
37.0,10.0
37.0,10.0
37.0,5.0
46.0,14.0
56.0,10.0
38.0,6.0
50.0,7.0
45.0,5.0
51.0,3.0
52.0,2.0
46.0,4.0
40.0,7.0
40.0,2.0
46.0,12.0
45.0,9.0
51.0,7.0
53.0,3.0
37.0,5.0
39.0,9.0
52.0,7.0
52.0,12.0
48.0,16.0
49.0,9.0
54.0,13.0
58.0,10.0
76.0,7.0
65.0,7.0
51.0,9.0
70.0,8.0
114.0,6.0
105.0,4.0
88.0,8.0
103.0,8.0
75.0,12.0
68.0,9.0
71.0,4.0
69.0,4.0
74.0,3.0
83.0,4.0
85.0,5.0
71.0,5.0
58.0,7.0
45.0,8.0
54.0,10.0
67.0,8.0
54.0,4.0
57.0,2.0
66.0,7.0
71.0,1.0
53.0,2.0
65.0,4.0
49.0,5.0
72.0,5.0
52.0,4.0
46.0,7.0
43.0,6.0
65.0,6.0
42.0,2.0
33.0,5.0
48.0,4.0
34.0,1.0
43.0,1.0
48.0,1.0
31.0,3.0
41.0,6.0
25.0,4.0
34.0,3.0
34.0,6.0
28.0,4.0
29.0,1.0
39.0,4.0
