116.0,7.0
180.0,11.0
132.0,9.0
182.0,14.0
201.0,91.0
167.0,152.0
209.0,139.0
192.0,123.0
187.0,100.0
168.0,52.0
127.0,36.0
112.0,40.0
103.0,57.0
109.0,126.0
89.0,138.0
86.0,131.0
69.0,97.0
55.0,78.0
43.0,158.0
32.0,166.0
34.0,142.0
32.0,161.0
30.0,123.0
25.0,104.0
25.0,119.0
27.0,128.0
16.0,107.0
19.0,83.0
18.0,66.0
9.0,82.0
19.0,72.0
3.0,84.0
8.0,99.0
5.0,117.0
10.0,112.0
10.0,189.0
12.0,171.0
8.0,161.0
9.0,224.0
16.0,188.0
12.0,175.0
16.0,117.0
19.0,159.0
38.0,129.0
44.0,108.0
41.0,82.0
57.0,69.0
69.0,38.0
64.0,38.0
70.0,12.0
71.0,38.0
73.0,49.0
86.0,51.0
95.0,19.0
93.0,10.0
101.0,20.0
99.0,30.0
108.0,37.0
107.0,36.0
93.0,43.0
114.0,49.0
104.0,62.0
127.0,42.0
93.0,69.0
121.0,50.0
112.0,76.0
114.0,81.0
105.0,84.0
114.0,81.0
140.0,80.0
123.0,100.0
137.0,89.0
128.0,88.0
125.0,94.0
127.0,91.0
150.0,83.0
119.0,91.0
135.0,107.0
149.0,117.0
121.0,131.0
123.0,151.0
135.0,148.0
139.0,162.0
121.0,161.0
114.0,150.0
115.0,178.0
135.0,145.0
119.0,174.0
129.0,161.0
128.0,148.0
121.0,195.0
124.0,202.0
134.0,195.0
229.0,127.0
203.0,240.0
191.0,271.0
158.0,323.0
144.0,341.0
135.0,282.0
132.0,190.0
131.0,325.0
162.0,249.0
155.0,266.0
148.0,344.0
137.0,300.0
182.0,268.0
157.0,375.0
156.0,363.0
173.0,308.0
199.0,219.0
195.0,129.0
167.0,40.0
147.0,21.0
118.0,10.0
131.0,6.0
120.0,16.0
119.0,13.0
117.0,5.0
87.0,10.0
122.0,5.0
122.0,9.0
116.0,8.0
113.0,2.0
126.0,5.0
108.0,4.0
80.0,3.0
103.0,2.0
105.0,2.0
80.0,5.0
90.0,3.0
86.0,1.0
85.0,0.0
81.0,4.0
76.0,10.0
68.0,2.0
79.0,6.0
69.0,6.0
76.0,1.0
52.0,3.0
68.0,2.0
54.0,2.0
51.0,1.0
48.0,0.0
36.0,1.0
