58.0,13.0
48.0,18.0
47.0,7.0
35.0,1.0
38.0,0.0
45.0,1.0
31.0,1.0
34.0,0.0
31.0,2.0
21.0,0.0
25.0,2.0
24.0,0.0
21.0,0.0
25.0,1.0
18.0,1.0
12.0,0.0
13.0,0.0
12.0,2.0
14.0,1.0
9.0,0.0
17.0,0.0
8.0,6.0
12.0,0.0
10.0,0.0
12.0,1.0
5.0,1.0
12.0,0.0
13.0,1.0
4.0,4.0
7.0,0.0
4.0,1.0
7.0,1.0
8.0,2.0
8.0,0.0
6.0,0.0
13.0,6.0
23.0,30.0
22.0,6.0
30.0,6.0
33.0,2.0
45.0,0.0
57.0,2.0
94.0,5.0
115.0,2.0
157.0,2.0
271.0,3.0
310.0,6.0
392.0,7.0
406.0,12.0
433.0,144.0
385.0,123.0
451.0,56.0
475.0,35.0
297.0,4.0
222.0,9.0
196.0,6.0
211.0,5.0
173.0,3.0
211.0,2.0
200.0,3.0
127.0,4.0
136.0,2.0
117.0,4.0
123.0,2.0
110.0,3.0
132.0,2.0
145.0,2.0
146.0,5.0
132.0,3.0
175.0,6.0
174.0,6.0
172.0,5.0
147.0,1.0
178.0,4.0
167.0,4.0
156.0,6.0
171.0,9.0
160.0,4.0
153.0,4.0
170.0,5.0
139.0,7.0
166.0,1.0
169.0,5.0
134.0,2.0
149.0,3.0
158.0,3.0
135.0,8.0
178.0,6.0
142.0,2.0
135.0,6.0
141.0,2.0
156.0,6.0
178.0,5.0
169.0,5.0
191.0,4.0
195.0,2.0
190.0,11.0
173.0,3.0
200.0,16.0
227.0,6.0
190.0,11.0
209.0,2.0
267.0,8.0
249.0,9.0
238.0,12.0
276.0,8.0
267.0,11.0
233.0,7.0
285.0,3.0
259.0,9.0
234.0,9.0
224.0,7.0
216.0,7.0
207.0,7.0
227.0,11.0
177.0,4.0
182.0,9.0
180.0,8.0
208.0,11.0
200.0,5.0
229.0,6.0
233.0,8.0
228.0,8.0
226.0,10.0
238.0,6.0
219.0,2.0
220.0,2.0
200.0,2.0
213.0,6.0
197.0,5.0
210.0,4.0
199.0,4.0
219.0,7.0
185.0,3.0
159.0,3.0
144.0,1.0
108.0,1.0
102.0,1.0
76.0,1.0
92.0,7.0
81.0,4.0
50.0,0.0
65.0,3.0
64.0,3.0
