92.0,4.0
61.0,9.0
76.0,9.0
79.0,7.0
56.0,13.0
48.0,9.0
47.0,9.0
51.0,14.0
57.0,13.0
39.0,9.0
40.0,14.0
33.0,17.0
28.0,14.0
34.0,15.0
25.0,9.0
24.0,2.0
18.0,2.0
17.0,2.0
15.0,4.0
20.0,4.0
14.0,0.0
11.0,1.0
11.0,1.0
12.0,0.0
11.0,2.0
12.0,2.0
9.0,9.0
12.0,5.0
9.0,9.0
13.0,4.0
15.0,6.0
5.0,9.0
12.0,7.0
6.0,4.0
9.0,6.0
15.0,13.0
10.0,22.0
16.0,14.0
18.0,16.0
99.0,7.0
105.0,6.0
149.0,10.0
173.0,64.0
199.0,210.0
219.0,385.0
212.0,671.0
224.0,416.0
254.0,298.0
286.0,237.0
373.0,247.0
325.0,287.0
358.0,280.0
430.0,228.0
476.0,143.0
496.0,99.0
482.0,77.0
440.0,43.0
362.0,86.0
365.0,68.0
332.0,56.0
305.0,49.0
260.0,21.0
273.0,32.0
240.0,22.0
235.0,15.0
221.0,9.0
212.0,9.0
199.0,11.0
232.0,16.0
224.0,9.0
253.0,14.0
235.0,9.0
260.0,11.0
247.0,7.0
230.0,8.0
255.0,8.0
243.0,9.0
275.0,10.0
273.0,27.0
267.0,37.0
275.0,35.0
283.0,38.0
283.0,24.0
263.0,31.0
266.0,6.0
253.0,7.0
265.0,4.0
269.0,16.0
227.0,12.0
259.0,7.0
282.0,10.0
285.0,8.0
292.0,17.0
282.0,11.0
265.0,14.0
258.0,72.0
276.0,8.0
293.0,16.0
337.0,10.0
341.0,14.0
385.0,19.0
480.0,61.0
500.0,171.0
424.0,254.0
487.0,245.0
449.0,533.0
409.0,257.0
385.0,215.0
476.0,287.0
444.0,172.0
479.0,228.0
443.0,76.0
378.0,30.0
341.0,13.0
326.0,11.0
330.0,18.0
324.0,9.0
337.0,20.0
291.0,9.0
326.0,9.0
409.0,20.0
327.0,14.0
340.0,10.0
376.0,45.0
390.0,31.0
378.0,52.0
346.0,88.0
356.0,69.0
365.0,113.0
383.0,58.0
323.0,45.0
275.0,22.0
241.0,12.0
266.0,17.0
173.0,7.0
186.0,6.0
158.0,7.0
133.0,6.0
127.0,13.0
126.0,12.0
106.0,4.0
105.0,10.0
91.0,4.0
84.0,7.0
