19.0,2.0
20.0,3.0
15.0,0.0
14.0,2.0
10.0,1.0
5.0,0.0
9.0,0.0
7.0,2.0
6.0,0.0
7.0,2.0
8.0,0.0
7.0,1.0
3.0,2.0
6.0,0.0
8.0,2.0
6.0,0.0
7.0,0.0
0.0,0.0
1.0,0.0
2.0,1.0
5.0,3.0
3.0,0.0
4.0,0.0
2.0,0.0
2.0,2.0
2.0,0.0
2.0,1.0
2.0,0.0
3.0,0.0
4.0,1.0
3.0,2.0
2.0,0.0
2.0,7.0
4.0,2.0
2.0,7.0
4.0,5.0
4.0,6.0
4.0,5.0
6.0,3.0
22.0,0.0
35.0,1.0
51.0,0.0
70.0,2.0
81.0,2.0
121.0,14.0
108.0,35.0
123.0,57.0
136.0,111.0
129.0,235.0
111.0,182.0
172.0,117.0
165.0,84.0
187.0,114.0
197.0,22.0
170.0,5.0
137.0,3.0
120.0,0.0
112.0,2.0
101.0,1.0
73.0,3.0
79.0,1.0
70.0,2.0
76.0,3.0
73.0,0.0
77.0,0.0
65.0,1.0
56.0,1.0
75.0,3.0
63.0,2.0
64.0,3.0
59.0,0.0
74.0,3.0
62.0,3.0
61.0,2.0
81.0,5.0
58.0,4.0
54.0,6.0
61.0,1.0
78.0,3.0
75.0,3.0
70.0,2.0
73.0,1.0
61.0,10.0
80.0,3.0
75.0,4.0
63.0,8.0
68.0,10.0
67.0,2.0
60.0,4.0
62.0,7.0
78.0,5.0
82.0,65.0
60.0,63.0
75.0,4.0
64.0,2.0
68.0,1.0
89.0,4.0
74.0,2.0
98.0,3.0
105.0,5.0
106.0,1.0
105.0,6.0
146.0,31.0
134.0,52.0
116.0,55.0
135.0,103.0
124.0,101.0
125.0,43.0
107.0,62.0
98.0,31.0
82.0,6.0
77.0,5.0
77.0,5.0
90.0,2.0
80.0,1.0
76.0,1.0
72.0,4.0
53.0,1.0
59.0,2.0
82.0,4.0
75.0,5.0
78.0,2.0
72.0,6.0
79.0,7.0
67.0,2.0
61.0,5.0
80.0,3.0
76.0,3.0
76.0,7.0
51.0,2.0
62.0,1.0
45.0,9.0
46.0,4.0
46.0,4.0
38.0,3.0
29.0,0.0
43.0,1.0
32.0,3.0
31.0,3.0
24.0,2.0
27.0,2.0
12.0,3.0
16.0,0.0
28.0,3.0
