194.0,146.0
197.0,177.0
155.0,163.0
159.0,120.0
133.0,91.0
122.0,120.0
124.0,147.0
120.0,103.0
108.0,101.0
93.0,80.0
118.0,60.0
76.0,82.0
91.0,109.0
79.0,61.0
75.0,61.0
66.0,70.0
66.0,70.0
53.0,55.0
54.0,76.0
49.0,51.0
46.0,58.0
58.0,35.0
39.0,27.0
57.0,30.0
42.0,36.0
38.0,35.0
47.0,20.0
38.0,30.0
37.0,26.0
34.0,14.0
35.0,21.0
21.0,15.0
19.0,7.0
43.0,13.0
29.0,3.0
36.0,13.0
22.0,12.0
33.0,11.0
28.0,22.0
53.0,16.0
62.0,18.0
71.0,15.0
85.0,12.0
110.0,27.0
114.0,41.0
150.0,26.0
154.0,25.0
196.0,10.0
220.0,9.0
205.0,7.0
247.0,9.0
266.0,5.0
232.0,10.0
234.0,5.0
268.0,5.0
271.0,2.0
262.0,6.0
305.0,3.0
309.0,10.0
329.0,13.0
327.0,10.0
347.0,9.0
309.0,7.0
325.0,4.0
340.0,9.0
376.0,6.0
394.0,15.0
437.0,18.0
412.0,3.0
395.0,11.0
403.0,15.0
399.0,16.0
433.0,15.0
434.0,18.0
411.0,19.0
421.0,14.0
378.0,19.0
414.0,14.0
486.0,19.0
474.0,11.0
468.0,31.0
512.0,17.0
530.0,13.0
523.0,21.0
511.0,20.0
524.0,74.0
524.0,38.0
515.0,13.0
559.0,48.0
562.0,51.0
591.0,73.0
617.0,102.0
567.0,115.0
581.0,130.0
500.0,291.0
510.0,470.0
703.0,30.0
520.0,14.0
547.0,28.0
561.0,14.0
586.0,14.0
619.0,22.0
624.0,21.0
656.0,31.0
593.0,27.0
549.0,12.0
528.0,14.0
516.0,12.0
530.0,11.0
513.0,10.0
428.0,10.0
491.0,17.0
453.0,15.0
477.0,16.0
440.0,16.0
420.0,11.0
504.0,10.0
516.0,18.0
520.0,60.0
456.0,107.0
596.0,39.0
520.0,132.0
525.0,160.0
520.0,255.0
466.0,237.0
484.0,313.0
426.0,341.0
417.0,295.0
410.0,265.0
433.0,379.0
389.0,364.0
426.0,222.0
395.0,269.0
363.0,179.0
317.0,56.0
291.0,35.0
288.0,18.0
210.0,14.0
231.0,8.0
162.0,14.0
182.0,10.0
173.0,10.0
147.0,14.0
166.0,13.0
