20.0,1.0
24.0,4.0
10.0,0.0
15.0,1.0
17.0,2.0
16.0,1.0
9.0,3.0
6.0,0.0
8.0,2.0
9.0,4.0
10.0,7.0
8.0,1.0
8.0,5.0
9.0,0.0
8.0,0.0
10.0,0.0
2.0,0.0
2.0,0.0
5.0,2.0
3.0,2.0
2.0,5.0
6.0,0.0
5.0,0.0
3.0,3.0
2.0,1.0
2.0,0.0
4.0,0.0
4.0,3.0
4.0,0.0
2.0,3.0
1.0,1.0
2.0,1.0
2.0,2.0
2.0,0.0
0.0,2.0
4.0,1.0
3.0,4.0
5.0,10.0
4.0,4.0
12.0,5.0
14.0,3.0
16.0,2.0
22.0,10.0
24.0,1.0
48.0,1.0
46.0,2.0
39.0,2.0
59.0,4.0
63.0,5.0
67.0,4.0
60.0,4.0
101.0,5.0
69.0,5.0
78.0,2.0
85.0,6.0
69.0,3.0
74.0,2.0
84.0,8.0
76.0,4.0
75.0,8.0
71.0,3.0
74.0,2.0
92.0,12.0
81.0,7.0
91.0,14.0
94.0,6.0
95.0,2.0
91.0,3.0
85.0,5.0
85.0,11.0
78.0,9.0
65.0,13.0
88.0,3.0
88.0,3.0
95.0,12.0
82.0,3.0
88.0,6.0
87.0,2.0
98.0,5.0
79.0,3.0
100.0,1.0
104.0,5.0
100.0,4.0
100.0,7.0
110.0,6.0
86.0,3.0
91.0,6.0
96.0,13.0
74.0,3.0
82.0,10.0
99.0,15.0
61.0,32.0
88.0,36.0
98.0,4.0
100.0,2.0
93.0,4.0
87.0,5.0
91.0,14.0
112.0,8.0
112.0,17.0
89.0,7.0
114.0,18.0
109.0,8.0
116.0,14.0
131.0,17.0
122.0,8.0
105.0,5.0
99.0,3.0
94.0,2.0
89.0,0.0
75.0,1.0
94.0,2.0
76.0,1.0
83.0,2.0
64.0,2.0
73.0,6.0
77.0,8.0
88.0,5.0
59.0,8.0
61.0,6.0
64.0,9.0
70.0,10.0
62.0,9.0
68.0,5.0
69.0,4.0
71.0,6.0
53.0,8.0
54.0,3.0
56.0,4.0
40.0,3.0
48.0,1.0
46.0,5.0
49.0,0.0
36.0,1.0
30.0,0.0
39.0,1.0
20.0,1.0
30.0,0.0
27.0,6.0
20.0,2.0
20.0,0.0
23.0,2.0
27.0,4.0
13.0,3.0
