33.0,4.0
23.0,0.0
45.0,1.0
42.0,3.0
30.0,5.0
33.0,2.0
28.0,0.0
24.0,1.0
28.0,1.0
16.0,0.0
22.0,0.0
23.0,3.0
12.0,0.0
15.0,1.0
8.0,0.0
15.0,0.0
6.0,0.0
13.0,0.0
5.0,2.0
9.0,1.0
5.0,0.0
9.0,0.0
5.0,0.0
6.0,3.0
6.0,0.0
11.0,1.0
7.0,3.0
5.0,8.0
5.0,5.0
3.0,3.0
4.0,0.0
2.0,2.0
2.0,4.0
5.0,3.0
4.0,0.0
8.0,1.0
8.0,2.0
8.0,4.0
8.0,3.0
11.0,1.0
18.0,0.0
25.0,2.0
37.0,0.0
32.0,1.0
24.0,3.0
37.0,0.0
52.0,0.0
48.0,2.0
43.0,1.0
56.0,1.0
57.0,3.0
59.0,1.0
61.0,1.0
63.0,0.0
46.0,1.0
47.0,0.0
50.0,2.0
56.0,3.0
64.0,3.0
53.0,1.0
59.0,2.0
67.0,2.0
52.0,3.0
58.0,1.0
55.0,5.0
61.0,0.0
65.0,0.0
62.0,0.0
51.0,2.0
53.0,2.0
58.0,1.0
50.0,0.0
50.0,1.0
64.0,4.0
63.0,4.0
58.0,5.0
55.0,2.0
71.0,2.0
71.0,8.0
82.0,4.0
70.0,2.0
76.0,6.0
71.0,2.0
58.0,4.0
51.0,1.0
49.0,1.0
83.0,4.0
59.0,2.0
53.0,4.0
60.0,2.0
59.0,2.0
54.0,1.0
60.0,1.0
73.0,3.0
61.0,4.0
64.0,3.0
78.0,2.0
71.0,3.0
72.0,3.0
77.0,8.0
73.0,2.0
81.0,2.0
107.0,4.0
98.0,0.0
105.0,7.0
90.0,3.0
86.0,2.0
88.0,2.0
89.0,5.0
85.0,2.0
80.0,2.0
61.0,3.0
83.0,5.0
76.0,2.0
63.0,3.0
77.0,8.0
58.0,4.0
76.0,3.0
70.0,0.0
92.0,7.0
61.0,1.0
76.0,5.0
71.0,7.0
80.0,0.0
77.0,3.0
71.0,2.0
77.0,6.0
66.0,0.0
71.0,5.0
73.0,4.0
50.0,1.0
60.0,3.0
55.0,1.0
46.0,3.0
48.0,1.0
49.0,6.0
44.0,6.0
40.0,4.0
32.0,3.0
43.0,3.0
47.0,3.0
36.0,1.0
38.0,2.0
29.0,5.0
