125.0,14.0
118.0,10.0
117.0,14.0
89.0,12.0
88.0,12.0
104.0,6.0
97.0,18.0
70.0,5.0
72.0,5.0
66.0,11.0
46.0,5.0
46.0,5.0
57.0,5.0
50.0,2.0
30.0,7.0
24.0,4.0
27.0,2.0
34.0,1.0
28.0,3.0
26.0,3.0
32.0,2.0
20.0,6.0
16.0,0.0
25.0,4.0
20.0,0.0
18.0,1.0
9.0,2.0
12.0,0.0
12.0,0.0
9.0,2.0
11.0,3.0
9.0,3.0
17.0,2.0
7.0,5.0
13.0,16.0
13.0,8.0
12.0,12.0
17.0,12.0
12.0,9.0
24.0,7.0
39.0,7.0
50.0,22.0
52.0,7.0
57.0,25.0
77.0,43.0
91.0,57.0
98.0,67.0
114.0,87.0
165.0,62.0
163.0,84.0
168.0,47.0
186.0,68.0
190.0,68.0
195.0,11.0
189.0,7.0
174.0,3.0
193.0,6.0
204.0,6.0
241.0,5.0
223.0,10.0
242.0,8.0
189.0,6.0
243.0,3.0
211.0,8.0
198.0,4.0
224.0,5.0
215.0,14.0
218.0,12.0
268.0,31.0
249.0,64.0
232.0,40.0
259.0,61.0
253.0,14.0
238.0,14.0
292.0,12.0
292.0,28.0
280.0,27.0
296.0,39.0
267.0,30.0
301.0,23.0
310.0,24.0
328.0,47.0
346.0,34.0
337.0,36.0
356.0,62.0
328.0,40.0
367.0,68.0
309.0,119.0
338.0,131.0
324.0,36.0
331.0,98.0
310.0,111.0
350.0,112.0
341.0,149.0
296.0,188.0
314.0,264.0
460.0,14.0
384.0,14.0
364.0,26.0
385.0,38.0
381.0,52.0
399.0,39.0
417.0,30.0
398.0,27.0
405.0,35.0
387.0,25.0
385.0,13.0
351.0,12.0
366.0,6.0
348.0,6.0
314.0,7.0
315.0,9.0
312.0,7.0
319.0,5.0
274.0,11.0
301.0,9.0
285.0,11.0
272.0,7.0
241.0,5.0
266.0,22.0
332.0,15.0
284.0,13.0
339.0,13.0
319.0,32.0
310.0,22.0
306.0,13.0
294.0,21.0
314.0,19.0
277.0,16.0
274.0,12.0
228.0,5.0
221.0,4.0
232.0,6.0
189.0,8.0
186.0,6.0
150.0,6.0
138.0,6.0
136.0,4.0
139.0,6.0
106.0,10.0
85.0,5.0
107.0,5.0
113.0,6.0
103.0,9.0
