4.0,1.0
1.0,0.0
0.0,0.0
3.0,0.0
1.0,0.0
2.0,0.0
1.0,0.0
1.0,0.0
2.0,0.0
2.0,0.0
1.0,0.0
1.0,1.0
0.0,0.0
3.0,1.0
0.0,0.0
0.0,0.0
1.0,0.0
1.0,0.0
1.0,0.0
0.0,2.0
1.0,2.0
0.0,1.0
0.0,0.0
0.0,0.0
0.0,0.0
0.0,1.0
0.0,0.0
0.0,1.0
0.0,0.0
0.0,0.0
0.0,0.0
0.0,0.0
0.0,1.0
1.0,1.0
0.0,0.0
1.0,3.0
0.0,1.0
1.0,5.0
0.0,6.0
7.0,2.0
5.0,0.0
13.0,2.0
19.0,1.0
29.0,1.0
36.0,5.0
45.0,22.0
27.0,14.0
41.0,19.0
30.0,10.0
26.0,14.0
17.0,12.0
24.0,18.0
12.0,15.0
28.0,12.0
29.0,22.0
20.0,38.0
21.0,33.0
11.0,31.0
8.0,19.0
11.0,25.0
8.0,27.0
10.0,24.0
18.0,21.0
11.0,21.0
9.0,32.0
22.0,25.0
17.0,13.0
17.0,15.0
14.0,18.0
4.0,11.0
8.0,23.0
11.0,25.0
19.0,20.0
10.0,6.0
16.0,14.0
18.0,16.0
11.0,5.0
17.0,7.0
12.0,12.0
18.0,20.0
12.0,9.0
15.0,11.0
17.0,10.0
18.0,18.0
9.0,6.0
16.0,9.0
18.0,11.0
14.0,0.0
17.0,2.0
16.0,2.0
12.0,11.0
9.0,10.0
16.0,5.0
15.0,3.0
28.0,1.0
15.0,0.0
22.0,1.0
10.0,6.0
27.0,2.0
23.0,3.0
18.0,5.0
26.0,0.0
36.0,1.0
24.0,0.0
27.0,2.0
15.0,0.0
21.0,1.0
23.0,3.0
16.0,1.0
16.0,4.0
24.0,0.0
14.0,0.0
12.0,7.0
9.0,0.0
9.0,0.0
11.0,0.0
7.0,0.0
10.0,0.0
9.0,0.0
6.0,0.0
7.0,0.0
10.0,1.0
5.0,1.0
8.0,0.0
8.0,1.0
6.0,2.0
8.0,0.0
7.0,0.0
9.0,1.0
8.0,0.0
7.0,0.0
10.0,1.0
5.0,0.0
3.0,1.0
0.0,0.0
6.0,1.0
1.0,1.0
4.0,0.0
5.0,0.0
8.0,1.0
3.0,0.0
1.0,0.0
3.0,0.0
3.0,1.0
