42.0,2.0
36.0,6.0
52.0,8.0
36.0,3.0
39.0,4.0
31.0,3.0
22.0,4.0
32.0,10.0
23.0,23.0
24.0,9.0
24.0,7.0
28.0,7.0
18.0,1.0
17.0,5.0
18.0,4.0
15.0,7.0
13.0,1.0
9.0,0.0
8.0,1.0
11.0,4.0
5.0,2.0
4.0,0.0
8.0,1.0
11.0,2.0
3.0,1.0
5.0,0.0
3.0,1.0
6.0,1.0
4.0,3.0
5.0,0.0
6.0,3.0
7.0,1.0
2.0,0.0
6.0,7.0
5.0,4.0
9.0,2.0
6.0,6.0
15.0,7.0
9.0,5.0
26.0,2.0
14.0,0.0
21.0,1.0
31.0,0.0
49.0,2.0
55.0,1.0
89.0,3.0
76.0,0.0
92.0,3.0
106.0,5.0
126.0,2.0
131.0,2.0
152.0,3.0
154.0,4.0
126.0,1.0
152.0,2.0
127.0,1.0
126.0,5.0
107.0,1.0
114.0,5.0
117.0,0.0
120.0,2.0
141.0,1.0
115.0,0.0
113.0,1.0
119.0,9.0
97.0,3.0
104.0,2.0
123.0,6.0
120.0,8.0
112.0,2.0
123.0,5.0
145.0,3.0
133.0,4.0
152.0,4.0
144.0,4.0
144.0,2.0
155.0,5.0
126.0,3.0
156.0,2.0
143.0,1.0
149.0,2.0
183.0,13.0
199.0,5.0
151.0,4.0
187.0,2.0
172.0,3.0
173.0,2.0
166.0,6.0
164.0,4.0
174.0,3.0
163.0,9.0
151.0,15.0
146.0,7.0
166.0,4.0
171.0,6.0
171.0,6.0
198.0,11.0
172.0,2.0
179.0,5.0
171.0,6.0
202.0,7.0
187.0,3.0
217.0,10.0
212.0,8.0
218.0,5.0
234.0,9.0
235.0,5.0
209.0,3.0
214.0,2.0
185.0,4.0
209.0,3.0
186.0,2.0
184.0,10.0
183.0,1.0
189.0,1.0
186.0,10.0
222.0,13.0
169.0,16.0
252.0,21.0
220.0,15.0
226.0,10.0
238.0,8.0
245.0,9.0
227.0,9.0
211.0,10.0
211.0,9.0
223.0,11.0
200.0,5.0
227.0,10.0
253.0,18.0
187.0,16.0
160.0,9.0
171.0,6.0
153.0,7.0
155.0,4.0
152.0,1.0
127.0,6.0
126.0,8.0
113.0,21.0
77.0,30.0
78.0,59.0
65.0,47.0
51.0,18.0
39.0,7.0
