40.0,3.0
35.0,3.0
35.0,6.0
39.0,2.0
30.0,7.0
27.0,3.0
19.0,0.0
22.0,1.0
18.0,0.0
22.0,0.0
12.0,1.0
16.0,6.0
23.0,2.0
7.0,2.0
13.0,0.0
15.0,1.0
9.0,2.0
10.0,0.0
12.0,4.0
8.0,1.0
9.0,3.0
7.0,0.0
8.0,1.0
2.0,0.0
10.0,0.0
2.0,2.0
2.0,1.0
1.0,0.0
7.0,2.0
2.0,1.0
2.0,1.0
1.0,2.0
2.0,0.0
5.0,1.0
2.0,0.0
2.0,0.0
5.0,0.0
5.0,3.0
7.0,0.0
11.0,1.0
12.0,6.0
18.0,10.0
33.0,13.0
47.0,10.0
47.0,17.0
81.0,17.0
98.0,9.0
75.0,15.0
121.0,10.0
136.0,4.0
107.0,8.0
91.0,11.0
97.0,16.0
64.0,4.0
56.0,11.0
58.0,17.0
45.0,6.0
62.0,6.0
51.0,3.0
34.0,9.0
42.0,13.0
38.0,15.0
49.0,8.0
35.0,5.0
50.0,2.0
34.0,9.0
53.0,16.0
43.0,9.0
47.0,7.0
39.0,10.0
47.0,12.0
46.0,12.0
40.0,14.0
42.0,10.0
47.0,9.0
45.0,14.0
54.0,12.0
47.0,7.0
68.0,11.0
58.0,6.0
50.0,9.0
61.0,10.0
71.0,9.0
63.0,13.0
61.0,20.0
80.0,17.0
58.0,12.0
50.0,12.0
72.0,9.0
56.0,6.0
63.0,4.0
69.0,15.0
73.0,22.0
76.0,16.0
90.0,7.0
70.0,9.0
70.0,11.0
75.0,6.0
66.0,11.0
84.0,19.0
85.0,18.0
101.0,21.0
111.0,18.0
115.0,13.0
123.0,14.0
116.0,5.0
102.0,36.0
78.0,9.0
74.0,11.0
90.0,6.0
89.0,5.0
124.0,7.0
95.0,3.0
75.0,5.0
81.0,3.0
56.0,11.0
76.0,14.0
80.0,4.0
76.0,2.0
61.0,11.0
88.0,9.0
84.0,5.0
86.0,6.0
111.0,6.0
82.0,4.0
95.0,17.0
89.0,14.0
67.0,7.0
82.0,8.0
83.0,3.0
61.0,2.0
70.0,4.0
74.0,8.0
68.0,4.0
64.0,5.0
57.0,1.0
69.0,4.0
38.0,6.0
60.0,0.0
51.0,4.0
48.0,2.0
51.0,1.0
69.0,0.0
50.0,6.0
