17.0,1.0
5.0,0.0
13.0,0.0
15.0,1.0
17.0,2.0
9.0,0.0
13.0,4.0
12.0,0.0
11.0,4.0
15.0,0.0
13.0,2.0
12.0,0.0
4.0,0.0
5.0,0.0
7.0,2.0
6.0,0.0
8.0,2.0
3.0,0.0
3.0,0.0
3.0,1.0
3.0,0.0
4.0,2.0
4.0,0.0
1.0,0.0
0.0,0.0
0.0,0.0
6.0,0.0
3.0,1.0
3.0,0.0
1.0,3.0
3.0,0.0
2.0,0.0
2.0,1.0
4.0,2.0
3.0,1.0
4.0,1.0
3.0,4.0
8.0,9.0
4.0,11.0
23.0,0.0
39.0,2.0
34.0,1.0
89.0,3.0
106.0,7.0
124.0,28.0
126.0,39.0
118.0,49.0
149.0,103.0
132.0,154.0
123.0,130.0
162.0,107.0
168.0,113.0
163.0,111.0
200.0,37.0
197.0,12.0
175.0,2.0
148.0,6.0
116.0,4.0
104.0,4.0
98.0,3.0
83.0,4.0
69.0,4.0
73.0,5.0
70.0,3.0
69.0,0.0
83.0,2.0
70.0,4.0
90.0,8.0
63.0,8.0
81.0,6.0
79.0,5.0
88.0,15.0
65.0,10.0
61.0,10.0
74.0,5.0
69.0,4.0
67.0,3.0
52.0,0.0
92.0,1.0
78.0,3.0
74.0,10.0
85.0,11.0
66.0,27.0
76.0,7.0
72.0,17.0
59.0,15.0
74.0,29.0
85.0,30.0
88.0,23.0
73.0,25.0
84.0,28.0
79.0,28.0
82.0,56.0
84.0,3.0
85.0,5.0
83.0,6.0
93.0,48.0
90.0,28.0
103.0,40.0
97.0,50.0
91.0,28.0
129.0,65.0
147.0,129.0
122.0,73.0
131.0,93.0
126.0,92.0
109.0,127.0
103.0,114.0
92.0,128.0
115.0,112.0
107.0,86.0
164.0,21.0
103.0,27.0
95.0,3.0
94.0,11.0
96.0,16.0
88.0,21.0
75.0,13.0
77.0,20.0
58.0,6.0
102.0,7.0
78.0,4.0
75.0,6.0
79.0,18.0
82.0,6.0
86.0,10.0
87.0,29.0
92.0,17.0
68.0,14.0
67.0,8.0
81.0,12.0
74.0,11.0
60.0,21.0
59.0,7.0
49.0,2.0
48.0,4.0
50.0,1.0
37.0,5.0
27.0,3.0
30.0,3.0
25.0,3.0
31.0,4.0
26.0,0.0
18.0,1.0
