18.0,1.0
13.0,2.0
15.0,0.0
12.0,0.0
10.0,1.0
15.0,0.0
7.0,3.0
1.0,0.0
11.0,0.0
6.0,0.0
7.0,9.0
4.0,8.0
7.0,2.0
5.0,1.0
6.0,1.0
2.0,0.0
6.0,0.0
1.0,0.0
5.0,0.0
0.0,0.0
1.0,0.0
1.0,0.0
1.0,2.0
1.0,0.0
1.0,0.0
2.0,0.0
1.0,0.0
0.0,0.0
0.0,1.0
1.0,2.0
1.0,0.0
4.0,0.0
2.0,3.0
2.0,4.0
0.0,1.0
2.0,0.0
3.0,0.0
5.0,2.0
4.0,0.0
9.0,0.0
12.0,1.0
15.0,2.0
19.0,0.0
25.0,0.0
36.0,1.0
48.0,1.0
56.0,0.0
44.0,2.0
71.0,0.0
88.0,3.0
75.0,2.0
76.0,1.0
89.0,0.0
65.0,2.0
49.0,1.0
50.0,1.0
52.0,3.0
38.0,2.0
70.0,2.0
48.0,3.0
51.0,1.0
43.0,2.0
51.0,3.0
58.0,2.0
47.0,2.0
54.0,1.0
56.0,5.0
64.0,3.0
51.0,3.0
66.0,3.0
73.0,2.0
67.0,4.0
61.0,1.0
61.0,1.0
73.0,1.0
82.0,3.0
68.0,3.0
72.0,1.0
75.0,2.0
80.0,4.0
65.0,1.0
62.0,1.0
88.0,1.0
78.0,1.0
96.0,2.0
73.0,1.0
89.0,0.0
81.0,0.0
81.0,1.0
95.0,3.0
75.0,0.0
98.0,1.0
85.0,1.0
97.0,3.0
82.0,1.0
94.0,1.0
113.0,0.0
112.0,5.0
96.0,2.0
110.0,3.0
75.0,1.0
97.0,1.0
113.0,5.0
122.0,0.0
108.0,2.0
119.0,2.0
149.0,3.0
140.0,5.0
128.0,2.0
121.0,4.0
110.0,2.0
123.0,3.0
89.0,4.0
108.0,7.0
95.0,1.0
82.0,4.0
87.0,5.0
74.0,3.0
76.0,2.0
59.0,1.0
83.0,5.0
79.0,2.0
75.0,3.0
89.0,3.0
76.0,3.0
60.0,3.0
93.0,5.0
85.0,3.0
93.0,3.0
78.0,4.0
70.0,2.0
65.0,3.0
72.0,4.0
64.0,3.0
42.0,2.0
39.0,2.0
54.0,2.0
45.0,1.0
28.0,4.0
19.0,0.0
16.0,2.0
10.0,0.0
13.0,1.0
12.0,0.0
