69.0,5.0
72.0,14.0
64.0,9.0
56.0,5.0
62.0,3.0
44.0,5.0
50.0,1.0
39.0,3.0
45.0,5.0
39.0,4.0
33.0,1.0
26.0,2.0
37.0,0.0
30.0,1.0
21.0,2.0
23.0,0.0
13.0,0.0
11.0,2.0
16.0,0.0
16.0,6.0
18.0,4.0
13.0,0.0
16.0,15.0
17.0,1.0
11.0,2.0
8.0,0.0
14.0,4.0
9.0,1.0
7.0,0.0
3.0,5.0
6.0,0.0
5.0,4.0
9.0,5.0
5.0,0.0
7.0,2.0
7.0,5.0
7.0,5.0
10.0,10.0
11.0,5.0
25.0,3.0
24.0,2.0
32.0,0.0
44.0,3.0
59.0,1.0
64.0,12.0
92.0,5.0
96.0,2.0
104.0,4.0
114.0,6.0
97.0,4.0
93.0,5.0
123.0,4.0
132.0,7.0
110.0,3.0
104.0,1.0
106.0,5.0
104.0,0.0
99.0,0.0
98.0,2.0
89.0,2.0
101.0,2.0
99.0,1.0
96.0,2.0
98.0,2.0
97.0,1.0
116.0,4.0
96.0,4.0
123.0,2.0
103.0,8.0
114.0,5.0
117.0,5.0
102.0,1.0
89.0,3.0
100.0,0.0
103.0,4.0
113.0,4.0
135.0,1.0
138.0,4.0
143.0,2.0
121.0,3.0
156.0,5.0
120.0,3.0
153.0,3.0
112.0,3.0
111.0,2.0
133.0,3.0
135.0,5.0
122.0,2.0
124.0,0.0
98.0,4.0
127.0,3.0
129.0,1.0
109.0,1.0
127.0,4.0
138.0,0.0
154.0,3.0
148.0,3.0
191.0,5.0
148.0,1.0
164.0,8.0
158.0,2.0
175.0,4.0
208.0,8.0
203.0,6.0
190.0,6.0
197.0,8.0
166.0,3.0
172.0,9.0
173.0,5.0
143.0,3.0
159.0,1.0
154.0,3.0
149.0,0.0
126.0,3.0
119.0,5.0
140.0,4.0
117.0,2.0
116.0,3.0
111.0,0.0
149.0,4.0
167.0,7.0
200.0,4.0
162.0,8.0
185.0,4.0
154.0,3.0
165.0,9.0
184.0,9.0
152.0,3.0
174.0,4.0
127.0,4.0
141.0,0.0
182.0,10.0
195.0,29.0
193.0,87.0
153.0,101.0
131.0,24.0
108.0,5.0
127.0,5.0
138.0,7.0
104.0,9.0
94.0,5.0
101.0,5.0
91.0,3.0
71.0,6.0
