59.0,3.0
53.0,8.0
41.0,6.0
64.0,5.0
31.0,5.0
54.0,9.0
45.0,3.0
33.0,10.0
45.0,11.0
45.0,7.0
29.0,11.0
32.0,17.0
29.0,14.0
32.0,12.0
41.0,7.0
26.0,4.0
24.0,3.0
22.0,3.0
27.0,2.0
18.0,0.0
20.0,3.0
28.0,4.0
16.0,2.0
20.0,2.0
12.0,0.0
16.0,1.0
17.0,7.0
10.0,2.0
12.0,2.0
10.0,2.0
9.0,5.0
5.0,7.0
8.0,1.0
5.0,11.0
6.0,2.0
6.0,6.0
5.0,10.0
7.0,3.0
6.0,7.0
27.0,7.0
35.0,1.0
39.0,1.0
82.0,6.0
69.0,9.0
82.0,33.0
108.0,42.0
93.0,58.0
114.0,67.0
98.0,81.0
125.0,55.0
162.0,43.0
152.0,36.0
154.0,23.0
134.0,9.0
151.0,4.0
184.0,18.0
170.0,5.0
125.0,8.0
134.0,7.0
123.0,6.0
92.0,3.0
109.0,3.0
125.0,1.0
101.0,6.0
90.0,2.0
109.0,5.0
124.0,7.0
137.0,15.0
115.0,13.0
137.0,18.0
147.0,52.0
150.0,28.0
136.0,14.0
115.0,11.0
132.0,6.0
133.0,11.0
124.0,6.0
141.0,4.0
147.0,22.0
141.0,31.0
164.0,35.0
152.0,45.0
159.0,62.0
137.0,48.0
142.0,57.0
133.0,51.0
120.0,50.0
144.0,47.0
152.0,60.0
137.0,66.0
132.0,81.0
119.0,93.0
95.0,67.0
213.0,22.0
171.0,33.0
190.0,29.0
174.0,54.0
186.0,100.0
174.0,134.0
179.0,191.0
208.0,146.0
211.0,234.0
216.0,408.0
135.0,251.0
154.0,280.0
191.0,262.0
183.0,277.0
164.0,275.0
181.0,207.0
156.0,248.0
195.0,184.0
297.0,107.0
229.0,55.0
244.0,18.0
166.0,41.0
197.0,31.0
184.0,32.0
169.0,39.0
176.0,28.0
179.0,57.0
220.0,11.0
197.0,44.0
185.0,25.0
183.0,21.0
157.0,120.0
164.0,100.0
188.0,113.0
151.0,173.0
195.0,121.0
168.0,128.0
171.0,138.0
158.0,91.0
160.0,95.0
145.0,79.0
163.0,26.0
122.0,21.0
118.0,5.0
108.0,5.0
94.0,5.0
89.0,2.0
72.0,7.0
80.0,4.0
66.0,4.0
75.0,2.0
