77.0,4.0
57.0,3.0
48.0,3.0
54.0,2.0
51.0,3.0
48.0,1.0
45.0,1.0
34.0,2.0
44.0,0.0
31.0,2.0
29.0,3.0
41.0,4.0
36.0,0.0
14.0,1.0
22.0,2.0
21.0,2.0
21.0,3.0
15.0,0.0
17.0,5.0
14.0,2.0
13.0,2.0
18.0,2.0
14.0,1.0
9.0,0.0
7.0,0.0
8.0,0.0
5.0,1.0
8.0,0.0
8.0,0.0
11.0,2.0
10.0,0.0
8.0,3.0
15.0,4.0
11.0,1.0
16.0,1.0
15.0,7.0
19.0,4.0
19.0,10.0
30.0,5.0
40.0,1.0
38.0,2.0
47.0,2.0
44.0,4.0
64.0,0.0
94.0,4.0
100.0,4.0
121.0,2.0
126.0,2.0
168.0,5.0
204.0,2.0
211.0,2.0
232.0,3.0
233.0,4.0
166.0,1.0
144.0,2.0
166.0,3.0
141.0,0.0
140.0,4.0
153.0,1.0
158.0,5.0
142.0,5.0
129.0,2.0
111.0,1.0
137.0,3.0
120.0,1.0
133.0,5.0
160.0,3.0
153.0,1.0
147.0,1.0
169.0,6.0
153.0,1.0
171.0,4.0
179.0,3.0
183.0,4.0
171.0,5.0
156.0,2.0
164.0,3.0
172.0,5.0
170.0,6.0
169.0,3.0
171.0,2.0
167.0,2.0
173.0,1.0
178.0,0.0
177.0,3.0
192.0,4.0
177.0,4.0
174.0,2.0
189.0,6.0
184.0,7.0
205.0,7.0
178.0,7.0
184.0,5.0
165.0,6.0
178.0,8.0
199.0,7.0
212.0,6.0
189.0,5.0
204.0,1.0
230.0,0.0
201.0,11.0
220.0,4.0
228.0,7.0
237.0,4.0
251.0,4.0
255.0,8.0
253.0,2.0
242.0,2.0
272.0,13.0
264.0,3.0
226.0,1.0
250.0,10.0
292.0,9.0
291.0,8.0
258.0,3.0
223.0,1.0
197.0,8.0
175.0,5.0
229.0,5.0
213.0,5.0
191.0,1.0
245.0,13.0
238.0,2.0
268.0,6.0
195.0,3.0
247.0,4.0
246.0,5.0
221.0,5.0
242.0,4.0
235.0,6.0
211.0,4.0
304.0,8.0
335.0,102.0
294.0,159.0
235.0,123.0
214.0,16.0
192.0,11.0
173.0,4.0
162.0,1.0
108.0,6.0
86.0,1.0
98.0,2.0
99.0,2.0
90.0,6.0
