33.0,5.0
33.0,8.0
29.0,2.0
26.0,1.0
30.0,2.0
26.0,0.0
16.0,1.0
19.0,0.0
17.0,2.0
27.0,0.0
11.0,4.0
11.0,2.0
16.0,2.0
16.0,1.0
9.0,1.0
8.0,2.0
7.0,0.0
8.0,1.0
10.0,3.0
7.0,2.0
6.0,0.0
1.0,1.0
3.0,0.0
4.0,1.0
4.0,1.0
3.0,0.0
3.0,0.0
1.0,1.0
2.0,1.0
1.0,1.0
0.0,1.0
2.0,0.0
2.0,3.0
0.0,1.0
1.0,0.0
0.0,1.0
2.0,2.0
6.0,3.0
5.0,3.0
10.0,1.0
9.0,3.0
17.0,5.0
29.0,8.0
34.0,11.0
54.0,18.0
74.0,10.0
86.0,11.0
77.0,17.0
104.0,11.0
122.0,13.0
93.0,10.0
73.0,11.0
76.0,8.0
59.0,8.0
47.0,8.0
54.0,11.0
33.0,5.0
36.0,12.0
29.0,4.0
39.0,8.0
27.0,7.0
28.0,9.0
40.0,4.0
32.0,3.0
40.0,6.0
32.0,5.0
25.0,7.0
28.0,6.0
37.0,9.0
32.0,2.0
56.0,6.0
54.0,5.0
38.0,2.0
30.0,9.0
26.0,8.0
25.0,13.0
38.0,9.0
29.0,3.0
49.0,7.0
50.0,8.0
43.0,7.0
35.0,10.0
43.0,4.0
43.0,3.0
28.0,7.0
32.0,11.0
46.0,3.0
44.0,5.0
48.0,4.0
44.0,5.0
36.0,3.0
45.0,12.0
48.0,2.0
42.0,3.0
47.0,5.0
51.0,12.0
58.0,8.0
52.0,9.0
61.0,13.0
76.0,8.0
60.0,8.0
74.0,7.0
109.0,11.0
99.0,10.0
80.0,8.0
95.0,11.0
77.0,4.0
72.0,2.0
66.0,10.0
72.0,20.0
80.0,2.0
75.0,4.0
59.0,8.0
57.0,6.0
58.0,4.0
51.0,5.0
41.0,3.0
62.0,6.0
51.0,4.0
53.0,5.0
73.0,4.0
56.0,7.0
62.0,12.0
48.0,3.0
44.0,4.0
66.0,4.0
59.0,4.0
49.0,1.0
43.0,3.0
66.0,3.0
65.0,6.0
39.0,1.0
44.0,2.0
33.0,7.0
28.0,2.0
44.0,7.0
42.0,4.0
26.0,4.0
41.0,4.0
32.0,2.0
44.0,3.0
39.0,10.0
42.0,3.0
39.0,8.0
