19.0,10.0
14.0,5.0
10.0,0.0
17.0,1.0
11.0,1.0
13.0,0.0
10.0,0.0
11.0,1.0
5.0,1.0
4.0,7.0
5.0,1.0
7.0,0.0
0.0,0.0
6.0,4.0
2.0,2.0
2.0,0.0
1.0,2.0
3.0,1.0
3.0,4.0
2.0,1.0
0.0,1.0
2.0,0.0
2.0,0.0
0.0,0.0
3.0,0.0
1.0,0.0
1.0,0.0
1.0,0.0
0.0,0.0
0.0,1.0
3.0,3.0
1.0,0.0
0.0,2.0
0.0,1.0
1.0,2.0
0.0,0.0
2.0,0.0
2.0,0.0
3.0,0.0
4.0,0.0
6.0,0.0
11.0,0.0
20.0,0.0
18.0,0.0
39.0,0.0
36.0,0.0
61.0,0.0
60.0,1.0
82.0,1.0
94.0,4.0
92.0,2.0
124.0,8.0
88.0,7.0
87.0,3.0
64.0,6.0
49.0,2.0
51.0,1.0
40.0,14.0
37.0,11.0
24.0,7.0
33.0,5.0
22.0,3.0
34.0,0.0
32.0,2.0
27.0,2.0
29.0,6.0
26.0,1.0
28.0,3.0
28.0,1.0
23.0,0.0
27.0,3.0
26.0,0.0
22.0,1.0
28.0,1.0
28.0,0.0
28.0,0.0
34.0,0.0
30.0,0.0
18.0,0.0
31.0,0.0
25.0,1.0
29.0,2.0
36.0,1.0
20.0,0.0
29.0,0.0
29.0,2.0
26.0,0.0
34.0,4.0
24.0,0.0
25.0,1.0
26.0,1.0
30.0,4.0
28.0,0.0
22.0,0.0
30.0,0.0
33.0,1.0
29.0,3.0
33.0,2.0
25.0,3.0
39.0,1.0
35.0,2.0
43.0,3.0
51.0,0.0
45.0,2.0
66.0,2.0
59.0,0.0
49.0,1.0
43.0,4.0
40.0,0.0
61.0,1.0
72.0,2.0
53.0,0.0
53.0,1.0
47.0,1.0
47.0,1.0
35.0,3.0
35.0,4.0
46.0,3.0
29.0,0.0
37.0,1.0
37.0,2.0
24.0,1.0
39.0,1.0
45.0,1.0
42.0,1.0
28.0,0.0
41.0,1.0
31.0,0.0
28.0,0.0
33.0,1.0
32.0,4.0
26.0,0.0
25.0,1.0
15.0,0.0
27.0,1.0
22.0,0.0
31.0,1.0
17.0,0.0
23.0,2.0
17.0,2.0
15.0,0.0
32.0,1.0
28.0,3.0
20.0,1.0
