63.0,5.0
33.0,2.0
28.0,0.0
33.0,0.0
23.0,1.0
28.0,1.0
27.0,0.0
35.0,1.0
32.0,2.0
19.0,3.0
12.0,0.0
13.0,2.0
20.0,4.0
10.0,2.0
16.0,3.0
16.0,2.0
16.0,1.0
10.0,5.0
9.0,2.0
7.0,0.0
8.0,1.0
4.0,0.0
3.0,1.0
2.0,0.0
7.0,1.0
7.0,8.0
3.0,0.0
4.0,0.0
5.0,0.0
5.0,0.0
5.0,1.0
7.0,0.0
8.0,2.0
0.0,0.0
4.0,1.0
4.0,2.0
12.0,3.0
4.0,8.0
8.0,10.0
24.0,7.0
11.0,8.0
20.0,12.0
27.0,19.0
35.0,14.0
43.0,19.0
90.0,15.0
84.0,16.0
74.0,17.0
88.0,41.0
105.0,51.0
87.0,30.0
100.0,79.0
113.0,98.0
112.0,66.0
113.0,63.0
115.0,40.0
115.0,73.0
121.0,65.0
123.0,105.0
91.0,50.0
95.0,54.0
90.0,44.0
113.0,48.0
100.0,85.0
94.0,87.0
112.0,92.0
95.0,122.0
88.0,154.0
84.0,152.0
87.0,109.0
96.0,119.0
141.0,115.0
132.0,57.0
138.0,68.0
130.0,36.0
126.0,59.0
150.0,52.0
136.0,82.0
137.0,38.0
145.0,55.0
127.0,54.0
137.0,75.0
140.0,96.0
133.0,37.0
149.0,72.0
137.0,48.0
123.0,15.0
135.0,7.0
151.0,1.0
134.0,3.0
134.0,4.0
114.0,5.0
125.0,2.0
112.0,6.0
100.0,2.0
114.0,5.0
109.0,3.0
111.0,1.0
99.0,2.0
112.0,2.0
114.0,3.0
107.0,3.0
137.0,8.0
125.0,4.0
125.0,3.0
129.0,1.0
118.0,7.0
128.0,6.0
135.0,2.0
120.0,5.0
109.0,4.0
112.0,5.0
118.0,6.0
108.0,4.0
95.0,4.0
123.0,3.0
102.0,0.0
91.0,4.0
93.0,2.0
112.0,2.0
93.0,7.0
84.0,2.0
114.0,5.0
100.0,0.0
105.0,0.0
82.0,3.0
99.0,0.0
97.0,4.0
93.0,2.0
92.0,4.0
93.0,2.0
80.0,2.0
93.0,3.0
85.0,1.0
57.0,1.0
60.0,2.0
51.0,3.0
67.0,2.0
46.0,3.0
35.0,2.0
25.0,2.0
36.0,1.0
34.0,2.0
34.0,1.0
