178.0,9.0
191.0,7.0
182.0,10.0
167.0,5.0
152.0,1.0
131.0,1.0
127.0,6.0
128.0,2.0
114.0,6.0
105.0,6.0
70.0,2.0
70.0,3.0
60.0,1.0
67.0,4.0
56.0,3.0
73.0,11.0
53.0,20.0
47.0,18.0
50.0,11.0
40.0,6.0
39.0,2.0
31.0,1.0
37.0,3.0
22.0,8.0
17.0,1.0
23.0,1.0
24.0,5.0
16.0,0.0
17.0,4.0
12.0,13.0
16.0,28.0
18.0,17.0
9.0,22.0
13.0,50.0
9.0,55.0
15.0,113.0
16.0,211.0
24.0,215.0
27.0,213.0
50.0,245.0
61.0,185.0
80.0,68.0
98.0,58.0
97.0,9.0
109.0,3.0
125.0,4.0
145.0,4.0
131.0,6.0
138.0,5.0
159.0,3.0
151.0,2.0
164.0,3.0
159.0,3.0
150.0,7.0
122.0,3.0
123.0,2.0
138.0,7.0
146.0,4.0
141.0,6.0
155.0,4.0
157.0,5.0
141.0,6.0
151.0,3.0
143.0,16.0
145.0,7.0
148.0,6.0
189.0,3.0
189.0,7.0
162.0,16.0
186.0,15.0
221.0,15.0
228.0,23.0
216.0,13.0
217.0,19.0
190.0,14.0
192.0,2.0
190.0,12.0
176.0,4.0
204.0,6.0
196.0,10.0
218.0,7.0
207.0,18.0
206.0,7.0
218.0,14.0
202.0,6.0
198.0,7.0
216.0,12.0
210.0,10.0
192.0,9.0
185.0,11.0
201.0,4.0
208.0,8.0
217.0,9.0
222.0,2.0
219.0,5.0
198.0,2.0
202.0,2.0
207.0,6.0
228.0,10.0
269.0,5.0
274.0,5.0
235.0,3.0
274.0,9.0
268.0,7.0
273.0,7.0
279.0,11.0
285.0,8.0
272.0,9.0
285.0,7.0
272.0,4.0
313.0,11.0
301.0,13.0
273.0,4.0
231.0,7.0
255.0,6.0
283.0,12.0
229.0,6.0
205.0,9.0
244.0,7.0
223.0,6.0
275.0,7.0
246.0,12.0
250.0,7.0
259.0,10.0
225.0,7.0
292.0,11.0
279.0,7.0
280.0,3.0
257.0,10.0
226.0,8.0
219.0,10.0
279.0,2.0
288.0,5.0
256.0,7.0
237.0,5.0
174.0,6.0
174.0,3.0
124.0,3.0
112.0,4.0
113.0,5.0
112.0,1.0
111.0,4.0
89.0,1.0
82.0,2.0
