127.0,12.0
110.0,6.0
115.0,18.0
86.0,4.0
93.0,10.0
111.0,17.0
87.0,19.0
68.0,15.0
79.0,10.0
77.0,20.0
71.0,6.0
68.0,15.0
56.0,12.0
51.0,13.0
42.0,15.0
54.0,37.0
45.0,15.0
42.0,7.0
27.0,24.0
33.0,26.0
23.0,6.0
30.0,18.0
20.0,23.0
24.0,6.0
20.0,11.0
18.0,7.0
22.0,12.0
16.0,22.0
19.0,4.0
16.0,8.0
14.0,6.0
13.0,12.0
23.0,11.0
15.0,18.0
18.0,9.0
17.0,24.0
23.0,38.0
17.0,29.0
21.0,21.0
37.0,8.0
42.0,2.0
44.0,2.0
65.0,0.0
79.0,3.0
109.0,2.0
108.0,4.0
113.0,6.0
151.0,6.0
142.0,4.0
162.0,2.0
127.0,1.0
174.0,7.0
158.0,6.0
174.0,1.0
159.0,8.0
194.0,7.0
203.0,6.0
199.0,15.0
186.0,22.0
188.0,21.0
191.0,15.0
211.0,8.0
245.0,17.0
200.0,9.0
209.0,10.0
205.0,15.0
217.0,9.0
213.0,12.0
202.0,13.0
247.0,16.0
213.0,19.0
177.0,15.0
220.0,14.0
246.0,7.0
228.0,5.0
229.0,11.0
236.0,16.0
256.0,11.0
279.0,22.0
279.0,17.0
271.0,13.0
275.0,13.0
267.0,16.0
290.0,41.0
261.0,16.0
273.0,15.0
238.0,17.0
262.0,18.0
279.0,13.0
245.0,9.0
231.0,13.0
247.0,11.0
222.0,15.0
262.0,6.0
219.0,10.0
244.0,9.0
222.0,6.0
248.0,6.0
277.0,7.0
252.0,7.0
276.0,12.0
318.0,10.0
340.0,8.0
346.0,17.0
333.0,9.0
311.0,8.0
302.0,10.0
242.0,6.0
293.0,2.0
262.0,3.0
288.0,9.0
283.0,8.0
303.0,11.0
295.0,8.0
274.0,7.0
270.0,7.0
279.0,7.0
245.0,14.0
291.0,13.0
283.0,19.0
265.0,8.0
309.0,6.0
306.0,12.0
276.0,7.0
287.0,6.0
278.0,11.0
238.0,12.0
273.0,11.0
294.0,6.0
231.0,7.0
277.0,7.0
255.0,13.0
256.0,9.0
216.0,2.0
214.0,7.0
164.0,5.0
198.0,1.0
165.0,10.0
152.0,7.0
153.0,7.0
166.0,7.0
135.0,12.0
130.0,16.0
107.0,21.0
