97.0,83.0
106.0,67.0
98.0,35.0
80.0,29.0
74.0,28.0
63.0,30.0
68.0,42.0
61.0,24.0
51.0,18.0
48.0,14.0
54.0,12.0
38.0,5.0
48.0,2.0
42.0,3.0
40.0,7.0
38.0,7.0
33.0,4.0
27.0,10.0
33.0,6.0
28.0,5.0
27.0,7.0
24.0,8.0
25.0,10.0
16.0,7.0
21.0,22.0
21.0,16.0
28.0,6.0
16.0,2.0
22.0,9.0
12.0,4.0
19.0,5.0
17.0,4.0
27.0,7.0
12.0,9.0
16.0,16.0
15.0,4.0
24.0,24.0
18.0,18.0
29.0,25.0
68.0,2.0
98.0,5.0
140.0,8.0
203.0,5.0
260.0,12.0
325.0,41.0
294.0,211.0
291.0,451.0
252.0,534.0
268.0,547.0
308.0,504.0
385.0,418.0
362.0,371.0
384.0,193.0
395.0,61.0
346.0,11.0
293.0,9.0
294.0,7.0
273.0,14.0
288.0,20.0
277.0,27.0
227.0,8.0
212.0,8.0
266.0,8.0
206.0,6.0
222.0,5.0
218.0,12.0
221.0,8.0
210.0,4.0
204.0,9.0
224.0,6.0
201.0,7.0
222.0,3.0
188.0,4.0
222.0,5.0
238.0,5.0
225.0,3.0
191.0,2.0
208.0,4.0
224.0,7.0
221.0,6.0
238.0,9.0
285.0,6.0
230.0,2.0
211.0,6.0
240.0,6.0
232.0,3.0
202.0,7.0
227.0,2.0
215.0,8.0
231.0,9.0
229.0,11.0
233.0,19.0
208.0,39.0
221.0,5.0
226.0,7.0
223.0,3.0
244.0,6.0
234.0,6.0
283.0,8.0
278.0,8.0
311.0,6.0
318.0,13.0
386.0,11.0
346.0,13.0
370.0,22.0
429.0,48.0
371.0,40.0
354.0,27.0
376.0,30.0
346.0,8.0
338.0,12.0
312.0,7.0
290.0,8.0
305.0,11.0
275.0,13.0
306.0,7.0
264.0,5.0
254.0,3.0
261.0,11.0
237.0,6.0
253.0,6.0
247.0,4.0
224.0,9.0
286.0,6.0
263.0,7.0
266.0,7.0
264.0,10.0
277.0,16.0
251.0,13.0
252.0,12.0
261.0,7.0
245.0,16.0
263.0,17.0
184.0,8.0
211.0,8.0
183.0,4.0
157.0,1.0
152.0,9.0
126.0,1.0
115.0,6.0
135.0,5.0
122.0,2.0
136.0,10.0
120.0,13.0
