107.0,19.0
102.0,29.0
84.0,35.0
83.0,44.0
86.0,48.0
76.0,37.0
76.0,15.0
69.0,19.0
75.0,25.0
56.0,8.0
47.0,6.0
43.0,9.0
59.0,2.0
49.0,8.0
34.0,11.0
36.0,3.0
54.0,4.0
34.0,2.0
23.0,2.0
32.0,4.0
32.0,2.0
29.0,3.0
17.0,2.0
22.0,2.0
23.0,3.0
17.0,7.0
22.0,3.0
30.0,5.0
17.0,9.0
18.0,2.0
16.0,12.0
15.0,9.0
20.0,3.0
12.0,14.0
14.0,13.0
15.0,18.0
20.0,23.0
28.0,39.0
29.0,34.0
96.0,3.0
116.0,7.0
154.0,8.0
214.0,75.0
235.0,173.0
216.0,399.0
213.0,550.0
239.0,488.0
207.0,597.0
220.0,595.0
219.0,543.0
257.0,413.0
260.0,427.0
297.0,441.0
338.0,250.0
416.0,155.0
346.0,143.0
392.0,84.0
282.0,121.0
285.0,110.0
281.0,102.0
258.0,41.0
261.0,20.0
225.0,4.0
265.0,12.0
225.0,11.0
234.0,14.0
244.0,7.0
241.0,3.0
227.0,7.0
246.0,10.0
244.0,8.0
209.0,9.0
238.0,5.0
191.0,3.0
214.0,2.0
227.0,6.0
278.0,6.0
251.0,11.0
241.0,7.0
277.0,7.0
255.0,9.0
272.0,12.0
260.0,12.0
233.0,7.0
283.0,15.0
272.0,39.0
270.0,22.0
324.0,44.0
267.0,24.0
270.0,70.0
269.0,136.0
250.0,196.0
235.0,235.0
366.0,15.0
251.0,9.0
329.0,13.0
323.0,33.0
285.0,21.0
330.0,28.0
332.0,19.0
320.0,21.0
354.0,28.0
406.0,46.0
375.0,100.0
392.0,158.0
381.0,345.0
384.0,373.0
369.0,254.0
406.0,164.0
382.0,186.0
370.0,51.0
377.0,16.0
331.0,14.0
363.0,8.0
353.0,15.0
321.0,14.0
282.0,13.0
292.0,10.0
321.0,10.0
296.0,9.0
327.0,8.0
298.0,13.0
286.0,9.0
292.0,14.0
311.0,25.0
286.0,19.0
318.0,38.0
264.0,31.0
278.0,23.0
272.0,34.0
284.0,35.0
234.0,27.0
259.0,34.0
210.0,26.0
197.0,21.0
196.0,10.0
182.0,5.0
160.0,5.0
144.0,8.0
124.0,5.0
120.0,7.0
104.0,11.0
91.0,8.0
100.0,6.0
