14.0,5.0
15.0,0.0
15.0,6.0
14.0,3.0
11.0,1.0
16.0,2.0
8.0,1.0
19.0,1.0
11.0,2.0
13.0,3.0
10.0,1.0
8.0,1.0
10.0,0.0
5.0,0.0
2.0,4.0
6.0,1.0
6.0,3.0
4.0,4.0
2.0,1.0
4.0,3.0
1.0,0.0
2.0,1.0
1.0,4.0
1.0,0.0
2.0,1.0
3.0,0.0
0.0,1.0
3.0,0.0
1.0,1.0
1.0,2.0
1.0,2.0
0.0,3.0
0.0,2.0
2.0,0.0
0.0,0.0
0.0,1.0
2.0,1.0
1.0,1.0
2.0,2.0
4.0,4.0
7.0,1.0
3.0,2.0
13.0,3.0
24.0,4.0
16.0,8.0
31.0,1.0
38.0,11.0
46.0,10.0
37.0,11.0
60.0,6.0
34.0,7.0
45.0,13.0
45.0,12.0
37.0,16.0
30.0,8.0
34.0,10.0
24.0,12.0
31.0,7.0
24.0,3.0
30.0,12.0
17.0,6.0
13.0,7.0
20.0,4.0
17.0,3.0
28.0,9.0
33.0,7.0
32.0,8.0
23.0,7.0
27.0,3.0
23.0,7.0
28.0,13.0
23.0,11.0
26.0,8.0
32.0,14.0
30.0,10.0
21.0,8.0
27.0,6.0
29.0,8.0
20.0,5.0
24.0,13.0
19.0,9.0
36.0,16.0
32.0,4.0
35.0,15.0
32.0,6.0
23.0,4.0
26.0,10.0
38.0,11.0
32.0,6.0
23.0,9.0
21.0,6.0
25.0,4.0
30.0,15.0
26.0,3.0
22.0,4.0
42.0,0.0
44.0,6.0
41.0,5.0
31.0,13.0
25.0,14.0
27.0,11.0
49.0,5.0
50.0,10.0
50.0,5.0
44.0,12.0
47.0,22.0
44.0,11.0
58.0,21.0
50.0,24.0
52.0,16.0
40.0,11.0
63.0,33.0
47.0,20.0
49.0,15.0
48.0,13.0
47.0,10.0
29.0,14.0
31.0,8.0
28.0,4.0
25.0,9.0
37.0,9.0
48.0,8.0
38.0,8.0
40.0,18.0
35.0,9.0
30.0,13.0
26.0,11.0
20.0,10.0
20.0,20.0
28.0,13.0
23.0,4.0
25.0,6.0
19.0,8.0
22.0,15.0
21.0,6.0
15.0,5.0
13.0,6.0
22.0,3.0
20.0,9.0
19.0,8.0
17.0,2.0
17.0,0.0
19.0,2.0
18.0,5.0
