37.0,14.0
21.0,13.0
18.0,2.0
16.0,3.0
11.0,0.0
10.0,0.0
9.0,4.0
6.0,2.0
9.0,1.0
5.0,1.0
9.0,2.0
2.0,0.0
6.0,3.0
10.0,6.0
2.0,0.0
4.0,1.0
5.0,1.0
4.0,4.0
0.0,1.0
2.0,0.0
1.0,0.0
1.0,1.0
2.0,1.0
0.0,1.0
1.0,0.0
1.0,0.0
0.0,0.0
1.0,0.0
2.0,0.0
1.0,0.0
0.0,0.0
1.0,0.0
1.0,0.0
1.0,0.0
2.0,1.0
2.0,0.0
2.0,3.0
1.0,1.0
4.0,3.0
19.0,0.0
25.0,2.0
28.0,2.0
50.0,3.0
81.0,3.0
106.0,9.0
151.0,15.0
210.0,40.0
221.0,115.0
220.0,164.0
257.0,145.0
323.0,134.0
292.0,141.0
361.0,94.0
289.0,41.0
299.0,8.0
235.0,3.0
155.0,3.0
140.0,3.0
114.0,3.0
100.0,1.0
78.0,2.0
79.0,1.0
82.0,4.0
67.0,3.0
61.0,5.0
59.0,1.0
77.0,1.0
64.0,0.0
73.0,3.0
76.0,4.0
68.0,3.0
83.0,2.0
80.0,1.0
97.0,4.0
87.0,1.0
87.0,3.0
75.0,4.0
82.0,3.0
65.0,1.0
89.0,2.0
74.0,5.0
70.0,5.0
83.0,1.0
92.0,0.0
60.0,0.0
78.0,2.0
72.0,4.0
76.0,1.0
69.0,3.0
75.0,2.0
81.0,2.0
79.0,1.0
68.0,3.0
55.0,1.0
73.0,1.0
81.0,2.0
82.0,0.0
90.0,3.0
104.0,4.0
116.0,4.0
91.0,2.0
153.0,1.0
280.0,10.0
217.0,6.0
237.0,11.0
443.0,41.0
325.0,97.0
354.0,84.0
389.0,258.0
360.0,265.0
337.0,367.0
369.0,112.0
308.0,7.0
249.0,9.0
259.0,7.0
210.0,8.0
216.0,7.0
217.0,5.0
189.0,4.0
188.0,6.0
189.0,6.0
219.0,4.0
203.0,8.0
192.0,6.0
194.0,6.0
209.0,6.0
246.0,12.0
206.0,17.0
140.0,7.0
183.0,9.0
157.0,5.0
134.0,3.0
138.0,3.0
116.0,5.0
89.0,6.0
95.0,3.0
92.0,10.0
61.0,2.0
66.0,5.0
55.0,3.0
45.0,3.0
41.0,2.0
26.0,2.0
22.0,0.0
