29.0,3.0
22.0,3.0
18.0,0.0
10.0,0.0
10.0,1.0
7.0,0.0
9.0,2.0
8.0,0.0
8.0,0.0
7.0,0.0
2.0,0.0
4.0,0.0
1.0,2.0
5.0,1.0
1.0,1.0
7.0,2.0
1.0,1.0
4.0,0.0
4.0,1.0
0.0,0.0
5.0,0.0
0.0,0.0
1.0,0.0
4.0,0.0
2.0,3.0
0.0,1.0
0.0,0.0
1.0,0.0
1.0,0.0
1.0,1.0
1.0,0.0
1.0,0.0
2.0,0.0
0.0,0.0
1.0,0.0
4.0,2.0
2.0,2.0
1.0,1.0
3.0,1.0
11.0,0.0
15.0,3.0
13.0,0.0
18.0,0.0
32.0,1.0
39.0,1.0
69.0,1.0
79.0,2.0
103.0,5.0
110.0,4.0
107.0,11.0
138.0,4.0
168.0,23.0
158.0,50.0
105.0,5.0
84.0,3.0
95.0,2.0
94.0,0.0
93.0,1.0
89.0,2.0
93.0,3.0
107.0,5.0
81.0,5.0
86.0,3.0
86.0,3.0
91.0,7.0
75.0,6.0
68.0,2.0
78.0,7.0
66.0,3.0
86.0,9.0
79.0,2.0
88.0,1.0
101.0,6.0
92.0,6.0
83.0,4.0
95.0,4.0
90.0,1.0
67.0,3.0
88.0,8.0
89.0,2.0
88.0,6.0
113.0,3.0
99.0,11.0
75.0,6.0
76.0,3.0
81.0,5.0
75.0,3.0
63.0,3.0
76.0,4.0
59.0,2.0
72.0,4.0
87.0,5.0
84.0,2.0
92.0,2.0
92.0,5.0
86.0,3.0
120.0,2.0
96.0,2.0
124.0,6.0
100.0,1.0
99.0,3.0
133.0,4.0
139.0,1.0
145.0,6.0
133.0,3.0
177.0,3.0
159.0,4.0
167.0,5.0
228.0,9.0
209.0,4.0
144.0,4.0
160.0,1.0
134.0,5.0
137.0,2.0
91.0,3.0
126.0,1.0
81.0,4.0
93.0,4.0
95.0,1.0
69.0,4.0
73.0,3.0
88.0,2.0
72.0,4.0
75.0,1.0
81.0,4.0
94.0,1.0
100.0,6.0
79.0,4.0
68.0,3.0
106.0,6.0
79.0,3.0
80.0,3.0
82.0,2.0
56.0,17.0
45.0,3.0
68.0,1.0
53.0,1.0
72.0,3.0
51.0,1.0
51.0,2.0
40.0,3.0
33.0,0.0
22.0,0.0
22.0,2.0
