32.0,5.0
31.0,6.0
39.0,1.0
35.0,5.0
34.0,2.0
26.0,7.0
28.0,4.0
29.0,7.0
18.0,4.0
17.0,10.0
9.0,10.0
13.0,4.0
12.0,13.0
14.0,4.0
7.0,1.0
8.0,1.0
7.0,0.0
5.0,5.0
7.0,2.0
4.0,2.0
4.0,0.0
1.0,0.0
9.0,0.0
6.0,1.0
2.0,2.0
7.0,2.0
2.0,0.0
4.0,1.0
3.0,3.0
4.0,1.0
5.0,9.0
8.0,5.0
7.0,4.0
1.0,6.0
7.0,6.0
10.0,4.0
11.0,6.0
9.0,13.0
16.0,11.0
50.0,3.0
56.0,1.0
49.0,3.0
112.0,4.0
175.0,19.0
216.0,23.0
268.0,37.0
356.0,54.0
431.0,276.0
417.0,1033.0
409.0,1057.0
442.0,850.0
456.0,974.0
449.0,1009.0
524.0,727.0
526.0,596.0
586.0,478.0
456.0,67.0
300.0,7.0
234.0,10.0
172.0,2.0
182.0,4.0
146.0,7.0
131.0,5.0
160.0,8.0
137.0,2.0
118.0,2.0
126.0,3.0
125.0,2.0
122.0,4.0
149.0,3.0
144.0,5.0
138.0,1.0
146.0,1.0
124.0,3.0
123.0,4.0
128.0,6.0
151.0,5.0
149.0,2.0
155.0,4.0
175.0,4.0
174.0,4.0
160.0,1.0
148.0,4.0
153.0,7.0
127.0,3.0
145.0,3.0
139.0,5.0
133.0,2.0
142.0,5.0
128.0,4.0
130.0,5.0
122.0,16.0
145.0,19.0
163.0,10.0
155.0,8.0
148.0,3.0
206.0,8.0
172.0,10.0
151.0,6.0
182.0,6.0
186.0,1.0
197.0,4.0
264.0,15.0
230.0,20.0
265.0,13.0
344.0,26.0
316.0,35.0
282.0,21.0
335.0,28.0
297.0,32.0
290.0,16.0
259.0,11.0
209.0,6.0
236.0,3.0
211.0,2.0
199.0,9.0
203.0,0.0
222.0,5.0
200.0,7.0
240.0,10.0
226.0,4.0
243.0,7.0
257.0,10.0
245.0,13.0
230.0,28.0
236.0,21.0
260.0,37.0
257.0,144.0
221.0,78.0
230.0,50.0
226.0,90.0
168.0,5.0
198.0,7.0
177.0,7.0
132.0,5.0
101.0,0.0
110.0,5.0
90.0,0.0
72.0,5.0
73.0,4.0
51.0,2.0
60.0,5.0
52.0,7.0
51.0,1.0
