38.0,3.0
51.0,6.0
50.0,14.0
51.0,24.0
39.0,9.0
49.0,6.0
39.0,15.0
24.0,8.0
37.0,6.0
38.0,5.0
34.0,1.0
33.0,3.0
39.0,6.0
36.0,0.0
22.0,4.0
27.0,13.0
20.0,12.0
26.0,7.0
20.0,6.0
23.0,8.0
20.0,22.0
22.0,15.0
20.0,12.0
18.0,16.0
19.0,34.0
14.0,30.0
21.0,6.0
12.0,15.0
17.0,6.0
10.0,3.0
11.0,1.0
10.0,5.0
5.0,3.0
16.0,4.0
8.0,5.0
5.0,8.0
5.0,12.0
11.0,18.0
4.0,6.0
31.0,1.0
40.0,6.0
44.0,17.0
68.0,24.0
81.0,35.0
91.0,40.0
94.0,100.0
107.0,120.0
101.0,126.0
121.0,74.0
149.0,83.0
165.0,78.0
193.0,52.0
164.0,33.0
183.0,25.0
156.0,3.0
145.0,4.0
173.0,9.0
160.0,12.0
156.0,14.0
126.0,5.0
125.0,4.0
116.0,2.0
115.0,3.0
125.0,2.0
137.0,10.0
103.0,7.0
138.0,9.0
118.0,12.0
121.0,9.0
130.0,48.0
137.0,61.0
123.0,76.0
153.0,34.0
143.0,33.0
132.0,33.0
126.0,25.0
151.0,26.0
133.0,10.0
178.0,98.0
144.0,60.0
165.0,84.0
147.0,119.0
147.0,67.0
165.0,96.0
175.0,48.0
164.0,44.0
133.0,53.0
196.0,34.0
176.0,26.0
163.0,19.0
175.0,32.0
182.0,72.0
179.0,128.0
178.0,102.0
146.0,86.0
130.0,114.0
187.0,81.0
159.0,175.0
167.0,173.0
167.0,207.0
164.0,214.0
174.0,235.0
179.0,343.0
173.0,257.0
147.0,257.0
155.0,315.0
164.0,339.0
139.0,309.0
150.0,383.0
174.0,316.0
172.0,172.0
226.0,139.0
196.0,111.0
223.0,174.0
192.0,317.0
190.0,186.0
229.0,290.0
178.0,287.0
184.0,241.0
245.0,201.0
279.0,167.0
248.0,282.0
249.0,328.0
261.0,333.0
234.0,227.0
217.0,153.0
231.0,298.0
228.0,296.0
193.0,189.0
189.0,173.0
196.0,150.0
178.0,42.0
216.0,29.0
161.0,15.0
128.0,3.0
141.0,2.0
121.0,9.0
94.0,7.0
90.0,4.0
82.0,7.0
73.0,4.0
90.0,3.0
55.0,3.0
60.0,4.0
