49.0,3.0
42.0,5.0
40.0,7.0
37.0,5.0
34.0,3.0
22.0,1.0
31.0,2.0
32.0,9.0
24.0,18.0
15.0,2.0
22.0,5.0
22.0,5.0
21.0,5.0
12.0,3.0
14.0,0.0
14.0,0.0
11.0,3.0
11.0,0.0
12.0,0.0
13.0,6.0
8.0,0.0
9.0,0.0
5.0,0.0
7.0,3.0
13.0,2.0
5.0,0.0
3.0,0.0
6.0,1.0
6.0,0.0
10.0,0.0
8.0,1.0
5.0,0.0
5.0,0.0
8.0,1.0
14.0,0.0
6.0,3.0
14.0,7.0
16.0,12.0
20.0,10.0
46.0,2.0
46.0,1.0
69.0,3.0
94.0,1.0
88.0,4.0
153.0,2.0
197.0,3.0
228.0,9.0
261.0,4.0
325.0,11.0
339.0,14.0
289.0,12.0
341.0,14.0
394.0,25.0
230.0,3.0
180.0,6.0
185.0,1.0
181.0,1.0
167.0,5.0
154.0,4.0
113.0,2.0
131.0,0.0
108.0,1.0
114.0,1.0
115.0,1.0
99.0,6.0
120.0,2.0
147.0,6.0
157.0,2.0
141.0,2.0
195.0,3.0
142.0,6.0
160.0,4.0
191.0,2.0
156.0,9.0
171.0,4.0
175.0,2.0
209.0,8.0
203.0,4.0
211.0,4.0
198.0,7.0
160.0,9.0
172.0,3.0
145.0,1.0
169.0,2.0
170.0,5.0
175.0,6.0
168.0,7.0
212.0,6.0
174.0,5.0
170.0,2.0
194.0,2.0
212.0,5.0
216.0,2.0
192.0,0.0
197.0,5.0
170.0,3.0
197.0,6.0
193.0,2.0
221.0,15.0
209.0,6.0
214.0,11.0
233.0,14.0
285.0,9.0
248.0,8.0
239.0,4.0
270.0,7.0
296.0,2.0
230.0,9.0
259.0,5.0
259.0,16.0
267.0,6.0
258.0,6.0
219.0,7.0
212.0,7.0
185.0,4.0
209.0,6.0
186.0,7.0
192.0,5.0
215.0,11.0
205.0,9.0
220.0,8.0
206.0,5.0
208.0,9.0
216.0,4.0
213.0,4.0
227.0,6.0
249.0,9.0
205.0,8.0
215.0,6.0
179.0,3.0
180.0,5.0
216.0,2.0
230.0,13.0
176.0,4.0
141.0,6.0
118.0,2.0
109.0,3.0
128.0,3.0
82.0,3.0
95.0,9.0
67.0,1.0
56.0,5.0
49.0,3.0
56.0,5.0
