27.0,18.0
18.0,6.0
11.0,1.0
11.0,1.0
10.0,3.0
10.0,1.0
10.0,4.0
9.0,0.0
6.0,1.0
5.0,3.0
8.0,1.0
4.0,4.0
7.0,3.0
8.0,4.0
3.0,8.0
7.0,12.0
5.0,0.0
3.0,1.0
4.0,0.0
3.0,0.0
5.0,0.0
6.0,0.0
1.0,0.0
1.0,1.0
3.0,10.0
2.0,2.0
2.0,1.0
3.0,2.0
2.0,7.0
1.0,2.0
2.0,3.0
2.0,3.0
1.0,0.0
2.0,0.0
1.0,1.0
3.0,4.0
3.0,11.0
2.0,6.0
3.0,3.0
13.0,0.0
13.0,0.0
19.0,0.0
28.0,0.0
28.0,0.0
44.0,0.0
77.0,1.0
74.0,1.0
89.0,1.0
129.0,6.0
136.0,85.0
139.0,100.0
118.0,75.0
120.0,47.0
94.0,14.0
54.0,1.0
45.0,2.0
53.0,2.0
31.0,0.0
40.0,2.0
51.0,1.0
33.0,2.0
40.0,0.0
26.0,2.0
33.0,1.0
40.0,0.0
23.0,0.0
35.0,0.0
30.0,1.0
22.0,2.0
31.0,0.0
39.0,2.0
43.0,0.0
37.0,1.0
38.0,0.0
33.0,2.0
33.0,3.0
39.0,0.0
55.0,2.0
35.0,0.0
44.0,2.0
39.0,3.0
52.0,1.0
50.0,1.0
42.0,1.0
31.0,2.0
47.0,1.0
40.0,3.0
31.0,0.0
45.0,0.0
38.0,3.0
36.0,1.0
36.0,0.0
35.0,2.0
45.0,3.0
42.0,1.0
55.0,0.0
54.0,4.0
49.0,3.0
45.0,1.0
46.0,3.0
45.0,0.0
70.0,3.0
114.0,3.0
90.0,1.0
99.0,3.0
99.0,4.0
97.0,3.0
70.0,2.0
83.0,1.0
70.0,1.0
74.0,6.0
56.0,1.0
75.0,1.0
42.0,2.0
58.0,1.0
36.0,2.0
49.0,3.0
57.0,3.0
55.0,2.0
48.0,2.0
58.0,2.0
53.0,1.0
40.0,1.0
37.0,2.0
42.0,2.0
42.0,0.0
49.0,0.0
43.0,1.0
54.0,6.0
35.0,2.0
44.0,2.0
50.0,0.0
36.0,0.0
36.0,1.0
25.0,0.0
31.0,1.0
25.0,1.0
22.0,1.0
29.0,1.0
24.0,4.0
22.0,2.0
27.0,4.0
19.0,6.0
18.0,4.0
