34.0,0.0
31.0,5.0
26.0,0.0
39.0,6.0
15.0,2.0
10.0,2.0
13.0,0.0
8.0,0.0
24.0,2.0
9.0,2.0
7.0,3.0
5.0,1.0
7.0,1.0
4.0,1.0
3.0,0.0
8.0,0.0
5.0,1.0
3.0,1.0
6.0,0.0
9.0,1.0
7.0,2.0
2.0,1.0
1.0,1.0
5.0,0.0
7.0,0.0
1.0,0.0
1.0,2.0
2.0,0.0
2.0,1.0
3.0,1.0
0.0,0.0
2.0,2.0
4.0,3.0
4.0,7.0
5.0,7.0
7.0,7.0
5.0,7.0
7.0,11.0
13.0,14.0
42.0,5.0
43.0,3.0
44.0,4.0
104.0,7.0
120.0,6.0
186.0,27.0
209.0,135.0
218.0,297.0
184.0,438.0
167.0,521.0
235.0,428.0
233.0,385.0
281.0,457.0
249.0,371.0
265.0,247.0
233.0,158.0
205.0,178.0
197.0,105.0
136.0,96.0
134.0,86.0
117.0,33.0
86.0,3.0
86.0,4.0
96.0,7.0
91.0,4.0
87.0,1.0
71.0,5.0
81.0,2.0
84.0,5.0
73.0,5.0
90.0,6.0
98.0,5.0
102.0,6.0
81.0,2.0
87.0,7.0
100.0,7.0
110.0,16.0
81.0,7.0
107.0,6.0
91.0,1.0
98.0,7.0
102.0,16.0
90.0,9.0
95.0,5.0
90.0,15.0
77.0,2.0
84.0,3.0
89.0,9.0
89.0,16.0
84.0,3.0
75.0,5.0
80.0,4.0
101.0,5.0
73.0,7.0
98.0,1.0
96.0,6.0
116.0,4.0
72.0,0.0
91.0,3.0
89.0,3.0
111.0,2.0
130.0,4.0
106.0,3.0
181.0,3.0
150.0,4.0
166.0,4.0
281.0,5.0
287.0,17.0
249.0,11.0
292.0,33.0
264.0,57.0
182.0,19.0
189.0,7.0
147.0,1.0
148.0,6.0
133.0,3.0
144.0,4.0
152.0,5.0
148.0,1.0
143.0,3.0
124.0,2.0
185.0,7.0
176.0,7.0
156.0,4.0
182.0,10.0
167.0,9.0
155.0,3.0
188.0,3.0
160.0,7.0
140.0,5.0
177.0,6.0
130.0,5.0
112.0,4.0
99.0,5.0
97.0,1.0
79.0,3.0
76.0,6.0
60.0,3.0
61.0,6.0
52.0,3.0
36.0,1.0
31.0,2.0
35.0,3.0
18.0,0.0
16.0,2.0
