33.0,1.0
18.0,0.0
19.0,0.0
8.0,0.0
5.0,0.0
14.0,2.0
17.0,2.0
10.0,0.0
8.0,0.0
5.0,1.0
2.0,0.0
5.0,0.0
8.0,0.0
3.0,0.0
5.0,0.0
3.0,0.0
0.0,2.0
1.0,1.0
1.0,0.0
0.0,0.0
0.0,1.0
1.0,0.0
1.0,1.0
1.0,0.0
0.0,0.0
1.0,3.0
0.0,0.0
4.0,2.0
2.0,0.0
3.0,0.0
1.0,0.0
1.0,0.0
0.0,1.0
3.0,0.0
2.0,0.0
5.0,1.0
1.0,4.0
2.0,0.0
4.0,1.0
16.0,0.0
17.0,0.0
20.0,0.0
52.0,2.0
64.0,1.0
83.0,4.0
112.0,2.0
138.0,2.0
231.0,23.0
223.0,121.0
232.0,152.0
241.0,52.0
258.0,99.0
289.0,115.0
219.0,4.0
245.0,4.0
195.0,6.0
148.0,4.0
94.0,8.0
103.0,3.0
82.0,3.0
65.0,3.0
53.0,0.0
51.0,2.0
59.0,2.0
47.0,0.0
49.0,3.0
67.0,2.0
64.0,3.0
67.0,3.0
67.0,0.0
74.0,3.0
85.0,4.0
107.0,6.0
89.0,9.0
72.0,3.0
66.0,2.0
75.0,2.0
79.0,1.0
70.0,1.0
63.0,8.0
75.0,15.0
65.0,7.0
80.0,4.0
59.0,1.0
61.0,1.0
62.0,4.0
67.0,0.0
51.0,1.0
74.0,3.0
62.0,4.0
49.0,7.0
69.0,16.0
62.0,21.0
74.0,1.0
74.0,3.0
72.0,2.0
90.0,0.0
68.0,3.0
74.0,1.0
79.0,1.0
95.0,0.0
98.0,4.0
161.0,4.0
125.0,4.0
144.0,2.0
253.0,6.0
247.0,12.0
218.0,4.0
392.0,6.0
360.0,15.0
263.0,12.0
254.0,5.0
185.0,7.0
187.0,12.0
201.0,5.0
151.0,3.0
140.0,6.0
127.0,5.0
142.0,5.0
130.0,4.0
173.0,6.0
149.0,6.0
158.0,3.0
158.0,3.0
169.0,9.0
161.0,10.0
206.0,4.0
183.0,2.0
149.0,2.0
163.0,4.0
145.0,5.0
111.0,6.0
143.0,5.0
99.0,4.0
75.0,1.0
93.0,2.0
70.0,2.0
76.0,3.0
49.0,3.0
65.0,1.0
55.0,1.0
41.0,4.0
32.0,1.0
32.0,1.0
