78.0,116.0
93.0,79.0
79.0,77.0
79.0,84.0
71.0,64.0
70.0,58.0
48.0,57.0
67.0,44.0
47.0,60.0
48.0,46.0
59.0,62.0
59.0,36.0
44.0,34.0
50.0,38.0
29.0,34.0
39.0,28.0
39.0,26.0
27.0,27.0
24.0,17.0
22.0,16.0
23.0,14.0
16.0,5.0
20.0,13.0
21.0,23.0
26.0,20.0
19.0,24.0
21.0,13.0
24.0,15.0
17.0,18.0
22.0,17.0
19.0,11.0
30.0,13.0
17.0,11.0
30.0,10.0
27.0,10.0
18.0,2.0
22.0,16.0
32.0,16.0
29.0,15.0
62.0,1.0
89.0,2.0
115.0,2.0
172.0,4.0
217.0,4.0
303.0,11.0
310.0,12.0
359.0,22.0
436.0,87.0
462.0,169.0
467.0,241.0
537.0,126.0
564.0,94.0
491.0,79.0
437.0,18.0
446.0,14.0
351.0,13.0
388.0,10.0
364.0,8.0
351.0,9.0
356.0,6.0
329.0,1.0
326.0,13.0
343.0,6.0
329.0,7.0
317.0,8.0
352.0,10.0
355.0,10.0
353.0,10.0
358.0,8.0
417.0,8.0
358.0,15.0
364.0,6.0
387.0,9.0
349.0,10.0
370.0,9.0
379.0,9.0
391.0,16.0
362.0,9.0
404.0,15.0
407.0,8.0
410.0,16.0
406.0,12.0
426.0,13.0
448.0,8.0
393.0,9.0
389.0,16.0
412.0,9.0
437.0,7.0
425.0,10.0
434.0,16.0
442.0,8.0
506.0,50.0
432.0,178.0
539.0,22.0
508.0,6.0
537.0,16.0
496.0,23.0
478.0,12.0
535.0,13.0
511.0,14.0
485.0,23.0
590.0,23.0
739.0,27.0
663.0,173.0
611.0,329.0
541.0,628.0
551.0,525.0
503.0,411.0
564.0,245.0
586.0,118.0
554.0,27.0
491.0,9.0
428.0,15.0
435.0,17.0
445.0,15.0
409.0,16.0
396.0,5.0
434.0,15.0
397.0,12.0
458.0,18.0
486.0,19.0
442.0,8.0
514.0,17.0
610.0,44.0
504.0,57.0
495.0,60.0
527.0,135.0
438.0,224.0
431.0,253.0
434.0,265.0
425.0,219.0
390.0,164.0
431.0,152.0
373.0,118.0
306.0,25.0
240.0,17.0
260.0,12.0
177.0,9.0
232.0,16.0
185.0,17.0
154.0,56.0
149.0,147.0
120.0,99.0
109.0,134.0
