51.0,8.0
46.0,5.0
56.0,3.0
44.0,20.0
43.0,17.0
48.0,16.0
48.0,13.0
50.0,5.0
47.0,6.0
44.0,7.0
30.0,2.0
36.0,2.0
26.0,12.0
22.0,20.0
19.0,5.0
17.0,5.0
18.0,1.0
14.0,3.0
17.0,3.0
17.0,2.0
17.0,1.0
18.0,12.0
18.0,5.0
16.0,3.0
15.0,3.0
16.0,7.0
16.0,4.0
13.0,3.0
19.0,5.0
9.0,0.0
20.0,1.0
22.0,3.0
14.0,4.0
14.0,5.0
21.0,0.0
25.0,5.0
21.0,4.0
27.0,12.0
22.0,16.0
49.0,0.0
68.0,0.0
109.0,2.0
153.0,6.0
177.0,4.0
192.0,3.0
214.0,53.0
218.0,124.0
249.0,201.0
196.0,264.0
229.0,297.0
269.0,189.0
313.0,166.0
313.0,91.0
239.0,7.0
253.0,5.0
238.0,7.0
204.0,2.0
227.0,5.0
210.0,10.0
187.0,16.0
204.0,15.0
180.0,9.0
175.0,2.0
190.0,7.0
219.0,9.0
181.0,3.0
216.0,6.0
212.0,40.0
219.0,29.0
247.0,49.0
272.0,60.0
230.0,79.0
269.0,21.0
250.0,11.0
280.0,12.0
239.0,15.0
295.0,10.0
292.0,15.0
285.0,17.0
323.0,23.0
278.0,37.0
287.0,97.0
320.0,47.0
325.0,106.0
327.0,111.0
303.0,133.0
279.0,185.0
363.0,67.0
344.0,140.0
354.0,170.0
349.0,89.0
326.0,185.0
305.0,238.0
317.0,186.0
301.0,184.0
277.0,234.0
328.0,200.0
297.0,373.0
314.0,252.0
313.0,262.0
289.0,334.0
311.0,392.0
332.0,422.0
242.0,377.0
243.0,336.0
265.0,423.0
220.0,381.0
199.0,372.0
268.0,323.0
233.0,336.0
244.0,224.0
284.0,144.0
288.0,121.0
283.0,90.0
266.0,76.0
231.0,41.0
254.0,44.0
279.0,110.0
244.0,98.0
254.0,49.0
302.0,68.0
284.0,59.0
265.0,37.0
273.0,58.0
255.0,68.0
260.0,122.0
298.0,82.0
258.0,134.0
247.0,111.0
259.0,87.0
181.0,17.0
227.0,23.0
223.0,10.0
215.0,6.0
174.0,9.0
136.0,8.0
129.0,7.0
114.0,6.0
107.0,4.0
84.0,4.0
83.0,7.0
82.0,9.0
66.0,3.0
67.0,9.0
