5.0,0.0
3.0,0.0
0.0,2.0
1.0,0.0
1.0,0.0
1.0,1.0
0.0,0.0
1.0,0.0
2.0,0.0
1.0,0.0
0.0,0.0
0.0,1.0
1.0,0.0
0.0,0.0
0.0,0.0
0.0,0.0
2.0,1.0
0.0,1.0
1.0,0.0
1.0,0.0
1.0,1.0
0.0,1.0
0.0,0.0
0.0,0.0
0.0,0.0
0.0,0.0
0.0,0.0
0.0,0.0
0.0,0.0
0.0,3.0
0.0,0.0
0.0,1.0
0.0,1.0
1.0,0.0
1.0,2.0
0.0,0.0
1.0,0.0
1.0,1.0
3.0,0.0
1.0,0.0
4.0,0.0
9.0,0.0
8.0,0.0
19.0,1.0
13.0,0.0
29.0,2.0
42.0,0.0
40.0,4.0
40.0,24.0
24.0,42.0
27.0,65.0
28.0,39.0
23.0,34.0
16.0,35.0
29.0,22.0
16.0,21.0
13.0,27.0
15.0,35.0
12.0,27.0
13.0,28.0
20.0,34.0
12.0,15.0
10.0,23.0
14.0,30.0
19.0,25.0
6.0,21.0
14.0,14.0
9.0,4.0
13.0,7.0
13.0,14.0
6.0,9.0
14.0,1.0
10.0,8.0
18.0,13.0
15.0,16.0
14.0,31.0
15.0,23.0
13.0,17.0
14.0,5.0
18.0,30.0
11.0,13.0
12.0,8.0
15.0,19.0
8.0,13.0
14.0,20.0
8.0,8.0
14.0,20.0
14.0,37.0
18.0,12.0
16.0,31.0
15.0,10.0
20.0,13.0
21.0,21.0
22.0,3.0
17.0,0.0
20.0,0.0
19.0,1.0
21.0,2.0
27.0,2.0
20.0,2.0
19.0,0.0
16.0,0.0
18.0,0.0
22.0,3.0
19.0,4.0
28.0,5.0
25.0,2.0
17.0,1.0
12.0,3.0
18.0,0.0
14.0,0.0
8.0,1.0
13.0,1.0
11.0,0.0
13.0,2.0
14.0,1.0
13.0,0.0
8.0,0.0
13.0,1.0
21.0,0.0
13.0,0.0
5.0,2.0
20.0,5.0
10.0,0.0
13.0,4.0
14.0,1.0
11.0,1.0
8.0,0.0
15.0,0.0
11.0,2.0
12.0,0.0
7.0,0.0
9.0,0.0
5.0,1.0
11.0,0.0
8.0,0.0
5.0,5.0
12.0,3.0
4.0,0.0
5.0,1.0
6.0,0.0
4.0,0.0
1.0,0.0
3.0,0.0
