37.0,4.0
12.0,1.0
7.0,0.0
4.0,0.0
10.0,0.0
3.0,0.0
6.0,0.0
2.0,2.0
5.0,0.0
5.0,0.0
2.0,0.0
3.0,1.0
2.0,0.0
4.0,1.0
1.0,0.0
1.0,1.0
6.0,0.0
2.0,5.0
1.0,0.0
0.0,1.0
1.0,0.0
1.0,1.0
0.0,2.0
1.0,2.0
2.0,5.0
0.0,1.0
1.0,4.0
2.0,6.0
0.0,0.0
0.0,0.0
0.0,0.0
2.0,0.0
4.0,1.0
3.0,2.0
2.0,1.0
3.0,6.0
3.0,2.0
3.0,12.0
10.0,1.0
24.0,1.0
39.0,2.0
33.0,1.0
65.0,1.0
78.0,4.0
144.0,0.0
187.0,7.0
215.0,40.0
196.0,38.0
273.0,161.0
238.0,176.0
267.0,60.0
291.0,26.0
306.0,117.0
202.0,29.0
158.0,4.0
103.0,0.0
106.0,7.0
101.0,4.0
77.0,1.0
86.0,5.0
61.0,2.0
82.0,2.0
52.0,1.0
58.0,2.0
54.0,1.0
70.0,0.0
70.0,2.0
78.0,2.0
58.0,2.0
70.0,4.0
60.0,2.0
77.0,3.0
72.0,4.0
60.0,4.0
71.0,4.0
78.0,4.0
73.0,2.0
66.0,1.0
83.0,0.0
98.0,2.0
60.0,3.0
63.0,1.0
70.0,3.0
61.0,5.0
63.0,7.0
58.0,0.0
50.0,3.0
68.0,2.0
56.0,4.0
66.0,5.0
65.0,4.0
95.0,2.0
83.0,4.0
56.0,2.0
61.0,0.0
71.0,0.0
71.0,4.0
82.0,0.0
83.0,7.0
129.0,8.0
84.0,2.0
74.0,2.0
124.0,5.0
118.0,0.0
124.0,9.0
181.0,9.0
151.0,3.0
144.0,3.0
179.0,7.0
156.0,3.0
96.0,2.0
132.0,4.0
102.0,4.0
127.0,3.0
114.0,5.0
92.0,2.0
71.0,1.0
82.0,4.0
67.0,0.0
78.0,0.0
86.0,3.0
80.0,6.0
75.0,2.0
75.0,2.0
69.0,4.0
87.0,2.0
92.0,2.0
68.0,2.0
67.0,1.0
73.0,2.0
59.0,1.0
49.0,4.0
56.0,3.0
71.0,1.0
47.0,0.0
47.0,4.0
34.0,3.0
35.0,3.0
29.0,1.0
50.0,3.0
24.0,1.0
19.0,4.0
14.0,0.0
10.0,0.0
