32.0,8.0
9.0,3.0
8.0,1.0
18.0,0.0
15.0,1.0
5.0,0.0
8.0,1.0
3.0,0.0
4.0,0.0
7.0,1.0
4.0,1.0
0.0,0.0
3.0,0.0
1.0,1.0
3.0,0.0
5.0,0.0
2.0,0.0
4.0,0.0
6.0,1.0
3.0,0.0
3.0,0.0
0.0,0.0
1.0,0.0
0.0,0.0
1.0,0.0
0.0,0.0
3.0,0.0
0.0,1.0
0.0,2.0
0.0,0.0
2.0,0.0
0.0,0.0
1.0,0.0
2.0,2.0
1.0,3.0
4.0,0.0
6.0,6.0
5.0,5.0
8.0,0.0
17.0,0.0
17.0,0.0
33.0,0.0
64.0,0.0
82.0,1.0
107.0,2.0
154.0,0.0
159.0,2.0
170.0,0.0
228.0,5.0
298.0,18.0
177.0,1.0
189.0,3.0
251.0,7.0
166.0,7.0
132.0,4.0
92.0,5.0
88.0,1.0
84.0,4.0
99.0,2.0
70.0,1.0
60.0,1.0
43.0,1.0
51.0,3.0
53.0,0.0
68.0,4.0
49.0,3.0
63.0,4.0
70.0,3.0
60.0,0.0
60.0,0.0
75.0,1.0
73.0,1.0
83.0,3.0
64.0,0.0
81.0,3.0
87.0,1.0
71.0,3.0
87.0,2.0
99.0,2.0
87.0,3.0
80.0,1.0
90.0,0.0
67.0,1.0
88.0,5.0
54.0,4.0
75.0,9.0
65.0,6.0
61.0,4.0
77.0,2.0
64.0,4.0
66.0,9.0
75.0,20.0
72.0,27.0
80.0,1.0
69.0,1.0
81.0,1.0
89.0,3.0
89.0,3.0
86.0,7.0
102.0,8.0
103.0,3.0
71.0,1.0
114.0,3.0
129.0,4.0
105.0,11.0
147.0,4.0
153.0,8.0
121.0,10.0
174.0,4.0
135.0,0.0
159.0,3.0
144.0,1.0
121.0,4.0
105.0,5.0
89.0,2.0
101.0,3.0
74.0,2.0
113.0,4.0
75.0,0.0
76.0,0.0
90.0,2.0
89.0,4.0
94.0,0.0
82.0,3.0
74.0,0.0
82.0,1.0
110.0,3.0
98.0,1.0
101.0,0.0
105.0,2.0
84.0,0.0
75.0,3.0
76.0,5.0
80.0,2.0
54.0,1.0
39.0,1.0
47.0,2.0
38.0,1.0
35.0,1.0
16.0,2.0
19.0,0.0
25.0,0.0
12.0,0.0
11.0,2.0
