39.0,2.0
16.0,2.0
27.0,0.0
27.0,2.0
13.0,1.0
13.0,0.0
10.0,1.0
10.0,3.0
14.0,0.0
17.0,2.0
7.0,0.0
11.0,0.0
5.0,0.0
11.0,0.0
2.0,0.0
5.0,0.0
6.0,1.0
4.0,1.0
9.0,0.0
5.0,2.0
3.0,0.0
1.0,0.0
0.0,0.0
6.0,0.0
0.0,0.0
5.0,0.0
3.0,0.0
5.0,0.0
5.0,0.0
3.0,0.0
5.0,0.0
3.0,0.0
5.0,0.0
10.0,2.0
8.0,10.0
6.0,1.0
11.0,6.0
5.0,14.0
8.0,8.0
25.0,3.0
34.0,1.0
45.0,0.0
106.0,3.0
105.0,6.0
192.0,7.0
230.0,11.0
243.0,90.0
214.0,282.0
216.0,301.0
228.0,215.0
249.0,122.0
265.0,181.0
214.0,144.0
238.0,104.0
223.0,59.0
202.0,36.0
184.0,38.0
160.0,51.0
109.0,28.0
113.0,11.0
82.0,6.0
77.0,5.0
72.0,4.0
61.0,2.0
69.0,5.0
88.0,4.0
78.0,2.0
73.0,11.0
85.0,10.0
83.0,6.0
75.0,10.0
82.0,10.0
87.0,7.0
95.0,23.0
93.0,29.0
84.0,37.0
88.0,64.0
88.0,62.0
91.0,55.0
88.0,20.0
78.0,16.0
84.0,41.0
76.0,12.0
67.0,2.0
93.0,13.0
66.0,16.0
76.0,7.0
62.0,18.0
71.0,9.0
73.0,8.0
89.0,20.0
79.0,41.0
67.0,26.0
80.0,0.0
77.0,1.0
86.0,1.0
90.0,1.0
89.0,2.0
95.0,2.0
78.0,2.0
106.0,3.0
122.0,3.0
196.0,4.0
167.0,4.0
134.0,2.0
261.0,5.0
219.0,5.0
172.0,6.0
223.0,11.0
193.0,15.0
204.0,5.0
134.0,6.0
159.0,5.0
148.0,6.0
112.0,5.0
133.0,5.0
120.0,2.0
129.0,3.0
137.0,7.0
127.0,6.0
146.0,6.0
150.0,4.0
153.0,4.0
145.0,0.0
125.0,3.0
130.0,3.0
155.0,2.0
121.0,1.0
114.0,0.0
150.0,5.0
116.0,2.0
110.0,2.0
106.0,5.0
90.0,6.0
81.0,6.0
64.0,1.0
65.0,4.0
53.0,1.0
49.0,6.0
48.0,0.0
37.0,2.0
26.0,1.0
35.0,1.0
29.0,2.0
