80.0,9.0
76.0,3.0
76.0,5.0
54.0,4.0
47.0,5.0
58.0,6.0
53.0,3.0
42.0,1.0
55.0,1.0
31.0,2.0
35.0,2.0
32.0,1.0
22.0,0.0
26.0,1.0
22.0,0.0
23.0,0.0
14.0,1.0
21.0,0.0
18.0,1.0
13.0,0.0
9.0,0.0
15.0,1.0
6.0,0.0
5.0,0.0
11.0,0.0
7.0,1.0
11.0,0.0
10.0,7.0
7.0,0.0
10.0,0.0
4.0,3.0
4.0,0.0
1.0,5.0
15.0,0.0
12.0,5.0
15.0,3.0
14.0,10.0
16.0,22.0
21.0,28.0
64.0,1.0
82.0,6.0
134.0,4.0
177.0,2.0
206.0,8.0
259.0,20.0
268.0,25.0
252.0,143.0
239.0,293.0
252.0,459.0
306.0,448.0
341.0,286.0
365.0,307.0
392.0,227.0
388.0,123.0
368.0,17.0
355.0,13.0
291.0,11.0
292.0,10.0
262.0,9.0
225.0,10.0
210.0,11.0
206.0,5.0
208.0,7.0
205.0,10.0
185.0,6.0
202.0,7.0
195.0,6.0
182.0,18.0
180.0,3.0
211.0,8.0
227.0,5.0
192.0,2.0
175.0,5.0
173.0,7.0
183.0,3.0
208.0,12.0
225.0,15.0
213.0,10.0
222.0,7.0
218.0,10.0
242.0,9.0
225.0,7.0
228.0,11.0
209.0,8.0
227.0,7.0
203.0,6.0
231.0,7.0
217.0,6.0
220.0,5.0
228.0,3.0
244.0,20.0
224.0,22.0
245.0,86.0
269.0,10.0
228.0,3.0
248.0,11.0
254.0,5.0
287.0,9.0
258.0,8.0
302.0,17.0
253.0,17.0
339.0,13.0
373.0,55.0
334.0,88.0
347.0,197.0
364.0,422.0
341.0,274.0
328.0,291.0
361.0,347.0
348.0,306.0
389.0,175.0
394.0,47.0
375.0,24.0
347.0,23.0
371.0,21.0
299.0,14.0
321.0,11.0
289.0,11.0
323.0,19.0
282.0,20.0
325.0,11.0
298.0,10.0
311.0,12.0
332.0,14.0
326.0,16.0
349.0,25.0
351.0,37.0
320.0,41.0
347.0,58.0
355.0,88.0
353.0,54.0
333.0,31.0
328.0,21.0
279.0,16.0
256.0,16.0
216.0,9.0
182.0,7.0
165.0,8.0
145.0,7.0
140.0,4.0
144.0,2.0
124.0,2.0
118.0,4.0
92.0,3.0
