45.0,1.0
32.0,4.0
34.0,0.0
28.0,7.0
16.0,2.0
18.0,1.0
23.0,2.0
14.0,0.0
9.0,1.0
7.0,0.0
7.0,0.0
14.0,0.0
14.0,0.0
5.0,0.0
8.0,1.0
10.0,1.0
9.0,1.0
7.0,0.0
3.0,0.0
6.0,0.0
5.0,0.0
2.0,0.0
4.0,0.0
5.0,0.0
7.0,1.0
6.0,2.0
4.0,1.0
2.0,0.0
1.0,1.0
3.0,0.0
2.0,3.0
4.0,1.0
5.0,1.0
1.0,1.0
3.0,2.0
5.0,3.0
5.0,8.0
10.0,10.0
9.0,11.0
50.0,2.0
50.0,3.0
54.0,4.0
95.0,2.0
100.0,2.0
140.0,6.0
182.0,54.0
149.0,96.0
179.0,263.0
190.0,445.0
149.0,384.0
183.0,380.0
189.0,345.0
164.0,323.0
202.0,238.0
212.0,144.0
243.0,186.0
277.0,145.0
213.0,103.0
142.0,66.0
175.0,10.0
132.0,5.0
121.0,8.0
125.0,1.0
100.0,2.0
105.0,1.0
84.0,2.0
83.0,0.0
105.0,8.0
96.0,1.0
119.0,9.0
102.0,8.0
104.0,6.0
104.0,4.0
90.0,2.0
124.0,6.0
114.0,4.0
110.0,2.0
102.0,3.0
109.0,2.0
110.0,4.0
104.0,4.0
102.0,7.0
110.0,6.0
90.0,7.0
119.0,2.0
100.0,7.0
81.0,2.0
77.0,4.0
105.0,5.0
80.0,0.0
110.0,6.0
97.0,3.0
95.0,7.0
116.0,5.0
116.0,6.0
124.0,7.0
125.0,3.0
143.0,4.0
134.0,3.0
126.0,6.0
134.0,2.0
152.0,4.0
210.0,7.0
191.0,13.0
196.0,6.0
239.0,10.0
223.0,12.0
215.0,8.0
255.0,10.0
232.0,9.0
201.0,8.0
219.0,3.0
168.0,2.0
167.0,2.0
165.0,9.0
149.0,7.0
153.0,3.0
119.0,4.0
144.0,7.0
137.0,8.0
145.0,5.0
136.0,3.0
132.0,7.0
140.0,7.0
143.0,3.0
148.0,3.0
157.0,8.0
185.0,6.0
154.0,11.0
195.0,10.0
153.0,6.0
131.0,4.0
155.0,10.0
117.0,1.0
111.0,5.0
98.0,2.0
93.0,4.0
86.0,5.0
56.0,1.0
62.0,7.0
55.0,6.0
33.0,0.0
37.0,1.0
27.0,1.0
