27.0,1.0
11.0,5.0
18.0,2.0
13.0,7.0
10.0,7.0
6.0,0.0
12.0,1.0
14.0,4.0
8.0,1.0
8.0,3.0
11.0,3.0
4.0,1.0
9.0,0.0
4.0,1.0
8.0,1.0
4.0,2.0
1.0,0.0
6.0,4.0
3.0,0.0
0.0,0.0
4.0,0.0
1.0,0.0
1.0,0.0
1.0,0.0
5.0,1.0
2.0,0.0
1.0,3.0
3.0,1.0
5.0,1.0
3.0,0.0
2.0,1.0
3.0,3.0
3.0,3.0
3.0,1.0
8.0,1.0
5.0,2.0
5.0,3.0
5.0,2.0
9.0,7.0
26.0,2.0
35.0,2.0
50.0,4.0
86.0,5.0
94.0,15.0
112.0,100.0
87.0,132.0
117.0,143.0
114.0,160.0
80.0,187.0
105.0,176.0
147.0,193.0
129.0,172.0
176.0,131.0
162.0,74.0
200.0,6.0
159.0,8.0
119.0,2.0
93.0,1.0
91.0,3.0
91.0,2.0
91.0,3.0
97.0,1.0
68.0,0.0
65.0,1.0
58.0,0.0
63.0,1.0
65.0,2.0
59.0,2.0
74.0,2.0
80.0,5.0
71.0,2.0
57.0,1.0
54.0,1.0
82.0,7.0
50.0,4.0
72.0,4.0
76.0,11.0
77.0,17.0
72.0,14.0
59.0,7.0
71.0,28.0
65.0,13.0
92.0,9.0
80.0,37.0
78.0,25.0
68.0,19.0
56.0,20.0
65.0,21.0
60.0,6.0
60.0,13.0
71.0,31.0
56.0,6.0
81.0,15.0
66.0,7.0
70.0,27.0
68.0,25.0
89.0,7.0
82.0,11.0
93.0,16.0
96.0,3.0
101.0,6.0
118.0,15.0
104.0,35.0
124.0,68.0
119.0,80.0
129.0,76.0
123.0,49.0
133.0,32.0
117.0,37.0
110.0,27.0
92.0,13.0
105.0,5.0
89.0,4.0
91.0,0.0
64.0,4.0
89.0,6.0
81.0,2.0
74.0,1.0
60.0,5.0
78.0,12.0
79.0,10.0
63.0,4.0
54.0,2.0
72.0,4.0
68.0,12.0
56.0,5.0
114.0,17.0
65.0,18.0
52.0,10.0
62.0,9.0
46.0,1.0
44.0,0.0
53.0,3.0
39.0,2.0
38.0,1.0
22.0,0.0
25.0,1.0
32.0,2.0
23.0,3.0
28.0,1.0
22.0,0.0
21.0,1.0
16.0,1.0
23.0,0.0
