9.0,2.0
5.0,0.0
5.0,0.0
6.0,0.0
4.0,0.0
3.0,0.0
2.0,1.0
2.0,0.0
3.0,1.0
1.0,0.0
7.0,0.0
6.0,1.0
2.0,0.0
5.0,0.0
1.0,0.0
5.0,0.0
2.0,0.0
0.0,1.0
2.0,0.0
2.0,0.0
1.0,0.0
1.0,0.0
2.0,0.0
0.0,0.0
3.0,0.0
0.0,0.0
0.0,0.0
1.0,0.0
0.0,0.0
2.0,0.0
0.0,1.0
3.0,0.0
2.0,3.0
2.0,2.0
0.0,1.0
5.0,4.0
3.0,5.0
6.0,6.0
3.0,2.0
18.0,0.0
7.0,0.0
13.0,1.0
32.0,0.0
29.0,2.0
29.0,0.0
43.0,3.0
41.0,4.0
57.0,1.0
60.0,5.0
38.0,1.0
45.0,1.0
40.0,2.0
32.0,3.0
26.0,0.0
35.0,4.0
28.0,0.0
23.0,1.0
20.0,7.0
22.0,1.0
21.0,6.0
21.0,2.0
17.0,1.0
20.0,0.0
21.0,3.0
22.0,4.0
18.0,12.0
18.0,6.0
20.0,4.0
9.0,1.0
15.0,1.0
18.0,8.0
22.0,1.0
12.0,2.0
26.0,1.0
23.0,3.0
21.0,3.0
27.0,4.0
18.0,2.0
14.0,0.0
24.0,2.0
21.0,0.0
16.0,2.0
15.0,3.0
16.0,0.0
21.0,2.0
16.0,0.0
11.0,0.0
8.0,3.0
15.0,4.0
17.0,2.0
15.0,2.0
14.0,2.0
12.0,0.0
13.0,0.0
16.0,1.0
18.0,0.0
17.0,0.0
27.0,1.0
23.0,2.0
12.0,3.0
13.0,4.0
14.0,1.0
19.0,0.0
24.0,5.0
21.0,6.0
18.0,3.0
27.0,1.0
22.0,1.0
30.0,3.0
26.0,3.0
27.0,1.0
29.0,0.0
27.0,0.0
17.0,1.0
18.0,4.0
21.0,1.0
18.0,1.0
23.0,0.0
25.0,2.0
17.0,2.0
20.0,0.0
26.0,1.0
17.0,1.0
29.0,0.0
17.0,0.0
16.0,1.0
25.0,2.0
25.0,1.0
16.0,0.0
17.0,3.0
14.0,1.0
23.0,2.0
26.0,3.0
16.0,2.0
11.0,0.0
13.0,1.0
9.0,0.0
13.0,1.0
7.0,0.0
4.0,0.0
11.0,0.0
6.0,2.0
8.0,2.0
7.0,1.0
