23.0,0.0
19.0,1.0
20.0,1.0
27.0,2.0
16.0,1.0
14.0,1.0
16.0,1.0
14.0,2.0
15.0,0.0
9.0,1.0
15.0,2.0
7.0,0.0
9.0,2.0
8.0,2.0
7.0,1.0
6.0,0.0
7.0,0.0
7.0,2.0
7.0,1.0
1.0,0.0
7.0,1.0
5.0,2.0
1.0,0.0
2.0,0.0
3.0,0.0
1.0,0.0
3.0,0.0
0.0,0.0
4.0,4.0
3.0,1.0
3.0,0.0
6.0,3.0
3.0,8.0
5.0,1.0
6.0,1.0
5.0,1.0
8.0,1.0
5.0,2.0
10.0,8.0
29.0,0.0
33.0,1.0
35.0,2.0
79.0,4.0
63.0,0.0
122.0,4.0
152.0,5.0
218.0,61.0
175.0,266.0
153.0,322.0
171.0,303.0
198.0,233.0
167.0,237.0
177.0,166.0
198.0,67.0
157.0,10.0
151.0,12.0
131.0,6.0
92.0,12.0
108.0,36.0
84.0,36.0
77.0,29.0
67.0,12.0
66.0,10.0
60.0,2.0
59.0,7.0
47.0,7.0
64.0,1.0
61.0,8.0
54.0,3.0
63.0,9.0
57.0,8.0
60.0,6.0
60.0,8.0
63.0,12.0
55.0,4.0
81.0,5.0
56.0,1.0
64.0,3.0
79.0,9.0
56.0,0.0
57.0,3.0
54.0,9.0
57.0,0.0
47.0,1.0
58.0,8.0
57.0,1.0
57.0,7.0
35.0,2.0
44.0,2.0
51.0,3.0
36.0,0.0
50.0,1.0
55.0,3.0
52.0,1.0
60.0,3.0
57.0,4.0
47.0,0.0
76.0,0.0
70.0,1.0
52.0,2.0
55.0,4.0
56.0,0.0
78.0,1.0
79.0,2.0
62.0,1.0
73.0,3.0
73.0,2.0
85.0,4.0
78.0,4.0
66.0,3.0
82.0,0.0
63.0,4.0
62.0,6.0
75.0,4.0
75.0,2.0
78.0,3.0
51.0,1.0
58.0,2.0
53.0,0.0
58.0,4.0
71.0,1.0
67.0,0.0
65.0,0.0
76.0,5.0
51.0,3.0
74.0,2.0
77.0,0.0
63.0,6.0
64.0,2.0
66.0,5.0
69.0,1.0
32.0,0.0
62.0,2.0
45.0,1.0
54.0,1.0
33.0,3.0
41.0,1.0
39.0,3.0
37.0,5.0
47.0,1.0
29.0,2.0
38.0,2.0
27.0,1.0
23.0,2.0
