213.0,5.0
379.0,24.0
383.0,292.0
423.0,1001.0
366.0,1198.0
378.0,1161.0
356.0,949.0
329.0,753.0
317.0,545.0
311.0,279.0
258.0,106.0
195.0,54.0
188.0,84.0
158.0,107.0
136.0,135.0
106.0,142.0
94.0,136.0
75.0,148.0
80.0,121.0
61.0,108.0
47.0,66.0
51.0,42.0
45.0,55.0
36.0,63.0
30.0,79.0
27.0,98.0
41.0,79.0
24.0,71.0
33.0,87.0
22.0,60.0
18.0,90.0
26.0,92.0
17.0,129.0
16.0,118.0
19.0,138.0
12.0,120.0
16.0,154.0
21.0,181.0
32.0,210.0
46.0,246.0
55.0,221.0
51.0,231.0
78.0,214.0
87.0,259.0
93.0,221.0
116.0,198.0
121.0,225.0
122.0,182.0
145.0,124.0
171.0,100.0
169.0,114.0
157.0,98.0
185.0,82.0
188.0,64.0
173.0,33.0
220.0,39.0
196.0,49.0
179.0,105.0
211.0,131.0
184.0,118.0
196.0,147.0
180.0,170.0
207.0,200.0
196.0,160.0
198.0,182.0
212.0,184.0
198.0,177.0
201.0,219.0
185.0,231.0
197.0,210.0
204.0,247.0
194.0,212.0
197.0,275.0
217.0,235.0
184.0,233.0
210.0,241.0
215.0,189.0
204.0,262.0
204.0,198.0
204.0,216.0
215.0,216.0
217.0,213.0
210.0,212.0
242.0,228.0
197.0,164.0
230.0,203.0
225.0,195.0
220.0,163.0
221.0,197.0
209.0,226.0
228.0,226.0
186.0,191.0
213.0,180.0
282.0,16.0
288.0,11.0
289.0,12.0
295.0,14.0
278.0,20.0
294.0,20.0
324.0,32.0
316.0,50.0
338.0,42.0
361.0,54.0
366.0,60.0
343.0,89.0
341.0,64.0
328.0,35.0
284.0,19.0
314.0,15.0
313.0,10.0
288.0,11.0
287.0,11.0
296.0,10.0
298.0,10.0
291.0,13.0
309.0,12.0
255.0,5.0
289.0,6.0
280.0,12.0
313.0,7.0
273.0,9.0
281.0,12.0
298.0,6.0
313.0,4.0
273.0,12.0
323.0,8.0
261.0,8.0
259.0,7.0
266.0,12.0
287.0,9.0
278.0,13.0
283.0,13.0
269.0,5.0
230.0,14.0
218.0,5.0
213.0,8.0
196.0,9.0
149.0,5.0
139.0,6.0
149.0,11.0
155.0,12.0
143.0,12.0
121.0,12.0
108.0,12.0
