11.0,0.0
8.0,0.0
7.0,4.0
11.0,2.0
5.0,0.0
9.0,2.0
4.0,0.0
1.0,0.0
3.0,1.0
2.0,1.0
3.0,0.0
3.0,0.0
5.0,1.0
1.0,1.0
3.0,1.0
1.0,2.0
3.0,1.0
4.0,0.0
2.0,1.0
1.0,0.0
2.0,2.0
1.0,2.0
0.0,2.0
0.0,3.0
0.0,0.0
1.0,0.0
0.0,1.0
0.0,4.0
0.0,3.0
1.0,0.0
0.0,0.0
1.0,0.0
0.0,0.0
1.0,0.0
2.0,0.0
2.0,0.0
0.0,2.0
2.0,0.0
2.0,3.0
4.0,0.0
7.0,0.0
9.0,0.0
22.0,1.0
17.0,1.0
22.0,0.0
30.0,0.0
26.0,0.0
27.0,1.0
40.0,2.0
42.0,10.0
31.0,17.0
36.0,9.0
37.0,30.0
42.0,17.0
39.0,15.0
43.0,15.0
32.0,7.0
24.0,8.0
20.0,1.0
21.0,1.0
28.0,3.0
19.0,7.0
28.0,2.0
16.0,3.0
30.0,4.0
26.0,2.0
18.0,1.0
23.0,5.0
16.0,3.0
28.0,1.0
20.0,9.0
22.0,3.0
30.0,2.0
34.0,3.0
34.0,7.0
31.0,3.0
27.0,4.0
20.0,3.0
26.0,0.0
43.0,6.0
24.0,6.0
27.0,2.0
32.0,0.0
26.0,3.0
27.0,3.0
30.0,3.0
38.0,5.0
30.0,1.0
39.0,0.0
33.0,1.0
42.0,2.0
38.0,1.0
34.0,1.0
33.0,2.0
33.0,2.0
32.0,0.0
42.0,1.0
31.0,0.0
48.0,2.0
46.0,1.0
56.0,3.0
40.0,1.0
56.0,6.0
43.0,0.0
51.0,2.0
39.0,1.0
49.0,1.0
46.0,2.0
40.0,2.0
28.0,0.0
37.0,0.0
38.0,2.0
24.0,3.0
43.0,1.0
32.0,0.0
29.0,0.0
31.0,0.0
24.0,1.0
41.0,1.0
29.0,4.0
33.0,0.0
27.0,2.0
47.0,0.0
45.0,0.0
22.0,0.0
31.0,1.0
40.0,2.0
32.0,0.0
33.0,0.0
28.0,1.0
35.0,0.0
26.0,2.0
39.0,0.0
32.0,1.0
32.0,2.0
28.0,4.0
28.0,2.0
17.0,1.0
24.0,0.0
15.0,1.0
14.0,0.0
19.0,0.0
17.0,1.0
10.0,2.0
