67.0,3.0
61.0,1.0
74.0,13.0
44.0,4.0
50.0,2.0
63.0,4.0
44.0,6.0
43.0,1.0
39.0,7.0
39.0,4.0
25.0,2.0
33.0,2.0
32.0,4.0
28.0,6.0
22.0,11.0
33.0,2.0
21.0,2.0
17.0,1.0
21.0,0.0
13.0,3.0
5.0,0.0
15.0,4.0
5.0,1.0
8.0,3.0
15.0,2.0
13.0,5.0
6.0,1.0
18.0,1.0
16.0,0.0
15.0,2.0
17.0,2.0
9.0,1.0
15.0,3.0
19.0,6.0
16.0,1.0
19.0,2.0
15.0,4.0
23.0,8.0
25.0,4.0
40.0,1.0
56.0,3.0
69.0,1.0
123.0,11.0
130.0,1.0
183.0,0.0
200.0,6.0
205.0,5.0
244.0,17.0
251.0,68.0
245.0,93.0
278.0,21.0
329.0,14.0
273.0,19.0
176.0,8.0
216.0,4.0
204.0,4.0
191.0,3.0
189.0,6.0
168.0,2.0
189.0,3.0
164.0,4.0
166.0,4.0
147.0,3.0
146.0,8.0
146.0,5.0
139.0,7.0
150.0,8.0
152.0,5.0
153.0,2.0
162.0,3.0
157.0,5.0
160.0,2.0
187.0,3.0
187.0,3.0
188.0,6.0
167.0,8.0
184.0,4.0
196.0,11.0
201.0,3.0
190.0,6.0
214.0,11.0
216.0,15.0
210.0,17.0
208.0,20.0
247.0,16.0
187.0,14.0
249.0,18.0
225.0,82.0
194.0,41.0
196.0,72.0
223.0,73.0
185.0,106.0
177.0,92.0
290.0,9.0
233.0,7.0
255.0,7.0
304.0,12.0
299.0,15.0
294.0,17.0
294.0,16.0
283.0,14.0
327.0,29.0
416.0,36.0
345.0,101.0
364.0,121.0
356.0,154.0
312.0,152.0
303.0,161.0
301.0,131.0
285.0,82.0
257.0,17.0
229.0,6.0
217.0,6.0
230.0,12.0
224.0,7.0
190.0,4.0
178.0,7.0
189.0,5.0
187.0,7.0
179.0,6.0
204.0,5.0
170.0,9.0
212.0,7.0
200.0,7.0
214.0,5.0
211.0,17.0
232.0,30.0
192.0,15.0
204.0,17.0
185.0,13.0
178.0,29.0
159.0,47.0
147.0,15.0
139.0,12.0
124.0,7.0
103.0,6.0
103.0,1.0
91.0,5.0
83.0,6.0
85.0,3.0
68.0,2.0
76.0,6.0
61.0,5.0
45.0,1.0
