17.0,2.0
8.0,0.0
15.0,1.0
10.0,2.0
4.0,2.0
7.0,2.0
5.0,0.0
3.0,0.0
5.0,1.0
5.0,0.0
4.0,1.0
2.0,0.0
4.0,1.0
6.0,0.0
9.0,0.0
1.0,0.0
1.0,0.0
2.0,2.0
1.0,3.0
4.0,1.0
0.0,0.0
0.0,0.0
1.0,0.0
3.0,1.0
0.0,1.0
0.0,0.0
0.0,0.0
0.0,0.0
1.0,0.0
2.0,9.0
0.0,0.0
3.0,1.0
1.0,1.0
0.0,0.0
3.0,2.0
0.0,1.0
0.0,2.0
1.0,4.0
5.0,3.0
6.0,0.0
9.0,0.0
9.0,0.0
24.0,0.0
17.0,1.0
24.0,1.0
32.0,1.0
47.0,1.0
42.0,1.0
70.0,1.0
69.0,2.0
56.0,2.0
68.0,0.0
70.0,4.0
72.0,1.0
47.0,0.0
57.0,0.0
69.0,1.0
61.0,0.0
65.0,3.0
59.0,3.0
56.0,5.0
54.0,8.0
55.0,3.0
67.0,4.0
72.0,8.0
61.0,13.0
73.0,10.0
76.0,11.0
70.0,3.0
77.0,4.0
57.0,4.0
51.0,4.0
85.0,6.0
73.0,2.0
77.0,3.0
84.0,1.0
78.0,1.0
73.0,3.0
70.0,5.0
84.0,2.0
76.0,1.0
83.0,5.0
77.0,5.0
98.0,6.0
71.0,0.0
75.0,2.0
88.0,1.0
90.0,2.0
99.0,5.0
104.0,5.0
105.0,5.0
99.0,2.0
110.0,4.0
110.0,1.0
107.0,3.0
103.0,0.0
112.0,4.0
109.0,3.0
101.0,2.0
111.0,2.0
116.0,5.0
107.0,1.0
117.0,5.0
119.0,4.0
137.0,3.0
171.0,0.0
124.0,2.0
126.0,5.0
154.0,5.0
152.0,4.0
136.0,2.0
141.0,3.0
113.0,5.0
96.0,6.0
110.0,1.0
98.0,2.0
78.0,3.0
75.0,4.0
72.0,1.0
94.0,2.0
104.0,3.0
94.0,3.0
92.0,6.0
73.0,3.0
76.0,0.0
88.0,5.0
77.0,1.0
84.0,1.0
97.0,3.0
105.0,0.0
94.0,3.0
77.0,3.0
65.0,0.0
64.0,2.0
76.0,1.0
66.0,0.0
46.0,0.0
53.0,1.0
59.0,9.0
36.0,2.0
31.0,5.0
39.0,8.0
22.0,1.0
10.0,0.0
