43.0,42.0
44.0,31.0
42.0,19.0
40.0,19.0
30.0,14.0
39.0,21.0
30.0,12.0
27.0,22.0
26.0,4.0
25.0,9.0
20.0,11.0
22.0,4.0
20.0,7.0
19.0,10.0
17.0,3.0
11.0,0.0
12.0,12.0
12.0,10.0
12.0,9.0
18.0,9.0
12.0,3.0
13.0,3.0
11.0,9.0
5.0,5.0
7.0,6.0
7.0,5.0
9.0,4.0
13.0,4.0
13.0,1.0
15.0,2.0
9.0,5.0
18.0,10.0
14.0,4.0
9.0,10.0
13.0,15.0
13.0,8.0
15.0,26.0
15.0,23.0
17.0,21.0
51.0,0.0
70.0,6.0
105.0,12.0
142.0,25.0
183.0,43.0
175.0,131.0
182.0,181.0
164.0,188.0
208.0,224.0
183.0,283.0
210.0,329.0
247.0,236.0
233.0,277.0
246.0,144.0
227.0,22.0
193.0,10.0
187.0,4.0
165.0,1.0
146.0,4.0
119.0,3.0
129.0,6.0
158.0,5.0
149.0,2.0
136.0,2.0
150.0,2.0
160.0,6.0
151.0,4.0
148.0,6.0
166.0,2.0
159.0,4.0
185.0,7.0
177.0,6.0
165.0,3.0
198.0,11.0
186.0,2.0
193.0,10.0
188.0,10.0
137.0,5.0
198.0,3.0
171.0,8.0
183.0,7.0
234.0,18.0
210.0,24.0
220.0,14.0
207.0,44.0
234.0,9.0
209.0,15.0
204.0,23.0
214.0,46.0
203.0,54.0
182.0,52.0
205.0,56.0
184.0,99.0
190.0,149.0
242.0,6.0
240.0,9.0
213.0,8.0
213.0,8.0
229.0,4.0
210.0,8.0
251.0,12.0
247.0,9.0
289.0,8.0
351.0,17.0
287.0,30.0
297.0,89.0
329.0,230.0
307.0,139.0
301.0,82.0
301.0,85.0
263.0,17.0
199.0,3.0
208.0,6.0
181.0,4.0
197.0,6.0
196.0,6.0
168.0,3.0
170.0,4.0
164.0,5.0
164.0,8.0
190.0,7.0
155.0,5.0
192.0,7.0
175.0,5.0
150.0,7.0
160.0,6.0
157.0,11.0
187.0,14.0
178.0,9.0
162.0,23.0
169.0,34.0
152.0,26.0
142.0,6.0
139.0,10.0
127.0,14.0
102.0,6.0
109.0,3.0
81.0,4.0
95.0,3.0
83.0,41.0
90.0,28.0
67.0,16.0
68.0,23.0
61.0,57.0
58.0,54.0
