51.0,8.0
38.0,12.0
33.0,0.0
41.0,1.0
35.0,0.0
23.0,4.0
31.0,1.0
24.0,3.0
39.0,1.0
24.0,5.0
21.0,4.0
24.0,0.0
33.0,9.0
18.0,1.0
20.0,4.0
11.0,9.0
14.0,1.0
16.0,0.0
7.0,0.0
8.0,4.0
8.0,4.0
5.0,1.0
6.0,0.0
10.0,0.0
3.0,0.0
3.0,0.0
3.0,0.0
9.0,2.0
4.0,0.0
3.0,0.0
5.0,0.0
11.0,1.0
4.0,2.0
5.0,2.0
5.0,0.0
1.0,1.0
2.0,1.0
4.0,1.0
11.0,4.0
13.0,1.0
21.0,4.0
33.0,10.0
43.0,11.0
43.0,8.0
71.0,20.0
108.0,20.0
87.0,9.0
86.0,8.0
123.0,15.0
147.0,21.0
96.0,11.0
103.0,23.0
111.0,27.0
84.0,7.0
60.0,16.0
60.0,18.0
55.0,13.0
58.0,5.0
52.0,12.0
49.0,6.0
49.0,8.0
41.0,8.0
44.0,5.0
41.0,7.0
50.0,11.0
53.0,7.0
36.0,4.0
38.0,7.0
61.0,9.0
48.0,5.0
51.0,15.0
55.0,23.0
60.0,14.0
63.0,18.0
60.0,9.0
66.0,10.0
70.0,9.0
55.0,8.0
49.0,9.0
58.0,18.0
70.0,7.0
78.0,7.0
54.0,11.0
69.0,3.0
54.0,7.0
58.0,8.0
60.0,11.0
68.0,19.0
71.0,18.0
60.0,19.0
68.0,12.0
60.0,19.0
84.0,6.0
85.0,9.0
93.0,11.0
61.0,13.0
76.0,10.0
63.0,9.0
91.0,9.0
83.0,27.0
98.0,9.0
96.0,12.0
124.0,13.0
133.0,15.0
125.0,19.0
112.0,9.0
117.0,10.0
93.0,6.0
83.0,7.0
96.0,13.0
92.0,3.0
97.0,5.0
104.0,6.0
116.0,9.0
111.0,6.0
77.0,7.0
89.0,9.0
106.0,11.0
77.0,6.0
77.0,13.0
77.0,11.0
85.0,7.0
87.0,12.0
69.0,14.0
92.0,6.0
78.0,8.0
98.0,7.0
84.0,3.0
78.0,0.0
96.0,6.0
59.0,2.0
50.0,1.0
73.0,2.0
67.0,4.0
51.0,4.0
64.0,3.0
57.0,1.0
38.0,2.0
41.0,2.0
44.0,4.0
46.0,1.0
49.0,2.0
38.0,1.0
64.0,4.0
