29.0,14.0
29.0,6.0
37.0,21.0
31.0,25.0
34.0,3.0
26.0,3.0
22.0,3.0
19.0,8.0
13.0,10.0
24.0,4.0
19.0,3.0
19.0,3.0
14.0,4.0
11.0,0.0
6.0,3.0
9.0,0.0
4.0,4.0
8.0,9.0
7.0,5.0
5.0,1.0
1.0,0.0
4.0,6.0
1.0,5.0
1.0,2.0
1.0,0.0
2.0,0.0
4.0,2.0
4.0,2.0
2.0,1.0
1.0,1.0
5.0,3.0
7.0,3.0
5.0,5.0
4.0,2.0
6.0,10.0
7.0,5.0
7.0,11.0
6.0,13.0
11.0,13.0
57.0,4.0
52.0,2.0
51.0,1.0
105.0,6.0
171.0,11.0
210.0,42.0
299.0,45.0
347.0,75.0
412.0,272.0
427.0,431.0
466.0,737.0
502.0,507.0
502.0,841.0
515.0,734.0
590.0,291.0
519.0,23.0
458.0,17.0
289.0,7.0
236.0,1.0
190.0,4.0
168.0,1.0
117.0,3.0
106.0,2.0
134.0,3.0
123.0,2.0
124.0,3.0
130.0,3.0
130.0,5.0
102.0,5.0
130.0,9.0
152.0,4.0
124.0,4.0
118.0,5.0
147.0,6.0
137.0,2.0
151.0,8.0
115.0,2.0
135.0,2.0
143.0,7.0
179.0,4.0
160.0,6.0
137.0,3.0
169.0,2.0
137.0,5.0
122.0,2.0
145.0,4.0
133.0,5.0
138.0,13.0
124.0,2.0
130.0,7.0
143.0,5.0
153.0,6.0
127.0,9.0
146.0,17.0
157.0,3.0
142.0,3.0
139.0,5.0
152.0,8.0
143.0,3.0
155.0,3.0
160.0,2.0
134.0,7.0
193.0,7.0
259.0,7.0
230.0,13.0
207.0,12.0
288.0,12.0
282.0,10.0
227.0,12.0
312.0,19.0
265.0,9.0
214.0,4.0
187.0,7.0
219.0,4.0
202.0,9.0
218.0,7.0
185.0,5.0
196.0,3.0
198.0,3.0
174.0,6.0
199.0,6.0
197.0,10.0
199.0,10.0
210.0,6.0
204.0,11.0
217.0,8.0
205.0,5.0
214.0,11.0
196.0,10.0
225.0,13.0
178.0,1.0
166.0,9.0
144.0,4.0
175.0,3.0
130.0,2.0
100.0,1.0
107.0,2.0
111.0,5.0
118.0,2.0
74.0,3.0
69.0,7.0
52.0,3.0
47.0,3.0
46.0,15.0
41.0,26.0
