20.0,5.0
16.0,5.0
15.0,6.0
11.0,5.0
14.0,1.0
10.0,6.0
15.0,6.0
11.0,5.0
17.0,2.0
18.0,0.0
10.0,1.0
9.0,0.0
7.0,1.0
4.0,0.0
8.0,0.0
2.0,1.0
7.0,1.0
1.0,0.0
5.0,0.0
1.0,0.0
6.0,1.0
5.0,1.0
4.0,1.0
2.0,1.0
2.0,0.0
3.0,0.0
5.0,0.0
0.0,2.0
3.0,8.0
0.0,2.0
5.0,3.0
1.0,3.0
7.0,8.0
5.0,1.0
1.0,2.0
2.0,0.0
7.0,0.0
3.0,0.0
5.0,6.0
31.0,0.0
25.0,0.0
43.0,0.0
72.0,3.0
90.0,6.0
111.0,10.0
123.0,13.0
126.0,48.0
135.0,125.0
156.0,220.0
146.0,217.0
170.0,129.0
179.0,107.0
186.0,99.0
169.0,24.0
177.0,7.0
149.0,5.0
127.0,1.0
103.0,4.0
83.0,2.0
79.0,2.0
78.0,1.0
69.0,2.0
77.0,3.0
81.0,1.0
63.0,3.0
69.0,0.0
64.0,1.0
64.0,5.0
59.0,4.0
57.0,0.0
75.0,0.0
73.0,3.0
69.0,2.0
56.0,2.0
71.0,3.0
63.0,2.0
74.0,3.0
69.0,2.0
76.0,5.0
64.0,2.0
67.0,1.0
69.0,2.0
87.0,3.0
77.0,2.0
71.0,1.0
90.0,1.0
77.0,2.0
67.0,0.0
73.0,1.0
63.0,0.0
89.0,3.0
75.0,6.0
85.0,20.0
85.0,1.0
62.0,2.0
81.0,9.0
76.0,1.0
80.0,4.0
104.0,6.0
101.0,13.0
101.0,12.0
118.0,7.0
154.0,26.0
101.0,73.0
109.0,94.0
132.0,85.0
120.0,58.0
90.0,72.0
113.0,123.0
104.0,108.0
90.0,12.0
95.0,5.0
86.0,5.0
101.0,7.0
89.0,5.0
70.0,1.0
108.0,3.0
86.0,2.0
58.0,1.0
62.0,3.0
87.0,1.0
78.0,2.0
74.0,5.0
78.0,1.0
54.0,2.0
73.0,5.0
65.0,14.0
73.0,9.0
63.0,5.0
61.0,3.0
57.0,6.0
42.0,3.0
54.0,3.0
51.0,2.0
55.0,1.0
42.0,6.0
44.0,3.0
35.0,3.0
35.0,1.0
26.0,1.0
23.0,4.0
26.0,3.0
17.0,2.0
22.0,2.0
