6.0,0.0
3.0,0.0
10.0,0.0
7.0,2.0
3.0,0.0
1.0,1.0
2.0,0.0
2.0,0.0
1.0,0.0
1.0,0.0
0.0,0.0
1.0,0.0
1.0,1.0
2.0,6.0
1.0,6.0
4.0,0.0
1.0,0.0
0.0,0.0
1.0,0.0
0.0,0.0
0.0,0.0
0.0,0.0
2.0,0.0
2.0,1.0
1.0,2.0
2.0,1.0
0.0,0.0
0.0,0.0
0.0,0.0
0.0,2.0
0.0,0.0
0.0,0.0
2.0,0.0
0.0,0.0
1.0,0.0
1.0,0.0
1.0,0.0
0.0,0.0
1.0,2.0
3.0,0.0
7.0,0.0
7.0,4.0
6.0,2.0
16.0,1.0
21.0,13.0
15.0,4.0
22.0,16.0
31.0,21.0
21.0,34.0
32.0,69.0
34.0,42.0
37.0,56.0
41.0,37.0
37.0,3.0
34.0,1.0
28.0,4.0
51.0,4.0
35.0,3.0
20.0,2.0
31.0,4.0
28.0,4.0
24.0,0.0
31.0,0.0
27.0,3.0
31.0,3.0
26.0,4.0
39.0,11.0
29.0,12.0
28.0,11.0
29.0,31.0
23.0,35.0
38.0,50.0
30.0,26.0
26.0,33.0
33.0,20.0
40.0,16.0
35.0,15.0
27.0,10.0
31.0,19.0
33.0,45.0
44.0,55.0
28.0,38.0
31.0,28.0
37.0,31.0
39.0,24.0
31.0,31.0
35.0,11.0
36.0,8.0
31.0,11.0
36.0,5.0
37.0,3.0
25.0,1.0
31.0,8.0
31.0,17.0
29.0,2.0
27.0,21.0
40.0,2.0
32.0,0.0
27.0,0.0
25.0,0.0
27.0,0.0
37.0,4.0
43.0,2.0
30.0,1.0
42.0,2.0
61.0,4.0
58.0,0.0
55.0,6.0
60.0,3.0
51.0,4.0
50.0,11.0
35.0,8.0
43.0,2.0
29.0,2.0
34.0,4.0
34.0,4.0
30.0,2.0
24.0,1.0
25.0,2.0
23.0,3.0
16.0,3.0
18.0,5.0
15.0,2.0
16.0,1.0
12.0,1.0
28.0,0.0
24.0,1.0
22.0,3.0
23.0,4.0
15.0,2.0
16.0,1.0
21.0,2.0
16.0,0.0
14.0,0.0
15.0,0.0
15.0,0.0
12.0,2.0
6.0,1.0
11.0,0.0
4.0,1.0
10.0,1.0
11.0,0.0
5.0,0.0
5.0,0.0
