35.0,4.0
18.0,0.0
18.0,0.0
13.0,0.0
17.0,1.0
11.0,0.0
14.0,1.0
12.0,0.0
12.0,0.0
8.0,0.0
10.0,0.0
15.0,0.0
11.0,10.0
7.0,3.0
12.0,1.0
6.0,0.0
13.0,1.0
9.0,0.0
2.0,4.0
2.0,1.0
7.0,4.0
3.0,2.0
4.0,0.0
3.0,3.0
3.0,1.0
5.0,7.0
2.0,0.0
3.0,1.0
1.0,1.0
3.0,1.0
3.0,3.0
0.0,0.0
3.0,5.0
8.0,3.0
5.0,5.0
6.0,4.0
5.0,6.0
7.0,5.0
13.0,14.0
30.0,0.0
30.0,0.0
39.0,1.0
88.0,3.0
120.0,2.0
168.0,10.0
231.0,38.0
234.0,298.0
212.0,569.0
228.0,399.0
223.0,337.0
270.0,191.0
282.0,166.0
244.0,155.0
247.0,114.0
232.0,89.0
183.0,49.0
178.0,27.0
123.0,28.0
125.0,39.0
112.0,29.0
96.0,7.0
84.0,15.0
68.0,3.0
77.0,5.0
79.0,3.0
66.0,5.0
68.0,1.0
67.0,0.0
69.0,4.0
92.0,12.0
88.0,7.0
94.0,6.0
80.0,5.0
86.0,6.0
83.0,1.0
88.0,12.0
96.0,43.0
90.0,35.0
92.0,56.0
86.0,22.0
100.0,45.0
99.0,34.0
98.0,17.0
89.0,12.0
86.0,15.0
91.0,17.0
99.0,9.0
80.0,4.0
91.0,6.0
77.0,12.0
81.0,12.0
74.0,12.0
76.0,20.0
88.0,2.0
88.0,2.0
83.0,4.0
107.0,1.0
76.0,5.0
76.0,1.0
106.0,1.0
96.0,2.0
127.0,7.0
175.0,10.0
149.0,7.0
167.0,5.0
294.0,6.0
221.0,5.0
197.0,10.0
259.0,5.0
225.0,9.0
222.0,4.0
181.0,7.0
158.0,4.0
141.0,2.0
135.0,3.0
139.0,5.0
131.0,2.0
131.0,4.0
102.0,5.0
128.0,1.0
139.0,9.0
162.0,8.0
124.0,4.0
156.0,3.0
141.0,7.0
125.0,2.0
162.0,7.0
139.0,2.0
122.0,3.0
146.0,5.0
114.0,4.0
107.0,11.0
107.0,1.0
89.0,2.0
71.0,1.0
78.0,6.0
82.0,1.0
46.0,1.0
40.0,2.0
41.0,1.0
35.0,1.0
41.0,4.0
26.0,0.0
20.0,0.0
