73.0,6.0
68.0,12.0
75.0,61.0
64.0,72.0
59.0,78.0
56.0,87.0
63.0,60.0
36.0,30.0
56.0,6.0
50.0,3.0
31.0,14.0
26.0,3.0
32.0,7.0
24.0,7.0
34.0,2.0
21.0,23.0
15.0,12.0
14.0,4.0
8.0,2.0
8.0,4.0
5.0,4.0
4.0,1.0
10.0,2.0
7.0,4.0
7.0,5.0
2.0,4.0
5.0,9.0
6.0,6.0
5.0,15.0
4.0,13.0
4.0,12.0
5.0,7.0
8.0,2.0
4.0,12.0
7.0,17.0
4.0,43.0
4.0,43.0
4.0,47.0
7.0,42.0
10.0,20.0
10.0,49.0
25.0,43.0
12.0,65.0
21.0,62.0
33.0,60.0
25.0,60.0
58.0,43.0
45.0,14.0
62.0,29.0
57.0,39.0
84.0,33.0
101.0,16.0
72.0,20.0
78.0,12.0
87.0,21.0
78.0,26.0
81.0,12.0
95.0,35.0
72.0,35.0
76.0,48.0
76.0,54.0
76.0,70.0
96.0,55.0
79.0,46.0
72.0,60.0
78.0,60.0
66.0,59.0
90.0,69.0
91.0,90.0
79.0,61.0
75.0,81.0
93.0,43.0
92.0,71.0
81.0,98.0
81.0,90.0
89.0,89.0
84.0,60.0
74.0,51.0
89.0,60.0
61.0,100.0
79.0,100.0
73.0,82.0
78.0,71.0
73.0,46.0
67.0,49.0
84.0,50.0
82.0,60.0
64.0,79.0
67.0,80.0
59.0,78.0
86.0,109.0
62.0,89.0
72.0,80.0
102.0,18.0
109.0,47.0
90.0,74.0
83.0,71.0
79.0,75.0
75.0,71.0
96.0,88.0
105.0,131.0
104.0,165.0
100.0,125.0
98.0,138.0
115.0,133.0
123.0,118.0
111.0,137.0
95.0,107.0
82.0,83.0
95.0,40.0
88.0,17.0
103.0,4.0
77.0,4.0
82.0,2.0
72.0,4.0
64.0,5.0
59.0,5.0
51.0,6.0
72.0,3.0
84.0,5.0
64.0,5.0
81.0,5.0
69.0,4.0
72.0,1.0
61.0,2.0
70.0,2.0
73.0,1.0
59.0,0.0
60.0,1.0
54.0,2.0
58.0,2.0
51.0,3.0
39.0,0.0
45.0,2.0
34.0,0.0
29.0,3.0
26.0,2.0
38.0,0.0
29.0,0.0
23.0,3.0
22.0,2.0
34.0,1.0
23.0,3.0
22.0,2.0
