36.0,4.0
22.0,0.0
20.0,0.0
7.0,1.0
13.0,0.0
10.0,0.0
14.0,0.0
13.0,1.0
9.0,0.0
10.0,1.0
3.0,0.0
9.0,1.0
4.0,0.0
5.0,0.0
3.0,0.0
2.0,0.0
4.0,2.0
1.0,1.0
3.0,0.0
5.0,3.0
2.0,0.0
3.0,0.0
2.0,1.0
2.0,1.0
2.0,2.0
1.0,2.0
2.0,0.0
2.0,0.0
1.0,0.0
1.0,1.0
0.0,2.0
1.0,1.0
4.0,0.0
2.0,0.0
3.0,0.0
0.0,0.0
5.0,3.0
8.0,5.0
5.0,2.0
6.0,2.0
6.0,6.0
23.0,5.0
17.0,1.0
26.0,3.0
22.0,15.0
52.0,7.0
40.0,4.0
49.0,4.0
71.0,7.0
63.0,4.0
57.0,2.0
91.0,6.0
66.0,8.0
76.0,1.0
73.0,1.0
79.0,2.0
65.0,5.0
82.0,7.0
71.0,1.0
86.0,4.0
82.0,5.0
96.0,2.0
70.0,3.0
73.0,0.0
71.0,2.0
68.0,4.0
70.0,13.0
90.0,39.0
67.0,37.0
82.0,29.0
96.0,43.0
79.0,23.0
115.0,1.0
86.0,8.0
98.0,5.0
104.0,4.0
82.0,11.0
114.0,5.0
118.0,13.0
100.0,11.0
93.0,6.0
106.0,16.0
115.0,15.0
113.0,8.0
108.0,2.0
85.0,3.0
103.0,3.0
87.0,3.0
98.0,2.0
94.0,2.0
98.0,7.0
95.0,4.0
104.0,4.0
88.0,2.0
91.0,1.0
89.0,0.0
85.0,2.0
90.0,1.0
111.0,6.0
114.0,4.0
112.0,1.0
108.0,2.0
113.0,5.0
120.0,3.0
110.0,3.0
152.0,2.0
138.0,1.0
137.0,3.0
123.0,2.0
136.0,3.0
116.0,3.0
123.0,6.0
96.0,1.0
104.0,5.0
90.0,0.0
88.0,2.0
69.0,1.0
67.0,3.0
83.0,2.0
77.0,3.0
92.0,3.0
97.0,2.0
85.0,1.0
68.0,1.0
70.0,1.0
74.0,1.0
97.0,3.0
103.0,2.0
79.0,3.0
88.0,0.0
69.0,2.0
69.0,3.0
62.0,4.0
53.0,5.0
57.0,2.0
57.0,0.0
43.0,1.0
45.0,3.0
33.0,1.0
40.0,5.0
25.0,0.0
23.0,1.0
29.0,6.0
19.0,0.0
