134.0,10.0
111.0,5.0
104.0,7.0
103.0,6.0
78.0,9.0
87.0,7.0
89.0,11.0
68.0,9.0
55.0,8.0
71.0,15.0
52.0,12.0
52.0,5.0
44.0,18.0
46.0,16.0
43.0,12.0
36.0,2.0
36.0,9.0
33.0,8.0
43.0,9.0
20.0,6.0
26.0,6.0
25.0,3.0
23.0,2.0
29.0,2.0
23.0,1.0
23.0,2.0
18.0,4.0
16.0,0.0
13.0,0.0
10.0,2.0
9.0,4.0
9.0,3.0
9.0,3.0
13.0,18.0
10.0,9.0
18.0,9.0
12.0,11.0
12.0,9.0
13.0,18.0
30.0,14.0
39.0,27.0
42.0,22.0
49.0,39.0
49.0,51.0
78.0,62.0
98.0,49.0
94.0,78.0
115.0,98.0
159.0,89.0
164.0,117.0
198.0,58.0
179.0,69.0
179.0,60.0
200.0,28.0
217.0,23.0
208.0,13.0
235.0,10.0
229.0,22.0
219.0,37.0
205.0,43.0
245.0,11.0
245.0,19.0
249.0,12.0
267.0,17.0
260.0,51.0
254.0,30.0
261.0,77.0
262.0,129.0
241.0,74.0
230.0,132.0
248.0,133.0
267.0,166.0
232.0,65.0
292.0,111.0
272.0,95.0
314.0,116.0
295.0,84.0
287.0,59.0
310.0,89.0
298.0,82.0
301.0,77.0
296.0,186.0
321.0,168.0
315.0,193.0
335.0,87.0
339.0,74.0
346.0,108.0
329.0,108.0
338.0,54.0
311.0,37.0
298.0,39.0
333.0,41.0
322.0,59.0
338.0,63.0
290.0,88.0
296.0,102.0
319.0,8.0
297.0,7.0
333.0,5.0
319.0,6.0
332.0,0.0
297.0,11.0
337.0,4.0
333.0,13.0
313.0,8.0
350.0,3.0
301.0,4.0
305.0,5.0
318.0,11.0
317.0,1.0
285.0,11.0
291.0,3.0
255.0,8.0
314.0,6.0
319.0,11.0
273.0,4.0
303.0,11.0
298.0,15.0
284.0,9.0
279.0,24.0
284.0,4.0
292.0,11.0
292.0,14.0
326.0,18.0
331.0,22.0
264.0,14.0
307.0,14.0
326.0,20.0
315.0,31.0
266.0,22.0
275.0,7.0
260.0,6.0
251.0,6.0
208.0,10.0
185.0,3.0
188.0,2.0
146.0,3.0
145.0,4.0
130.0,2.0
114.0,17.0
89.0,2.0
97.0,6.0
104.0,1.0
76.0,1.0
