44.0,2.0
34.0,7.0
35.0,2.0
18.0,1.0
19.0,0.0
26.0,0.0
20.0,0.0
22.0,0.0
22.0,0.0
12.0,0.0
14.0,0.0
17.0,1.0
16.0,1.0
11.0,2.0
3.0,1.0
9.0,1.0
9.0,1.0
7.0,2.0
8.0,1.0
7.0,2.0
3.0,1.0
4.0,0.0
8.0,0.0
6.0,0.0
3.0,1.0
1.0,1.0
3.0,2.0
5.0,0.0
4.0,0.0
4.0,0.0
2.0,1.0
3.0,2.0
3.0,4.0
6.0,2.0
5.0,2.0
9.0,5.0
9.0,15.0
4.0,4.0
6.0,11.0
21.0,2.0
20.0,6.0
22.0,4.0
42.0,12.0
47.0,13.0
52.0,8.0
49.0,7.0
53.0,8.0
64.0,4.0
80.0,7.0
99.0,4.0
81.0,3.0
102.0,3.0
105.0,1.0
91.0,3.0
79.0,1.0
81.0,5.0
90.0,0.0
80.0,4.0
100.0,7.0
95.0,4.0
98.0,7.0
108.0,18.0
86.0,25.0
95.0,36.0
80.0,41.0
81.0,37.0
69.0,44.0
81.0,90.0
81.0,106.0
95.0,82.0
92.0,78.0
92.0,67.0
122.0,20.0
116.0,34.0
126.0,10.0
119.0,15.0
127.0,13.0
137.0,31.0
140.0,49.0
118.0,21.0
117.0,25.0
116.0,60.0
121.0,90.0
128.0,88.0
140.0,31.0
142.0,24.0
125.0,29.0
154.0,27.0
133.0,10.0
128.0,4.0
133.0,3.0
121.0,7.0
146.0,30.0
132.0,6.0
122.0,4.0
152.0,4.0
162.0,3.0
150.0,3.0
146.0,5.0
162.0,7.0
155.0,6.0
149.0,7.0
188.0,6.0
174.0,3.0
174.0,7.0
174.0,4.0
163.0,5.0
166.0,3.0
170.0,8.0
148.0,6.0
144.0,2.0
157.0,4.0
132.0,1.0
133.0,6.0
133.0,6.0
137.0,2.0
134.0,6.0
121.0,5.0
134.0,5.0
117.0,3.0
121.0,4.0
121.0,8.0
121.0,2.0
131.0,4.0
121.0,3.0
108.0,3.0
110.0,6.0
123.0,3.0
97.0,6.0
119.0,3.0
103.0,4.0
128.0,3.0
119.0,1.0
71.0,3.0
79.0,0.0
71.0,2.0
56.0,10.0
72.0,2.0
60.0,6.0
46.0,0.0
52.0,6.0
51.0,1.0
37.0,1.0
36.0,1.0
