1.0,0.0
5.0,0.0
1.0,0.0
2.0,0.0
0.0,1.0
0.0,0.0
2.0,1.0
0.0,0.0
2.0,0.0
3.0,1.0
2.0,0.0
1.0,0.0
0.0,0.0
0.0,0.0
0.0,0.0
0.0,0.0
1.0,0.0
0.0,0.0
0.0,0.0
0.0,0.0
0.0,0.0
0.0,0.0
1.0,0.0
0.0,0.0
0.0,0.0
0.0,0.0
0.0,0.0
0.0,0.0
0.0,0.0
0.0,0.0
0.0,0.0
0.0,0.0
3.0,1.0
0.0,0.0
0.0,1.0
0.0,0.0
0.0,0.0
0.0,0.0
1.0,1.0
1.0,0.0
0.0,0.0
4.0,0.0
1.0,0.0
12.0,0.0
11.0,0.0
16.0,0.0
17.0,0.0
26.0,3.0
32.0,4.0
27.0,3.0
34.0,3.0
22.0,30.0
25.0,24.0
26.0,12.0
22.0,10.0
22.0,6.0
12.0,8.0
13.0,9.0
11.0,12.0
10.0,13.0
15.0,7.0
11.0,5.0
9.0,2.0
13.0,0.0
9.0,1.0
10.0,0.0
9.0,1.0
9.0,0.0
6.0,0.0
6.0,0.0
10.0,0.0
12.0,1.0
11.0,2.0
14.0,4.0
15.0,3.0
8.0,8.0
6.0,8.0
19.0,7.0
9.0,3.0
6.0,0.0
9.0,4.0
8.0,0.0
13.0,2.0
10.0,1.0
8.0,2.0
7.0,0.0
6.0,2.0
7.0,0.0
8.0,0.0
9.0,0.0
5.0,1.0
6.0,4.0
7.0,3.0
13.0,0.0
9.0,0.0
11.0,0.0
8.0,0.0
10.0,0.0
6.0,0.0
14.0,0.0
8.0,0.0
8.0,0.0
33.0,2.0
15.0,1.0
25.0,2.0
27.0,6.0
32.0,4.0
22.0,0.0
36.0,0.0
34.0,2.0
27.0,0.0
32.0,0.0
16.0,1.0
12.0,0.0
16.0,0.0
16.0,3.0
14.0,0.0
13.0,2.0
13.0,0.0
14.0,0.0
19.0,0.0
12.0,1.0
6.0,0.0
14.0,0.0
14.0,1.0
8.0,1.0
12.0,0.0
15.0,4.0
7.0,3.0
8.0,0.0
9.0,2.0
7.0,0.0
7.0,0.0
9.0,2.0
5.0,0.0
5.0,1.0
4.0,1.0
1.0,0.0
2.0,0.0
5.0,0.0
5.0,0.0
5.0,0.0
1.0,0.0
1.0,0.0
