6.0,0.0
9.0,1.0
5.0,2.0
6.0,0.0
6.0,0.0
4.0,0.0
5.0,2.0
2.0,0.0
3.0,0.0
6.0,0.0
3.0,1.0
2.0,1.0
5.0,1.0
3.0,1.0
1.0,0.0
3.0,1.0
2.0,0.0
0.0,0.0
0.0,0.0
0.0,0.0
2.0,2.0
0.0,1.0
0.0,3.0
1.0,0.0
0.0,0.0
0.0,0.0
0.0,0.0
1.0,0.0
1.0,0.0
2.0,0.0
2.0,0.0
1.0,0.0
1.0,0.0
1.0,2.0
1.0,0.0
3.0,3.0
3.0,0.0
4.0,1.0
2.0,3.0
13.0,0.0
18.0,1.0
17.0,1.0
31.0,3.0
39.0,0.0
43.0,1.0
58.0,1.0
46.0,3.0
58.0,5.0
51.0,11.0
61.0,25.0
47.0,25.0
31.0,13.0
36.0,31.0
48.0,11.0
40.0,5.0
38.0,1.0
24.0,0.0
30.0,1.0
21.0,1.0
20.0,1.0
19.0,4.0
18.0,11.0
24.0,7.0
27.0,16.0
24.0,3.0
12.0,0.0
18.0,0.0
9.0,4.0
18.0,4.0
22.0,3.0
23.0,1.0
17.0,1.0
22.0,2.0
22.0,3.0
27.0,0.0
18.0,1.0
25.0,2.0
22.0,1.0
21.0,2.0
23.0,0.0
21.0,1.0
10.0,1.0
25.0,4.0
28.0,3.0
23.0,2.0
18.0,3.0
23.0,1.0
23.0,4.0
15.0,0.0
17.0,0.0
19.0,6.0
12.0,2.0
16.0,1.0
16.0,1.0
19.0,0.0
20.0,1.0
13.0,0.0
20.0,3.0
21.0,0.0
20.0,0.0
22.0,1.0
24.0,1.0
24.0,2.0
28.0,1.0
32.0,4.0
35.0,11.0
32.0,7.0
30.0,0.0
32.0,4.0
25.0,2.0
42.0,2.0
27.0,1.0
22.0,0.0
23.0,1.0
29.0,2.0
22.0,2.0
24.0,4.0
32.0,1.0
27.0,3.0
22.0,2.0
22.0,1.0
20.0,2.0
40.0,4.0
30.0,3.0
33.0,3.0
16.0,1.0
15.0,1.0
22.0,3.0
22.0,2.0
19.0,1.0
18.0,2.0
23.0,1.0
21.0,1.0
22.0,0.0
22.0,0.0
16.0,1.0
10.0,0.0
15.0,4.0
9.0,1.0
15.0,2.0
16.0,7.0
11.0,2.0
11.0,2.0
11.0,1.0
