47.0,6.0
50.0,8.0
63.0,5.0
47.0,9.0
49.0,5.0
42.0,4.0
40.0,7.0
36.0,9.0
39.0,10.0
33.0,10.0
27.0,7.0
32.0,4.0
25.0,14.0
24.0,0.0
32.0,4.0
19.0,4.0
22.0,13.0
13.0,3.0
15.0,6.0
23.0,2.0
25.0,7.0
25.0,2.0
25.0,8.0
12.0,0.0
16.0,5.0
15.0,19.0
16.0,5.0
14.0,5.0
6.0,8.0
8.0,2.0
12.0,0.0
9.0,1.0
10.0,4.0
5.0,13.0
2.0,7.0
3.0,9.0
10.0,3.0
3.0,4.0
13.0,5.0
28.0,1.0
27.0,1.0
46.0,6.0
74.0,7.0
97.0,16.0
97.0,43.0
95.0,118.0
112.0,135.0
104.0,160.0
133.0,144.0
123.0,121.0
146.0,121.0
158.0,127.0
163.0,51.0
144.0,11.0
177.0,9.0
198.0,19.0
171.0,14.0
150.0,16.0
142.0,7.0
109.0,5.0
114.0,4.0
114.0,6.0
86.0,1.0
112.0,4.0
128.0,5.0
123.0,2.0
115.0,4.0
110.0,1.0
126.0,6.0
138.0,13.0
152.0,18.0
139.0,29.0
133.0,12.0
123.0,21.0
127.0,18.0
126.0,29.0
135.0,34.0
151.0,44.0
147.0,61.0
137.0,81.0
130.0,54.0
125.0,60.0
142.0,54.0
151.0,55.0
121.0,50.0
145.0,59.0
141.0,66.0
153.0,38.0
130.0,39.0
141.0,59.0
179.0,75.0
155.0,50.0
149.0,100.0
160.0,99.0
140.0,53.0
134.0,61.0
147.0,16.0
177.0,33.0
179.0,67.0
183.0,90.0
207.0,139.0
228.0,146.0
232.0,460.0
170.0,246.0
205.0,258.0
182.0,406.0
181.0,367.0
174.0,293.0
185.0,316.0
183.0,285.0
216.0,213.0
255.0,140.0
250.0,117.0
244.0,40.0
237.0,47.0
189.0,70.0
187.0,46.0
227.0,39.0
193.0,108.0
175.0,156.0
217.0,64.0
196.0,84.0
170.0,68.0
194.0,102.0
171.0,73.0
151.0,76.0
202.0,164.0
116.0,143.0
122.0,171.0
137.0,180.0
145.0,122.0
140.0,145.0
115.0,142.0
126.0,99.0
112.0,31.0
112.0,6.0
109.0,8.0
83.0,11.0
77.0,9.0
65.0,3.0
55.0,8.0
86.0,7.0
52.0,3.0
46.0,7.0
