20.0,1.0
13.0,1.0
17.0,2.0
3.0,0.0
10.0,4.0
7.0,9.0
11.0,8.0
1.0,1.0
2.0,0.0
3.0,1.0
5.0,0.0
1.0,0.0
2.0,2.0
7.0,2.0
2.0,0.0
3.0,5.0
2.0,0.0
2.0,0.0
2.0,0.0
2.0,0.0
1.0,0.0
2.0,0.0
5.0,2.0
0.0,0.0
1.0,1.0
1.0,1.0
2.0,3.0
0.0,1.0
1.0,0.0
1.0,0.0
0.0,0.0
2.0,1.0
0.0,0.0
1.0,1.0
1.0,2.0
1.0,4.0
1.0,0.0
2.0,4.0
3.0,5.0
7.0,2.0
8.0,4.0
9.0,1.0
20.0,0.0
28.0,0.0
44.0,4.0
47.0,1.0
59.0,5.0
62.0,4.0
103.0,33.0
96.0,98.0
98.0,103.0
119.0,135.0
103.0,107.0
104.0,55.0
100.0,41.0
102.0,40.0
99.0,45.0
69.0,78.0
69.0,39.0
55.0,24.0
34.0,12.0
43.0,3.0
28.0,3.0
30.0,2.0
26.0,2.0
26.0,0.0
24.0,3.0
30.0,1.0
43.0,6.0
33.0,4.0
34.0,2.0
36.0,1.0
39.0,7.0
33.0,4.0
40.0,2.0
24.0,3.0
33.0,15.0
35.0,4.0
32.0,0.0
33.0,2.0
48.0,4.0
37.0,1.0
34.0,1.0
35.0,3.0
27.0,1.0
30.0,3.0
25.0,0.0
41.0,1.0
41.0,3.0
23.0,1.0
36.0,3.0
25.0,1.0
33.0,4.0
39.0,1.0
51.0,6.0
40.0,4.0
43.0,2.0
42.0,3.0
27.0,0.0
54.0,1.0
46.0,2.0
43.0,1.0
56.0,4.0
46.0,1.0
56.0,6.0
59.0,1.0
55.0,2.0
57.0,2.0
54.0,0.0
66.0,2.0
64.0,1.0
64.0,2.0
56.0,2.0
52.0,2.0
61.0,3.0
55.0,3.0
56.0,4.0
60.0,4.0
55.0,5.0
50.0,10.0
61.0,3.0
50.0,3.0
56.0,3.0
60.0,3.0
59.0,3.0
59.0,5.0
66.0,1.0
69.0,4.0
80.0,10.0
59.0,2.0
50.0,2.0
63.0,4.0
57.0,3.0
38.0,3.0
40.0,3.0
30.0,3.0
20.0,2.0
21.0,0.0
26.0,1.0
26.0,1.0
13.0,1.0
18.0,1.0
24.0,1.0
13.0,1.0
