77.0,1.0
84.0,5.0
63.0,5.0
66.0,7.0
60.0,0.0
44.0,2.0
41.0,2.0
54.0,2.0
51.0,3.0
25.0,0.0
25.0,3.0
39.0,2.0
23.0,2.0
21.0,0.0
31.0,1.0
26.0,1.0
17.0,0.0
19.0,0.0
14.0,1.0
22.0,2.0
13.0,0.0
10.0,0.0
11.0,4.0
6.0,0.0
4.0,1.0
5.0,0.0
8.0,3.0
9.0,0.0
8.0,2.0
6.0,0.0
10.0,1.0
8.0,6.0
13.0,4.0
16.0,5.0
17.0,9.0
14.0,5.0
13.0,7.0
18.0,9.0
19.0,21.0
79.0,2.0
92.0,2.0
130.0,5.0
183.0,4.0
245.0,8.0
239.0,75.0
249.0,227.0
223.0,380.0
238.0,430.0
226.0,381.0
292.0,345.0
299.0,257.0
332.0,319.0
393.0,241.0
402.0,124.0
413.0,37.0
418.0,32.0
328.0,11.0
339.0,24.0
288.0,24.0
296.0,18.0
204.0,5.0
207.0,4.0
201.0,12.0
187.0,10.0
176.0,2.0
168.0,8.0
168.0,3.0
156.0,6.0
202.0,5.0
202.0,12.0
182.0,0.0
172.0,4.0
186.0,4.0
180.0,4.0
194.0,4.0
202.0,17.0
197.0,16.0
224.0,17.0
184.0,37.0
203.0,71.0
219.0,96.0
196.0,129.0
211.0,118.0
230.0,106.0
189.0,92.0
205.0,72.0
202.0,38.0
190.0,25.0
193.0,29.0
192.0,52.0
191.0,55.0
196.0,129.0
189.0,114.0
243.0,9.0
225.0,4.0
209.0,6.0
230.0,11.0
248.0,12.0
233.0,9.0
257.0,9.0
247.0,11.0
314.0,9.0
376.0,13.0
329.0,37.0
391.0,91.0
433.0,251.0
380.0,272.0
360.0,213.0
394.0,253.0
401.0,186.0
394.0,89.0
363.0,22.0
327.0,15.0
354.0,12.0
267.0,8.0
299.0,5.0
310.0,12.0
275.0,11.0
271.0,9.0
255.0,5.0
304.0,10.0
304.0,12.0
329.0,21.0
338.0,16.0
317.0,17.0
352.0,12.0
367.0,63.0
335.0,85.0
367.0,71.0
352.0,50.0
303.0,27.0
285.0,12.0
287.0,19.0
230.0,11.0
206.0,12.0
167.0,7.0
139.0,5.0
119.0,2.0
113.0,4.0
101.0,1.0
117.0,3.0
103.0,7.0
86.0,2.0
80.0,3.0
