49.0,2.0
41.0,0.0
27.0,0.0
35.0,2.0
26.0,1.0
25.0,0.0
17.0,3.0
14.0,2.0
22.0,0.0
19.0,0.0
24.0,1.0
8.0,0.0
17.0,2.0
8.0,1.0
13.0,1.0
8.0,0.0
10.0,3.0
8.0,2.0
20.0,3.0
5.0,1.0
8.0,2.0
7.0,0.0
13.0,0.0
6.0,1.0
3.0,1.0
3.0,3.0
6.0,3.0
2.0,9.0
4.0,2.0
3.0,2.0
1.0,1.0
3.0,1.0
9.0,5.0
9.0,3.0
5.0,8.0
6.0,4.0
7.0,3.0
5.0,11.0
9.0,12.0
17.0,4.0
28.0,16.0
27.0,32.0
36.0,50.0
47.0,34.0
74.0,45.0
108.0,18.0
108.0,40.0
120.0,45.0
122.0,144.0
138.0,146.0
156.0,139.0
136.0,158.0
138.0,162.0
150.0,114.0
151.0,121.0
140.0,214.0
132.0,238.0
130.0,214.0
125.0,227.0
115.0,171.0
129.0,203.0
121.0,107.0
127.0,104.0
97.0,129.0
116.0,125.0
123.0,108.0
93.0,53.0
76.0,58.0
102.0,121.0
102.0,151.0
108.0,119.0
126.0,101.0
142.0,83.0
101.0,115.0
122.0,97.0
142.0,95.0
146.0,104.0
134.0,107.0
137.0,91.0
142.0,108.0
115.0,126.0
115.0,114.0
127.0,124.0
134.0,75.0
119.0,74.0
118.0,79.0
128.0,80.0
127.0,72.0
126.0,49.0
124.0,19.0
117.0,16.0
121.0,16.0
92.0,9.0
121.0,7.0
115.0,6.0
131.0,20.0
147.0,4.0
102.0,1.0
108.0,5.0
132.0,2.0
117.0,5.0
133.0,4.0
161.0,7.0
149.0,7.0
154.0,6.0
173.0,5.0
147.0,4.0
138.0,8.0
179.0,6.0
169.0,1.0
154.0,2.0
160.0,3.0
151.0,5.0
96.0,5.0
101.0,1.0
105.0,3.0
113.0,1.0
91.0,1.0
117.0,1.0
103.0,1.0
127.0,1.0
118.0,5.0
112.0,2.0
118.0,8.0
103.0,3.0
118.0,1.0
141.0,4.0
78.0,3.0
107.0,5.0
86.0,3.0
126.0,1.0
121.0,4.0
152.0,7.0
145.0,8.0
100.0,2.0
72.0,4.0
94.0,2.0
70.0,2.0
69.0,4.0
52.0,4.0
45.0,2.0
47.0,1.0
33.0,4.0
40.0,4.0
