191.0,5.0
197.0,8.0
169.0,22.0
216.0,63.0
167.0,24.0
144.0,4.0
144.0,6.0
109.0,2.0
128.0,7.0
110.0,7.0
106.0,7.0
99.0,3.0
79.0,8.0
76.0,11.0
61.0,21.0
48.0,20.0
46.0,19.0
45.0,13.0
36.0,29.0
38.0,29.0
28.0,13.0
24.0,21.0
19.0,16.0
18.0,12.0
20.0,13.0
16.0,7.0
21.0,10.0
12.0,13.0
12.0,26.0
16.0,32.0
9.0,23.0
12.0,62.0
21.0,47.0
15.0,43.0
13.0,51.0
15.0,41.0
15.0,51.0
22.0,49.0
23.0,59.0
32.0,41.0
37.0,39.0
43.0,49.0
61.0,45.0
51.0,27.0
79.0,72.0
87.0,45.0
100.0,19.0
119.0,12.0
111.0,6.0
99.0,2.0
124.0,3.0
138.0,7.0
130.0,7.0
113.0,6.0
127.0,6.0
133.0,2.0
157.0,5.0
155.0,4.0
151.0,7.0
140.0,9.0
137.0,20.0
149.0,41.0
157.0,16.0
139.0,21.0
144.0,41.0
143.0,22.0
161.0,25.0
138.0,96.0
153.0,91.0
151.0,94.0
141.0,79.0
138.0,43.0
155.0,67.0
156.0,44.0
150.0,59.0
154.0,85.0
153.0,84.0
172.0,74.0
167.0,86.0
151.0,97.0
168.0,124.0
182.0,126.0
193.0,111.0
162.0,121.0
174.0,101.0
179.0,110.0
187.0,101.0
168.0,137.0
163.0,110.0
171.0,112.0
184.0,120.0
170.0,114.0
174.0,117.0
239.0,10.0
244.0,9.0
245.0,10.0
218.0,14.0
243.0,21.0
266.0,49.0
254.0,82.0
268.0,75.0
226.0,101.0
273.0,95.0
263.0,97.0
235.0,38.0
227.0,44.0
234.0,25.0
207.0,11.0
217.0,7.0
204.0,8.0
172.0,5.0
175.0,10.0
164.0,6.0
182.0,12.0
203.0,9.0
193.0,7.0
172.0,8.0
180.0,15.0
183.0,4.0
182.0,3.0
189.0,1.0
186.0,3.0
175.0,6.0
200.0,3.0
190.0,9.0
183.0,7.0
188.0,6.0
202.0,10.0
156.0,5.0
166.0,5.0
187.0,2.0
168.0,4.0
171.0,2.0
168.0,5.0
123.0,3.0
120.0,3.0
110.0,8.0
112.0,5.0
107.0,10.0
84.0,6.0
92.0,8.0
92.0,10.0
78.0,10.0
83.0,22.0
