19.0,1.0
21.0,3.0
21.0,1.0
13.0,2.0
6.0,0.0
17.0,3.0
9.0,1.0
6.0,0.0
5.0,3.0
3.0,0.0
3.0,0.0
2.0,1.0
5.0,2.0
4.0,0.0
5.0,0.0
1.0,1.0
2.0,1.0
1.0,0.0
1.0,2.0
4.0,2.0
1.0,0.0
2.0,6.0
1.0,0.0
1.0,0.0
2.0,2.0
1.0,1.0
2.0,0.0
0.0,0.0
0.0,0.0
1.0,0.0
2.0,1.0
1.0,0.0
1.0,0.0
1.0,0.0
1.0,6.0
4.0,0.0
1.0,5.0
2.0,3.0
6.0,8.0
12.0,0.0
15.0,0.0
17.0,1.0
29.0,1.0
38.0,6.0
57.0,8.0
72.0,26.0
57.0,47.0
89.0,60.0
82.0,51.0
81.0,96.0
118.0,94.0
114.0,88.0
104.0,80.0
121.0,76.0
132.0,103.0
134.0,99.0
135.0,51.0
81.0,74.0
80.0,43.0
75.0,21.0
69.0,10.0
56.0,13.0
38.0,3.0
43.0,3.0
45.0,2.0
38.0,2.0
37.0,3.0
38.0,2.0
35.0,4.0
28.0,5.0
33.0,10.0
44.0,9.0
57.0,11.0
45.0,15.0
50.0,0.0
50.0,3.0
43.0,5.0
47.0,4.0
58.0,4.0
38.0,4.0
49.0,9.0
55.0,10.0
44.0,7.0
44.0,4.0
49.0,13.0
54.0,4.0
57.0,5.0
47.0,7.0
51.0,8.0
47.0,6.0
47.0,2.0
47.0,1.0
47.0,5.0
47.0,1.0
42.0,2.0
44.0,3.0
51.0,2.0
55.0,1.0
64.0,1.0
45.0,2.0
66.0,1.0
65.0,0.0
101.0,1.0
81.0,5.0
99.0,2.0
95.0,4.0
85.0,3.0
87.0,5.0
95.0,8.0
76.0,2.0
80.0,5.0
71.0,9.0
76.0,6.0
58.0,4.0
67.0,7.0
64.0,6.0
63.0,1.0
69.0,5.0
59.0,5.0
61.0,3.0
71.0,7.0
68.0,3.0
87.0,5.0
100.0,3.0
62.0,2.0
76.0,4.0
54.0,4.0
59.0,1.0
54.0,13.0
63.0,11.0
48.0,9.0
50.0,6.0
65.0,7.0
55.0,3.0
40.0,1.0
33.0,2.0
25.0,4.0
26.0,1.0
21.0,2.0
25.0,0.0
23.0,3.0
9.0,0.0
13.0,0.0
21.0,7.0
