68.0,2.0
44.0,2.0
61.0,4.0
40.0,1.0
37.0,0.0
48.0,5.0
28.0,1.0
37.0,2.0
40.0,6.0
35.0,15.0
33.0,12.0
25.0,4.0
26.0,10.0
21.0,6.0
16.0,2.0
13.0,2.0
8.0,0.0
15.0,0.0
12.0,1.0
16.0,2.0
10.0,1.0
10.0,0.0
6.0,1.0
7.0,1.0
12.0,2.0
8.0,0.0
6.0,3.0
5.0,0.0
8.0,0.0
4.0,0.0
2.0,1.0
8.0,2.0
8.0,2.0
6.0,4.0
13.0,0.0
14.0,8.0
20.0,7.0
10.0,6.0
14.0,11.0
20.0,0.0
21.0,1.0
27.0,0.0
43.0,0.0
45.0,2.0
61.0,1.0
88.0,4.0
98.0,2.0
86.0,1.0
121.0,3.0
143.0,2.0
140.0,7.0
163.0,1.0
149.0,5.0
105.0,3.0
99.0,2.0
95.0,2.0
94.0,5.0
90.0,2.0
113.0,4.0
86.0,1.0
113.0,2.0
109.0,2.0
110.0,1.0
97.0,1.0
103.0,0.0
100.0,1.0
109.0,10.0
113.0,6.0
125.0,2.0
139.0,6.0
148.0,4.0
160.0,4.0
164.0,8.0
173.0,3.0
147.0,4.0
169.0,4.0
162.0,5.0
192.0,9.0
148.0,7.0
200.0,12.0
164.0,6.0
187.0,6.0
178.0,4.0
186.0,3.0
172.0,3.0
187.0,4.0
185.0,2.0
183.0,4.0
192.0,3.0
197.0,7.0
185.0,3.0
176.0,3.0
196.0,10.0
223.0,2.0
219.0,4.0
216.0,2.0
231.0,9.0
204.0,2.0
201.0,4.0
230.0,8.0
247.0,6.0
209.0,4.0
265.0,6.0
218.0,8.0
271.0,11.0
290.0,9.0
269.0,10.0
255.0,3.0
289.0,7.0
250.0,9.0
249.0,3.0
244.0,3.0
233.0,7.0
266.0,7.0
252.0,6.0
265.0,8.0
245.0,3.0
239.0,4.0
235.0,6.0
250.0,13.0
239.0,2.0
233.0,6.0
232.0,11.0
245.0,6.0
235.0,2.0
233.0,4.0
249.0,7.0
223.0,4.0
233.0,6.0
223.0,12.0
209.0,6.0
211.0,7.0
203.0,2.0
185.0,7.0
139.0,4.0
143.0,2.0
148.0,0.0
105.0,2.0
114.0,3.0
92.0,2.0
82.0,0.0
88.0,2.0
38.0,2.0
52.0,4.0
