40.0,4.0
22.0,1.0
26.0,0.0
32.0,1.0
21.0,2.0
20.0,2.0
19.0,1.0
19.0,5.0
26.0,2.0
19.0,0.0
8.0,3.0
14.0,0.0
11.0,0.0
6.0,0.0
11.0,1.0
7.0,1.0
6.0,0.0
12.0,1.0
5.0,0.0
9.0,0.0
2.0,0.0
6.0,0.0
2.0,1.0
4.0,1.0
6.0,1.0
5.0,1.0
2.0,1.0
3.0,0.0
6.0,0.0
6.0,1.0
5.0,1.0
2.0,1.0
5.0,2.0
7.0,0.0
3.0,0.0
6.0,3.0
2.0,11.0
6.0,14.0
13.0,10.0
40.0,6.0
68.0,4.0
85.0,7.0
108.0,15.0
131.0,42.0
152.0,91.0
149.0,167.0
140.0,216.0
161.0,253.0
171.0,270.0
151.0,369.0
196.0,383.0
176.0,366.0
165.0,310.0
199.0,215.0
299.0,131.0
266.0,114.0
262.0,118.0
192.0,153.0
173.0,139.0
139.0,48.0
123.0,34.0
144.0,38.0
134.0,12.0
117.0,16.0
92.0,15.0
124.0,9.0
101.0,25.0
89.0,36.0
98.0,59.0
91.0,96.0
107.0,56.0
99.0,41.0
137.0,35.0
130.0,46.0
123.0,33.0
137.0,35.0
141.0,57.0
122.0,62.0
133.0,80.0
117.0,59.0
111.0,103.0
126.0,128.0
133.0,64.0
134.0,54.0
125.0,55.0
120.0,70.0
106.0,53.0
138.0,11.0
131.0,18.0
135.0,12.0
137.0,11.0
124.0,14.0
135.0,46.0
139.0,85.0
116.0,54.0
115.0,34.0
151.0,13.0
166.0,18.0
153.0,53.0
168.0,46.0
188.0,121.0
237.0,183.0
215.0,266.0
189.0,237.0
231.0,263.0
205.0,299.0
192.0,279.0
219.0,321.0
219.0,323.0
243.0,310.0
244.0,264.0
242.0,177.0
260.0,86.0
233.0,46.0
243.0,34.0
219.0,33.0
185.0,35.0
209.0,18.0
187.0,14.0
198.0,9.0
216.0,11.0
200.0,9.0
198.0,7.0
191.0,8.0
202.0,4.0
221.0,13.0
253.0,14.0
254.0,7.0
211.0,2.0
196.0,5.0
178.0,6.0
149.0,7.0
184.0,3.0
133.0,2.0
107.0,4.0
121.0,4.0
105.0,9.0
73.0,2.0
97.0,6.0
58.0,1.0
49.0,1.0
53.0,3.0
36.0,3.0
52.0,1.0
