49.0,0.0
53.0,2.0
35.0,0.0
23.0,1.0
35.0,3.0
29.0,2.0
30.0,1.0
20.0,1.0
15.0,0.0
20.0,3.0
16.0,1.0
15.0,1.0
16.0,0.0
15.0,1.0
5.0,0.0
4.0,2.0
5.0,1.0
9.0,0.0
4.0,1.0
6.0,2.0
5.0,0.0
4.0,0.0
8.0,0.0
5.0,0.0
6.0,0.0
4.0,1.0
4.0,0.0
3.0,1.0
10.0,2.0
5.0,1.0
2.0,0.0
1.0,0.0
2.0,1.0
5.0,0.0
1.0,3.0
3.0,7.0
6.0,7.0
7.0,7.0
8.0,7.0
16.0,1.0
25.0,0.0
26.0,2.0
27.0,2.0
32.0,2.0
50.0,3.0
41.0,5.0
54.0,1.0
56.0,7.0
84.0,2.0
92.0,5.0
91.0,6.0
98.0,10.0
105.0,11.0
91.0,1.0
91.0,6.0
103.0,3.0
103.0,14.0
98.0,53.0
84.0,52.0
88.0,52.0
98.0,18.0
90.0,49.0
93.0,40.0
78.0,45.0
110.0,87.0
92.0,55.0
102.0,78.0
91.0,42.0
108.0,54.0
94.0,51.0
106.0,47.0
103.0,38.0
101.0,17.0
106.0,27.0
117.0,26.0
124.0,27.0
125.0,58.0
112.0,60.0
112.0,72.0
108.0,80.0
114.0,96.0
108.0,119.0
137.0,159.0
114.0,80.0
110.0,77.0
108.0,70.0
112.0,60.0
115.0,28.0
117.0,34.0
130.0,19.0
109.0,12.0
104.0,5.0
133.0,12.0
106.0,8.0
105.0,1.0
115.0,1.0
128.0,1.0
118.0,1.0
141.0,5.0
142.0,5.0
148.0,6.0
159.0,4.0
160.0,5.0
188.0,2.0
179.0,4.0
180.0,9.0
170.0,11.0
153.0,4.0
156.0,6.0
142.0,5.0
119.0,5.0
152.0,7.0
120.0,1.0
119.0,8.0
122.0,5.0
116.0,4.0
120.0,5.0
110.0,7.0
125.0,1.0
110.0,3.0
121.0,9.0
134.0,1.0
98.0,1.0
113.0,4.0
110.0,6.0
112.0,1.0
120.0,2.0
115.0,3.0
122.0,6.0
119.0,10.0
95.0,3.0
125.0,5.0
129.0,2.0
99.0,6.0
67.0,2.0
77.0,1.0
66.0,1.0
84.0,3.0
71.0,3.0
50.0,3.0
57.0,4.0
55.0,3.0
62.0,7.0
26.0,2.0
