35.0,10.0
28.0,9.0
29.0,24.0
40.0,23.0
28.0,18.0
20.0,4.0
29.0,1.0
26.0,4.0
29.0,5.0
16.0,3.0
16.0,1.0
11.0,4.0
12.0,4.0
22.0,1.0
10.0,1.0
8.0,1.0
6.0,3.0
6.0,2.0
5.0,3.0
6.0,1.0
6.0,5.0
2.0,3.0
1.0,4.0
3.0,1.0
5.0,5.0
3.0,3.0
2.0,1.0
3.0,2.0
1.0,5.0
0.0,1.0
3.0,2.0
2.0,2.0
3.0,1.0
3.0,3.0
4.0,1.0
3.0,4.0
3.0,2.0
1.0,2.0
5.0,0.0
4.0,5.0
1.0,4.0
9.0,5.0
14.0,4.0
15.0,3.0
33.0,8.0
33.0,11.0
36.0,12.0
40.0,5.0
39.0,7.0
50.0,7.0
34.0,5.0
50.0,13.0
40.0,5.0
40.0,6.0
45.0,5.0
29.0,11.0
30.0,4.0
22.0,6.0
26.0,2.0
30.0,7.0
27.0,19.0
25.0,11.0
33.0,6.0
41.0,6.0
38.0,18.0
40.0,7.0
32.0,5.0
33.0,7.0
31.0,11.0
37.0,4.0
45.0,10.0
52.0,15.0
51.0,15.0
59.0,7.0
68.0,8.0
56.0,10.0
41.0,19.0
50.0,19.0
49.0,23.0
29.0,13.0
63.0,15.0
59.0,12.0
50.0,12.0
42.0,7.0
68.0,16.0
52.0,16.0
48.0,13.0
50.0,15.0
55.0,13.0
63.0,15.0
56.0,9.0
52.0,14.0
65.0,13.0
62.0,17.0
68.0,11.0
70.0,12.0
80.0,14.0
85.0,23.0
64.0,14.0
75.0,8.0
79.0,10.0
90.0,7.0
77.0,13.0
73.0,7.0
82.0,16.0
81.0,9.0
73.0,5.0
62.0,11.0
57.0,4.0
58.0,6.0
66.0,4.0
76.0,14.0
62.0,8.0
74.0,5.0
55.0,6.0
65.0,9.0
63.0,7.0
62.0,4.0
52.0,4.0
35.0,6.0
61.0,12.0
57.0,11.0
50.0,10.0
56.0,7.0
66.0,6.0
56.0,3.0
58.0,3.0
60.0,6.0
51.0,0.0
52.0,1.0
66.0,4.0
46.0,1.0
28.0,4.0
35.0,2.0
37.0,3.0
53.0,4.0
37.0,2.0
28.0,0.0
36.0,3.0
31.0,1.0
27.0,1.0
30.0,2.0
27.0,12.0
25.0,22.0
