47.0,5.0
17.0,0.0
25.0,1.0
21.0,1.0
29.0,1.0
16.0,1.0
14.0,1.0
16.0,0.0
21.0,1.0
11.0,0.0
17.0,1.0
5.0,0.0
7.0,0.0
9.0,0.0
10.0,1.0
7.0,0.0
5.0,0.0
6.0,3.0
10.0,0.0
5.0,0.0
4.0,1.0
6.0,0.0
1.0,0.0
2.0,0.0
1.0,0.0
1.0,0.0
7.0,1.0
3.0,3.0
1.0,2.0
5.0,2.0
4.0,1.0
1.0,0.0
3.0,1.0
8.0,4.0
2.0,4.0
4.0,3.0
7.0,5.0
5.0,8.0
7.0,4.0
25.0,1.0
35.0,1.0
50.0,3.0
94.0,2.0
110.0,4.0
165.0,5.0
245.0,33.0
236.0,154.0
208.0,248.0
194.0,267.0
222.0,270.0
273.0,187.0
260.0,158.0
213.0,130.0
215.0,90.0
215.0,95.0
218.0,55.0
181.0,71.0
134.0,62.0
139.0,66.0
113.0,38.0
106.0,10.0
86.0,20.0
82.0,15.0
92.0,14.0
92.0,12.0
93.0,28.0
96.0,30.0
82.0,34.0
82.0,32.0
101.0,28.0
90.0,23.0
99.0,29.0
115.0,9.0
98.0,8.0
106.0,7.0
91.0,5.0
107.0,15.0
105.0,38.0
113.0,43.0
116.0,39.0
92.0,37.0
91.0,20.0
106.0,21.0
103.0,38.0
95.0,27.0
100.0,25.0
89.0,6.0
95.0,4.0
90.0,7.0
90.0,10.0
98.0,31.0
101.0,14.0
86.0,29.0
108.0,4.0
98.0,5.0
123.0,1.0
86.0,4.0
119.0,4.0
108.0,4.0
114.0,4.0
143.0,1.0
143.0,8.0
216.0,6.0
176.0,9.0
210.0,7.0
327.0,28.0
305.0,105.0
279.0,92.0
277.0,149.0
238.0,104.0
211.0,56.0
209.0,33.0
170.0,7.0
177.0,4.0
156.0,5.0
144.0,6.0
127.0,3.0
121.0,5.0
112.0,4.0
137.0,3.0
180.0,7.0
164.0,5.0
169.0,7.0
149.0,7.0
141.0,3.0
140.0,11.0
178.0,3.0
156.0,6.0
132.0,5.0
152.0,5.0
129.0,7.0
114.0,1.0
99.0,8.0
111.0,1.0
105.0,7.0
101.0,4.0
96.0,4.0
74.0,0.0
67.0,4.0
56.0,3.0
49.0,1.0
46.0,3.0
43.0,1.0
52.0,3.0
