87.0,9.0
57.0,5.0
47.0,2.0
47.0,14.0
46.0,3.0
39.0,6.0
44.0,3.0
32.0,7.0
30.0,6.0
37.0,3.0
31.0,8.0
28.0,1.0
27.0,5.0
26.0,3.0
22.0,2.0
25.0,1.0
33.0,2.0
18.0,9.0
18.0,0.0
20.0,3.0
15.0,0.0
8.0,2.0
8.0,2.0
13.0,1.0
13.0,0.0
15.0,4.0
16.0,0.0
13.0,2.0
19.0,4.0
11.0,2.0
16.0,0.0
22.0,2.0
16.0,2.0
10.0,1.0
21.0,4.0
26.0,3.0
21.0,1.0
18.0,5.0
33.0,16.0
40.0,1.0
59.0,1.0
83.0,2.0
127.0,2.0
191.0,5.0
234.0,12.0
250.0,34.0
228.0,91.0
240.0,161.0
240.0,318.0
227.0,233.0
297.0,184.0
291.0,94.0
276.0,70.0
269.0,12.0
226.0,5.0
212.0,3.0
221.0,4.0
197.0,9.0
188.0,6.0
209.0,8.0
201.0,7.0
191.0,3.0
195.0,8.0
183.0,6.0
180.0,7.0
211.0,7.0
193.0,3.0
183.0,5.0
213.0,6.0
215.0,8.0
218.0,6.0
221.0,4.0
211.0,7.0
240.0,5.0
225.0,5.0
232.0,10.0
206.0,2.0
256.0,26.0
269.0,54.0
276.0,131.0
258.0,120.0
265.0,140.0
259.0,130.0
236.0,142.0
240.0,135.0
269.0,148.0
242.0,177.0
264.0,145.0
260.0,154.0
278.0,156.0
244.0,177.0
233.0,181.0
228.0,213.0
239.0,226.0
209.0,222.0
251.0,285.0
370.0,193.0
311.0,230.0
292.0,326.0
282.0,223.0
285.0,200.0
354.0,225.0
349.0,371.0
322.0,331.0
295.0,392.0
344.0,420.0
333.0,365.0
294.0,302.0
307.0,287.0
295.0,191.0
311.0,152.0
310.0,61.0
298.0,17.0
300.0,5.0
267.0,29.0
223.0,20.0
242.0,50.0
233.0,111.0
202.0,64.0
233.0,99.0
250.0,27.0
259.0,36.0
210.0,44.0
227.0,45.0
218.0,73.0
230.0,119.0
200.0,108.0
204.0,107.0
223.0,113.0
210.0,158.0
178.0,139.0
167.0,81.0
182.0,126.0
144.0,42.0
150.0,16.0
144.0,10.0
97.0,13.0
104.0,8.0
90.0,10.0
70.0,7.0
79.0,9.0
67.0,5.0
70.0,7.0
58.0,12.0
