110.0,3.0
85.0,2.0
68.0,3.0
84.0,2.0
73.0,4.0
60.0,1.0
62.0,4.0
59.0,4.0
46.0,3.0
59.0,5.0
34.0,4.0
33.0,3.0
32.0,3.0
45.0,4.0
23.0,7.0
17.0,10.0
14.0,9.0
23.0,14.0
18.0,9.0
21.0,4.0
10.0,1.0
19.0,5.0
6.0,5.0
10.0,4.0
7.0,3.0
1.0,2.0
9.0,2.0
7.0,5.0
6.0,2.0
13.0,7.0
6.0,8.0
11.0,6.0
14.0,7.0
11.0,6.0
9.0,3.0
10.0,7.0
10.0,18.0
9.0,28.0
5.0,15.0
32.0,4.0
35.0,2.0
43.0,2.0
61.0,2.0
60.0,3.0
89.0,5.0
96.0,6.0
105.0,7.0
122.0,3.0
145.0,12.0
138.0,3.0
132.0,6.0
152.0,6.0
146.0,7.0
148.0,5.0
167.0,3.0
155.0,9.0
159.0,7.0
143.0,31.0
177.0,53.0
180.0,62.0
222.0,17.0
187.0,27.0
204.0,27.0
193.0,36.0
224.0,39.0
214.0,31.0
195.0,50.0
178.0,24.0
218.0,29.0
217.0,36.0
213.0,28.0
213.0,22.0
225.0,20.0
202.0,11.0
214.0,14.0
206.0,15.0
264.0,22.0
208.0,6.0
253.0,66.0
240.0,79.0
258.0,60.0
248.0,77.0
252.0,60.0
264.0,68.0
252.0,46.0
253.0,58.0
274.0,36.0
232.0,23.0
224.0,13.0
227.0,10.0
215.0,6.0
211.0,9.0
226.0,14.0
250.0,6.0
253.0,8.0
236.0,6.0
219.0,9.0
231.0,7.0
237.0,6.0
264.0,13.0
263.0,7.0
312.0,5.0
282.0,7.0
296.0,9.0
272.0,11.0
333.0,10.0
288.0,10.0
288.0,6.0
275.0,15.0
245.0,10.0
267.0,6.0
292.0,8.0
265.0,10.0
262.0,8.0
257.0,10.0
258.0,10.0
257.0,5.0
251.0,5.0
257.0,6.0
255.0,14.0
280.0,8.0
237.0,8.0
261.0,9.0
255.0,8.0
276.0,12.0
259.0,6.0
311.0,8.0
260.0,5.0
236.0,6.0
237.0,10.0
248.0,16.0
231.0,3.0
247.0,5.0
216.0,6.0
196.0,3.0
173.0,4.0
141.0,3.0
147.0,9.0
115.0,4.0
128.0,8.0
112.0,6.0
102.0,5.0
90.0,3.0
89.0,5.0
