28.0,0.0
20.0,0.0
9.0,2.0
17.0,1.0
19.0,2.0
13.0,0.0
8.0,0.0
16.0,0.0
11.0,0.0
16.0,3.0
13.0,0.0
13.0,3.0
10.0,0.0
12.0,1.0
2.0,1.0
9.0,0.0
3.0,0.0
10.0,0.0
4.0,1.0
11.0,5.0
1.0,0.0
4.0,0.0
3.0,0.0
4.0,0.0
3.0,0.0
3.0,1.0
6.0,2.0
3.0,2.0
0.0,0.0
3.0,2.0
1.0,0.0
2.0,0.0
4.0,0.0
4.0,0.0
7.0,0.0
5.0,5.0
7.0,9.0
5.0,6.0
11.0,6.0
39.0,1.0
36.0,1.0
58.0,1.0
82.0,2.0
93.0,1.0
104.0,2.0
161.0,7.0
171.0,58.0
175.0,260.0
169.0,235.0
158.0,163.0
159.0,98.0
180.0,106.0
155.0,115.0
158.0,51.0
161.0,10.0
157.0,7.0
118.0,9.0
100.0,13.0
97.0,23.0
77.0,18.0
77.0,5.0
61.0,7.0
73.0,3.0
68.0,0.0
66.0,17.0
70.0,24.0
52.0,19.0
51.0,4.0
44.0,2.0
52.0,15.0
59.0,16.0
55.0,4.0
67.0,4.0
67.0,8.0
67.0,5.0
50.0,19.0
61.0,30.0
54.0,14.0
71.0,30.0
50.0,68.0
71.0,59.0
65.0,22.0
64.0,11.0
43.0,29.0
52.0,23.0
57.0,20.0
62.0,37.0
56.0,12.0
61.0,4.0
71.0,16.0
61.0,18.0
42.0,39.0
57.0,30.0
59.0,2.0
58.0,2.0
57.0,0.0
57.0,0.0
55.0,2.0
53.0,2.0
65.0,1.0
61.0,6.0
71.0,1.0
78.0,1.0
81.0,3.0
71.0,2.0
88.0,4.0
89.0,1.0
75.0,4.0
79.0,3.0
76.0,4.0
81.0,3.0
82.0,4.0
85.0,0.0
88.0,2.0
77.0,1.0
75.0,2.0
73.0,1.0
71.0,4.0
59.0,0.0
59.0,3.0
74.0,6.0
75.0,1.0
74.0,3.0
97.0,6.0
81.0,3.0
63.0,2.0
76.0,4.0
76.0,3.0
65.0,0.0
60.0,3.0
51.0,3.0
65.0,1.0
47.0,1.0
52.0,1.0
39.0,2.0
47.0,0.0
38.0,1.0
44.0,1.0
27.0,0.0
33.0,1.0
24.0,0.0
25.0,2.0
32.0,2.0
23.0,3.0
