31.0,1.0
30.0,1.0
19.0,2.0
28.0,1.0
20.0,0.0
15.0,1.0
14.0,2.0
18.0,6.0
11.0,8.0
12.0,5.0
12.0,1.0
9.0,0.0
6.0,1.0
10.0,1.0
6.0,2.0
3.0,3.0
3.0,0.0
3.0,0.0
5.0,0.0
5.0,1.0
5.0,2.0
2.0,2.0
3.0,4.0
1.0,0.0
1.0,3.0
0.0,0.0
0.0,0.0
1.0,0.0
0.0,0.0
0.0,0.0
1.0,2.0
1.0,0.0
3.0,0.0
0.0,1.0
1.0,1.0
1.0,3.0
3.0,1.0
1.0,0.0
1.0,4.0
2.0,4.0
8.0,2.0
7.0,1.0
6.0,3.0
15.0,2.0
10.0,0.0
14.0,0.0
27.0,0.0
27.0,0.0
34.0,0.0
35.0,1.0
36.0,1.0
49.0,0.0
47.0,0.0
33.0,0.0
27.0,0.0
44.0,1.0
21.0,0.0
30.0,0.0
33.0,1.0
27.0,0.0
39.0,1.0
43.0,0.0
35.0,0.0
44.0,0.0
42.0,0.0
36.0,1.0
32.0,0.0
35.0,1.0
44.0,1.0
42.0,0.0
40.0,2.0
42.0,1.0
41.0,2.0
35.0,0.0
35.0,1.0
33.0,0.0
44.0,0.0
47.0,4.0
42.0,1.0
37.0,0.0
40.0,1.0
37.0,1.0
45.0,4.0
49.0,2.0
46.0,4.0
30.0,1.0
36.0,1.0
41.0,4.0
49.0,3.0
43.0,1.0
41.0,0.0
40.0,0.0
39.0,0.0
48.0,2.0
40.0,1.0
43.0,0.0
39.0,0.0
47.0,0.0
57.0,0.0
44.0,2.0
41.0,1.0
48.0,1.0
46.0,3.0
57.0,0.0
60.0,1.0
39.0,0.0
50.0,0.0
55.0,2.0
51.0,1.0
54.0,2.0
66.0,3.0
60.0,1.0
47.0,0.0
51.0,3.0
49.0,1.0
38.0,0.0
44.0,0.0
30.0,0.0
48.0,3.0
30.0,5.0
42.0,2.0
28.0,0.0
35.0,3.0
34.0,0.0
39.0,0.0
30.0,1.0
32.0,0.0
43.0,0.0
34.0,0.0
20.0,1.0
28.0,1.0
22.0,1.0
26.0,1.0
21.0,0.0
31.0,0.0
28.0,0.0
27.0,0.0
27.0,1.0
16.0,1.0
29.0,0.0
15.0,0.0
22.0,2.0
31.0,1.0
14.0,0.0
