30.0,10.0
37.0,9.0
28.0,1.0
30.0,1.0
26.0,4.0
24.0,3.0
20.0,0.0
21.0,2.0
15.0,4.0
13.0,1.0
12.0,1.0
8.0,3.0
12.0,5.0
10.0,1.0
10.0,3.0
10.0,2.0
4.0,2.0
4.0,1.0
3.0,1.0
6.0,0.0
3.0,0.0
2.0,0.0
3.0,0.0
7.0,0.0
3.0,0.0
2.0,2.0
2.0,1.0
3.0,0.0
3.0,1.0
2.0,1.0
4.0,3.0
5.0,3.0
6.0,7.0
5.0,5.0
3.0,3.0
1.0,4.0
6.0,7.0
4.0,22.0
5.0,14.0
53.0,2.0
47.0,3.0
59.0,1.0
113.0,3.0
171.0,8.0
215.0,105.0
228.0,428.0
192.0,504.0
231.0,450.0
239.0,294.0
238.0,254.0
292.0,202.0
301.0,152.0
259.0,176.0
272.0,165.0
277.0,121.0
253.0,128.0
219.0,79.0
148.0,73.0
168.0,72.0
150.0,46.0
120.0,22.0
114.0,5.0
94.0,5.0
77.0,8.0
98.0,8.0
108.0,4.0
93.0,13.0
122.0,28.0
109.0,29.0
108.0,67.0
113.0,43.0
121.0,11.0
121.0,12.0
111.0,15.0
118.0,15.0
128.0,32.0
93.0,19.0
117.0,22.0
119.0,27.0
103.0,21.0
111.0,38.0
119.0,32.0
99.0,16.0
102.0,6.0
95.0,9.0
93.0,7.0
95.0,4.0
79.0,3.0
88.0,3.0
100.0,4.0
91.0,1.0
102.0,7.0
94.0,3.0
82.0,4.0
98.0,8.0
80.0,3.0
127.0,5.0
116.0,5.0
113.0,2.0
142.0,3.0
136.0,5.0
186.0,7.0
262.0,11.0
205.0,6.0
240.0,9.0
372.0,53.0
288.0,111.0
295.0,103.0
306.0,143.0
304.0,82.0
247.0,90.0
216.0,29.0
191.0,4.0
180.0,5.0
175.0,6.0
170.0,10.0
126.0,3.0
138.0,5.0
111.0,2.0
142.0,5.0
202.0,3.0
191.0,7.0
181.0,11.0
217.0,5.0
158.0,6.0
155.0,2.0
223.0,10.0
172.0,7.0
134.0,7.0
120.0,4.0
122.0,4.0
97.0,5.0
105.0,6.0
81.0,4.0
99.0,1.0
64.0,0.0
66.0,3.0
64.0,6.0
52.0,5.0
37.0,0.0
36.0,4.0
48.0,2.0
28.0,4.0
26.0,0.0
