21.0,3.0
18.0,3.0
18.0,3.0
11.0,2.0
10.0,2.0
23.0,0.0
8.0,0.0
14.0,2.0
11.0,2.0
12.0,1.0
14.0,2.0
14.0,1.0
7.0,1.0
14.0,2.0
8.0,8.0
2.0,5.0
6.0,2.0
6.0,0.0
4.0,1.0
5.0,1.0
3.0,0.0
5.0,0.0
2.0,2.0
0.0,0.0
7.0,0.0
4.0,2.0
1.0,0.0
2.0,2.0
2.0,0.0
1.0,1.0
2.0,0.0
6.0,1.0
1.0,1.0
3.0,2.0
6.0,2.0
5.0,2.0
4.0,6.0
5.0,4.0
3.0,5.0
10.0,1.0
14.0,2.0
16.0,1.0
28.0,5.0
32.0,3.0
45.0,4.0
46.0,11.0
45.0,1.0
54.0,2.0
42.0,3.0
59.0,6.0
62.0,2.0
80.0,9.0
57.0,2.0
74.0,9.0
65.0,9.0
76.0,1.0
86.0,8.0
84.0,18.0
93.0,11.0
84.0,13.0
88.0,4.0
72.0,7.0
88.0,5.0
72.0,4.0
91.0,13.0
85.0,12.0
81.0,12.0
84.0,8.0
77.0,6.0
102.0,7.0
85.0,7.0
91.0,5.0
78.0,7.0
64.0,6.0
89.0,6.0
76.0,2.0
84.0,5.0
111.0,7.0
95.0,4.0
119.0,11.0
130.0,8.0
117.0,9.0
113.0,5.0
113.0,11.0
110.0,12.0
94.0,14.0
111.0,10.0
99.0,5.0
82.0,19.0
87.0,7.0
76.0,13.0
88.0,25.0
87.0,28.0
88.0,10.0
100.0,12.0
89.0,14.0
115.0,16.0
90.0,28.0
94.0,29.0
97.0,54.0
118.0,47.0
114.0,63.0
129.0,125.0
123.0,116.0
116.0,80.0
147.0,39.0
161.0,31.0
137.0,16.0
105.0,5.0
89.0,3.0
87.0,6.0
69.0,2.0
67.0,3.0
93.0,3.0
57.0,1.0
63.0,1.0
87.0,6.0
86.0,7.0
85.0,5.0
66.0,12.0
90.0,2.0
74.0,2.0
71.0,14.0
60.0,9.0
62.0,1.0
67.0,5.0
52.0,2.0
62.0,2.0
51.0,0.0
65.0,2.0
54.0,1.0
41.0,1.0
34.0,1.0
31.0,1.0
32.0,2.0
33.0,4.0
29.0,0.0
37.0,3.0
37.0,3.0
17.0,7.0
35.0,9.0
27.0,3.0
37.0,1.0
20.0,0.0
