108.0,10.0
124.0,3.0
97.0,6.0
102.0,6.0
84.0,2.0
77.0,2.0
87.0,12.0
91.0,16.0
74.0,5.0
74.0,12.0
61.0,7.0
68.0,1.0
55.0,4.0
52.0,3.0
58.0,2.0
53.0,3.0
42.0,3.0
34.0,6.0
55.0,9.0
44.0,4.0
29.0,0.0
28.0,3.0
22.0,3.0
24.0,1.0
16.0,0.0
24.0,0.0
29.0,1.0
20.0,5.0
27.0,5.0
14.0,3.0
17.0,2.0
18.0,3.0
36.0,6.0
21.0,2.0
22.0,6.0
19.0,7.0
17.0,2.0
29.0,11.0
23.0,24.0
88.0,3.0
116.0,5.0
163.0,5.0
211.0,1.0
281.0,52.0
292.0,167.0
260.0,508.0
268.0,611.0
250.0,730.0
257.0,883.0
275.0,870.0
295.0,783.0
327.0,674.0
323.0,314.0
320.0,119.0
429.0,65.0
399.0,61.0
362.0,128.0
271.0,270.0
230.0,227.0
299.0,185.0
258.0,103.0
250.0,67.0
249.0,64.0
274.0,104.0
249.0,97.0
281.0,42.0
245.0,27.0
250.0,25.0
248.0,31.0
248.0,77.0
250.0,84.0
213.0,146.0
243.0,68.0
244.0,96.0
240.0,173.0
217.0,132.0
282.0,113.0
262.0,92.0
251.0,162.0
238.0,155.0
257.0,189.0
232.0,159.0
256.0,146.0
234.0,143.0
274.0,151.0
258.0,150.0
248.0,119.0
277.0,96.0
279.0,109.0
303.0,120.0
300.0,139.0
279.0,209.0
219.0,222.0
267.0,164.0
253.0,144.0
258.0,173.0
333.0,16.0
351.0,50.0
330.0,49.0
369.0,51.0
342.0,88.0
382.0,62.0
419.0,99.0
420.0,134.0
397.0,157.0
390.0,334.0
381.0,303.0
401.0,325.0
390.0,291.0
422.0,237.0
452.0,185.0
485.0,80.0
394.0,30.0
402.0,15.0
393.0,33.0
363.0,48.0
330.0,42.0
310.0,30.0
329.0,29.0
347.0,60.0
349.0,15.0
389.0,17.0
350.0,33.0
334.0,24.0
315.0,35.0
338.0,47.0
323.0,55.0
320.0,95.0
351.0,91.0
322.0,82.0
317.0,134.0
321.0,101.0
312.0,75.0
297.0,89.0
263.0,31.0
229.0,20.0
205.0,10.0
165.0,7.0
136.0,6.0
166.0,4.0
137.0,8.0
122.0,7.0
123.0,4.0
119.0,6.0
