159.0,118.0
137.0,105.0
118.0,104.0
122.0,80.0
105.0,81.0
100.0,115.0
76.0,99.0
76.0,71.0
70.0,57.0
69.0,56.0
76.0,22.0
70.0,41.0
69.0,24.0
65.0,8.0
64.0,13.0
49.0,32.0
55.0,34.0
45.0,39.0
36.0,22.0
36.0,12.0
35.0,26.0
27.0,16.0
31.0,13.0
30.0,6.0
31.0,11.0
31.0,7.0
29.0,4.0
31.0,8.0
34.0,3.0
22.0,1.0
28.0,6.0
20.0,3.0
21.0,1.0
25.0,2.0
11.0,2.0
22.0,1.0
20.0,1.0
29.0,7.0
31.0,16.0
55.0,3.0
56.0,4.0
115.0,4.0
156.0,5.0
213.0,5.0
246.0,4.0
314.0,8.0
335.0,7.0
412.0,27.0
433.0,59.0
478.0,48.0
454.0,21.0
488.0,32.0
393.0,17.0
359.0,7.0
355.0,6.0
396.0,8.0
338.0,12.0
327.0,5.0
315.0,3.0
331.0,8.0
336.0,2.0
286.0,5.0
323.0,8.0
353.0,12.0
366.0,4.0
354.0,7.0
352.0,3.0
354.0,7.0
358.0,12.0
376.0,12.0
367.0,15.0
382.0,11.0
382.0,7.0
304.0,11.0
323.0,6.0
333.0,9.0
329.0,6.0
332.0,9.0
365.0,7.0
417.0,16.0
405.0,14.0
434.0,8.0
438.0,13.0
419.0,10.0
424.0,13.0
430.0,10.0
434.0,6.0
481.0,12.0
499.0,8.0
476.0,19.0
500.0,19.0
550.0,49.0
510.0,244.0
542.0,26.0
523.0,12.0
527.0,19.0
513.0,13.0
542.0,18.0
598.0,28.0
653.0,70.0
643.0,47.0
668.0,76.0
683.0,340.0
554.0,583.0
580.0,694.0
527.0,1065.0
473.0,704.0
571.0,573.0
597.0,665.0
630.0,430.0
598.0,193.0
571.0,26.0
535.0,19.0
445.0,26.0
449.0,14.0
487.0,15.0
492.0,30.0
451.0,9.0
484.0,20.0
493.0,33.0
537.0,17.0
533.0,23.0
574.0,27.0
573.0,34.0
605.0,96.0
579.0,270.0
553.0,296.0
521.0,458.0
468.0,517.0
488.0,526.0
448.0,563.0
442.0,402.0
469.0,387.0
411.0,364.0
395.0,199.0
380.0,173.0
352.0,54.0
304.0,25.0
241.0,23.0
286.0,46.0
244.0,65.0
218.0,63.0
201.0,30.0
171.0,36.0
