104.0,6.0
174.0,56.0
153.0,97.0
164.0,136.0
134.0,95.0
132.0,25.0
120.0,8.0
95.0,2.0
72.0,0.0
82.0,5.0
54.0,7.0
40.0,5.0
34.0,3.0
40.0,2.0
36.0,0.0
33.0,0.0
33.0,0.0
22.0,3.0
20.0,3.0
20.0,9.0
27.0,8.0
17.0,12.0
11.0,7.0
16.0,3.0
17.0,6.0
11.0,5.0
13.0,4.0
14.0,7.0
12.0,15.0
7.0,12.0
10.0,6.0
4.0,16.0
4.0,34.0
8.0,50.0
7.0,62.0
5.0,73.0
4.0,119.0
7.0,135.0
17.0,142.0
14.0,152.0
25.0,179.0
23.0,173.0
23.0,241.0
49.0,238.0
40.0,211.0
48.0,259.0
62.0,295.0
47.0,303.0
57.0,258.0
65.0,166.0
88.0,148.0
86.0,184.0
78.0,122.0
84.0,82.0
97.0,67.0
92.0,154.0
112.0,174.0
81.0,134.0
71.0,98.0
77.0,130.0
84.0,200.0
65.0,155.0
76.0,181.0
68.0,197.0
64.0,221.0
69.0,205.0
74.0,245.0
77.0,233.0
85.0,259.0
100.0,192.0
66.0,193.0
73.0,206.0
76.0,216.0
97.0,145.0
85.0,129.0
89.0,157.0
77.0,188.0
99.0,172.0
97.0,141.0
85.0,125.0
75.0,151.0
88.0,168.0
88.0,152.0
84.0,143.0
86.0,154.0
101.0,129.0
106.0,113.0
78.0,121.0
92.0,145.0
87.0,129.0
88.0,152.0
80.0,141.0
104.0,95.0
177.0,9.0
153.0,8.0
131.0,4.0
162.0,12.0
98.0,8.0
159.0,11.0
181.0,19.0
177.0,8.0
149.0,13.0
167.0,8.0
174.0,15.0
183.0,14.0
185.0,25.0
170.0,8.0
167.0,13.0
166.0,7.0
161.0,2.0
152.0,11.0
138.0,2.0
122.0,5.0
130.0,7.0
127.0,6.0
113.0,4.0
131.0,6.0
135.0,6.0
113.0,2.0
118.0,5.0
116.0,4.0
120.0,7.0
140.0,2.0
145.0,4.0
139.0,4.0
118.0,15.0
142.0,2.0
148.0,4.0
129.0,4.0
125.0,3.0
119.0,5.0
141.0,2.0
117.0,6.0
99.0,3.0
103.0,3.0
95.0,2.0
57.0,1.0
77.0,6.0
66.0,0.0
47.0,3.0
43.0,2.0
70.0,2.0
42.0,5.0
34.0,3.0
