16.0,1.0
18.0,5.0
19.0,7.0
15.0,2.0
9.0,6.0
17.0,3.0
11.0,1.0
8.0,4.0
7.0,0.0
8.0,5.0
6.0,1.0
4.0,0.0
2.0,0.0
4.0,0.0
4.0,0.0
4.0,2.0
3.0,10.0
2.0,2.0
3.0,4.0
1.0,0.0
2.0,0.0
1.0,0.0
3.0,2.0
1.0,2.0
1.0,2.0
3.0,1.0
1.0,0.0
1.0,1.0
6.0,6.0
4.0,2.0
3.0,5.0
2.0,2.0
2.0,5.0
4.0,7.0
4.0,5.0
2.0,6.0
4.0,16.0
9.0,23.0
8.0,16.0
39.0,1.0
38.0,3.0
47.0,18.0
79.0,44.0
81.0,108.0
92.0,172.0
92.0,99.0
78.0,150.0
98.0,201.0
124.0,248.0
112.0,227.0
144.0,229.0
172.0,216.0
165.0,119.0
179.0,52.0
169.0,6.0
128.0,6.0
122.0,6.0
97.0,3.0
93.0,2.0
84.0,6.0
73.0,2.0
70.0,0.0
93.0,3.0
89.0,2.0
75.0,5.0
79.0,0.0
75.0,0.0
66.0,0.0
83.0,2.0
61.0,4.0
72.0,2.0
59.0,2.0
77.0,1.0
68.0,3.0
74.0,1.0
74.0,10.0
68.0,1.0
80.0,6.0
73.0,5.0
70.0,6.0
69.0,7.0
74.0,5.0
74.0,23.0
73.0,13.0
70.0,4.0
78.0,11.0
62.0,14.0
77.0,24.0
51.0,19.0
70.0,20.0
58.0,12.0
64.0,22.0
78.0,37.0
82.0,2.0
71.0,2.0
68.0,2.0
71.0,2.0
71.0,3.0
89.0,1.0
77.0,1.0
86.0,1.0
115.0,7.0
138.0,23.0
102.0,27.0
115.0,44.0
123.0,59.0
97.0,12.0
97.0,14.0
100.0,5.0
93.0,5.0
73.0,2.0
85.0,1.0
75.0,3.0
81.0,4.0
78.0,3.0
76.0,2.0
59.0,3.0
51.0,1.0
55.0,0.0
68.0,2.0
64.0,1.0
65.0,4.0
62.0,0.0
53.0,3.0
42.0,1.0
65.0,2.0
62.0,3.0
68.0,7.0
67.0,1.0
56.0,3.0
63.0,4.0
63.0,5.0
38.0,3.0
36.0,1.0
47.0,3.0
38.0,1.0
26.0,4.0
31.0,1.0
26.0,0.0
19.0,2.0
21.0,1.0
14.0,1.0
18.0,2.0
10.0,5.0
