35.0,6.0
22.0,12.0
20.0,3.0
12.0,0.0
12.0,0.0
10.0,1.0
9.0,3.0
6.0,2.0
9.0,1.0
7.0,2.0
6.0,1.0
8.0,0.0
2.0,0.0
7.0,0.0
5.0,0.0
7.0,0.0
1.0,0.0
2.0,0.0
2.0,0.0
3.0,2.0
4.0,0.0
2.0,1.0
2.0,2.0
1.0,3.0
0.0,0.0
1.0,0.0
0.0,0.0
3.0,0.0
2.0,3.0
0.0,3.0
1.0,3.0
0.0,2.0
3.0,0.0
1.0,1.0
1.0,2.0
2.0,0.0
3.0,1.0
2.0,4.0
3.0,3.0
9.0,0.0
26.0,0.0
29.0,0.0
59.0,4.0
64.0,1.0
87.0,1.0
121.0,3.0
179.0,20.0
211.0,39.0
250.0,158.0
220.0,203.0
235.0,109.0
274.0,148.0
253.0,156.0
246.0,49.0
272.0,1.0
228.0,8.0
137.0,1.0
121.0,2.0
101.0,4.0
85.0,0.0
87.0,2.0
72.0,1.0
56.0,2.0
62.0,5.0
71.0,2.0
62.0,5.0
54.0,3.0
67.0,3.0
72.0,5.0
93.0,16.0
99.0,11.0
92.0,7.0
104.0,1.0
100.0,1.0
98.0,8.0
95.0,2.0
96.0,5.0
78.0,4.0
89.0,2.0
91.0,10.0
92.0,8.0
89.0,3.0
95.0,5.0
81.0,5.0
76.0,5.0
81.0,4.0
75.0,5.0
83.0,2.0
85.0,4.0
66.0,0.0
86.0,1.0
70.0,2.0
80.0,4.0
80.0,4.0
81.0,3.0
92.0,4.0
107.0,3.0
92.0,6.0
111.0,6.0
87.0,3.0
104.0,3.0
141.0,0.0
217.0,4.0
167.0,5.0
245.0,16.0
311.0,253.0
247.0,240.0
263.0,213.0
339.0,424.0
293.0,344.0
296.0,234.0
289.0,160.0
278.0,116.0
268.0,31.0
249.0,24.0
239.0,12.0
232.0,10.0
193.0,5.0
198.0,5.0
182.0,5.0
195.0,4.0
209.0,11.0
202.0,3.0
281.0,8.0
247.0,9.0
215.0,7.0
226.0,6.0
224.0,7.0
239.0,10.0
180.0,5.0
137.0,3.0
130.0,2.0
163.0,3.0
113.0,1.0
81.0,2.0
99.0,0.0
92.0,3.0
77.0,5.0
70.0,1.0
49.0,1.0
51.0,5.0
43.0,2.0
38.0,2.0
24.0,2.0
