30.0,3.0
21.0,4.0
15.0,2.0
12.0,1.0
10.0,1.0
7.0,1.0
9.0,3.0
5.0,1.0
8.0,0.0
6.0,1.0
3.0,1.0
8.0,2.0
4.0,0.0
2.0,1.0
5.0,0.0
1.0,2.0
1.0,1.0
1.0,2.0
2.0,0.0
1.0,0.0
5.0,1.0
1.0,0.0
1.0,0.0
0.0,0.0
0.0,0.0
1.0,0.0
0.0,2.0
2.0,1.0
1.0,0.0
1.0,6.0
3.0,1.0
1.0,1.0
1.0,0.0
0.0,0.0
0.0,0.0
3.0,1.0
3.0,0.0
4.0,4.0
2.0,7.0
23.0,2.0
37.0,1.0
33.0,0.0
46.0,1.0
89.0,0.0
83.0,1.0
130.0,4.0
181.0,19.0
210.0,134.0
237.0,395.0
210.0,403.0
236.0,337.0
257.0,429.0
246.0,458.0
335.0,216.0
305.0,72.0
261.0,34.0
189.0,6.0
139.0,2.0
104.0,1.0
67.0,2.0
64.0,6.0
58.0,0.0
62.0,2.0
58.0,1.0
60.0,3.0
55.0,3.0
51.0,2.0
47.0,2.0
62.0,1.0
73.0,2.0
85.0,4.0
65.0,2.0
100.0,3.0
83.0,1.0
86.0,2.0
75.0,2.0
73.0,2.0
77.0,8.0
75.0,3.0
66.0,2.0
68.0,6.0
64.0,4.0
81.0,3.0
68.0,4.0
73.0,4.0
69.0,2.0
63.0,1.0
77.0,2.0
59.0,1.0
73.0,3.0
74.0,1.0
72.0,2.0
71.0,8.0
73.0,3.0
60.0,0.0
75.0,3.0
71.0,0.0
77.0,1.0
87.0,1.0
84.0,2.0
75.0,6.0
115.0,2.0
151.0,4.0
136.0,2.0
148.0,1.0
279.0,11.0
257.0,8.0
227.0,6.0
383.0,32.0
386.0,134.0
309.0,40.0
272.0,12.0
240.0,7.0
225.0,6.0
168.0,8.0
168.0,6.0
203.0,7.0
192.0,9.0
156.0,5.0
153.0,3.0
172.0,7.0
191.0,12.0
161.0,6.0
219.0,15.0
219.0,15.0
215.0,8.0
210.0,11.0
212.0,24.0
166.0,24.0
205.0,6.0
178.0,4.0
153.0,4.0
141.0,3.0
100.0,5.0
98.0,4.0
89.0,4.0
78.0,4.0
71.0,2.0
44.0,0.0
34.0,0.0
35.0,1.0
41.0,5.0
33.0,3.0
30.0,0.0
