110.0,150.0
87.0,195.0
81.0,119.0
79.0,78.0
71.0,64.0
71.0,62.0
58.0,33.0
68.0,91.0
63.0,55.0
57.0,45.0
65.0,69.0
50.0,21.0
60.0,41.0
45.0,24.0
45.0,45.0
50.0,39.0
39.0,26.0
35.0,64.0
46.0,36.0
24.0,26.0
25.0,21.0
30.0,19.0
23.0,24.0
30.0,17.0
27.0,23.0
20.0,8.0
22.0,7.0
26.0,12.0
31.0,6.0
18.0,4.0
28.0,1.0
21.0,7.0
27.0,5.0
20.0,4.0
24.0,7.0
23.0,8.0
26.0,16.0
26.0,25.0
36.0,31.0
87.0,3.0
86.0,2.0
123.0,4.0
171.0,3.0
240.0,5.0
323.0,10.0
380.0,36.0
406.0,125.0
486.0,145.0
512.0,179.0
504.0,129.0
525.0,67.0
540.0,63.0
450.0,24.0
374.0,14.0
385.0,6.0
335.0,8.0
375.0,15.0
362.0,7.0
410.0,8.0
392.0,12.0
365.0,10.0
361.0,7.0
327.0,7.0
293.0,2.0
365.0,11.0
331.0,13.0
364.0,6.0
370.0,15.0
364.0,7.0
413.0,9.0
423.0,8.0
349.0,3.0
324.0,12.0
297.0,3.0
338.0,8.0
323.0,12.0
343.0,8.0
369.0,10.0
336.0,10.0
392.0,12.0
393.0,10.0
394.0,10.0
395.0,7.0
400.0,7.0
392.0,7.0
420.0,8.0
409.0,14.0
398.0,8.0
399.0,9.0
432.0,13.0
464.0,17.0
472.0,40.0
435.0,145.0
486.0,16.0
471.0,15.0
458.0,9.0
460.0,14.0
451.0,15.0
449.0,9.0
521.0,9.0
538.0,17.0
587.0,13.0
677.0,22.0
571.0,48.0
636.0,173.0
605.0,362.0
536.0,363.0
574.0,166.0
558.0,82.0
529.0,44.0
436.0,18.0
439.0,16.0
451.0,9.0
400.0,13.0
453.0,9.0
429.0,12.0
406.0,18.0
395.0,15.0
399.0,16.0
415.0,17.0
489.0,10.0
433.0,15.0
433.0,20.0
463.0,13.0
463.0,12.0
448.0,18.0
472.0,21.0
485.0,46.0
464.0,86.0
449.0,78.0
433.0,61.0
403.0,46.0
408.0,109.0
342.0,51.0
281.0,18.0
277.0,11.0
267.0,10.0
230.0,7.0
196.0,6.0
157.0,10.0
153.0,5.0
189.0,19.0
153.0,50.0
150.0,86.0
