73.0,10.0
65.0,12.0
48.0,7.0
53.0,5.0
42.0,1.0
42.0,8.0
46.0,1.0
49.0,3.0
40.0,3.0
32.0,1.0
29.0,0.0
30.0,3.0
29.0,3.0
21.0,3.0
14.0,3.0
16.0,6.0
9.0,5.0
10.0,3.0
9.0,2.0
8.0,5.0
10.0,1.0
9.0,2.0
9.0,4.0
7.0,4.0
7.0,1.0
4.0,0.0
5.0,1.0
5.0,1.0
4.0,1.0
6.0,1.0
5.0,5.0
12.0,7.0
9.0,3.0
6.0,1.0
12.0,3.0
7.0,4.0
12.0,5.0
7.0,5.0
18.0,8.0
27.0,6.0
19.0,6.0
29.0,7.0
62.0,7.0
68.0,16.0
89.0,17.0
126.0,17.0
152.0,23.0
154.0,12.0
199.0,6.0
200.0,0.0
239.0,12.0
297.0,6.0
310.0,22.0
218.0,9.0
243.0,7.0
241.0,2.0
215.0,6.0
203.0,4.0
252.0,1.0
207.0,4.0
195.0,4.0
179.0,7.0
186.0,4.0
170.0,5.0
158.0,4.0
171.0,4.0
145.0,3.0
188.0,4.0
177.0,5.0
176.0,14.0
155.0,15.0
179.0,14.0
174.0,10.0
193.0,8.0
174.0,10.0
183.0,3.0
199.0,4.0
176.0,7.0
228.0,19.0
212.0,16.0
232.0,28.0
234.0,30.0
232.0,21.0
202.0,16.0
197.0,4.0
210.0,8.0
190.0,6.0
162.0,11.0
185.0,8.0
172.0,8.0
175.0,6.0
151.0,6.0
180.0,5.0
184.0,11.0
180.0,19.0
184.0,17.0
189.0,5.0
172.0,2.0
174.0,5.0
202.0,6.0
201.0,3.0
208.0,14.0
276.0,33.0
233.0,22.0
242.0,11.0
245.0,23.0
249.0,25.0
221.0,5.0
236.0,0.0
230.0,3.0
216.0,4.0
215.0,5.0
212.0,1.0
213.0,5.0
198.0,4.0
174.0,10.0
183.0,2.0
201.0,20.0
214.0,10.0
225.0,7.0
227.0,8.0
266.0,14.0
258.0,11.0
282.0,17.0
257.0,17.0
245.0,13.0
257.0,10.0
250.0,14.0
231.0,12.0
194.0,6.0
254.0,15.0
257.0,178.0
238.0,291.0
220.0,235.0
198.0,163.0
204.0,63.0
166.0,9.0
152.0,20.0
148.0,21.0
116.0,25.0
85.0,4.0
81.0,4.0
75.0,3.0
73.0,0.0
