8.0,1.0
5.0,0.0
5.0,0.0
3.0,0.0
3.0,2.0
6.0,2.0
5.0,0.0
6.0,0.0
2.0,1.0
4.0,1.0
1.0,0.0
2.0,2.0
4.0,0.0
3.0,0.0
1.0,0.0
0.0,2.0
0.0,3.0
1.0,3.0
0.0,1.0
0.0,1.0
0.0,0.0
1.0,0.0
0.0,0.0
1.0,0.0
1.0,0.0
0.0,0.0
0.0,0.0
0.0,1.0
2.0,2.0
0.0,0.0
1.0,0.0
0.0,0.0
0.0,0.0
1.0,0.0
2.0,1.0
3.0,2.0
1.0,1.0
4.0,2.0
2.0,1.0
8.0,0.0
7.0,0.0
12.0,1.0
20.0,0.0
34.0,0.0
42.0,1.0
61.0,0.0
42.0,1.0
56.0,2.0
59.0,2.0
55.0,7.0
42.0,4.0
54.0,8.0
51.0,22.0
34.0,23.0
30.0,1.0
32.0,2.0
25.0,0.0
23.0,0.0
27.0,5.0
23.0,0.0
25.0,0.0
20.0,0.0
20.0,0.0
15.0,0.0
14.0,3.0
22.0,0.0
21.0,3.0
15.0,0.0
18.0,1.0
17.0,1.0
15.0,0.0
25.0,3.0
17.0,0.0
13.0,0.0
22.0,3.0
23.0,2.0
22.0,2.0
18.0,1.0
20.0,0.0
15.0,3.0
20.0,0.0
19.0,1.0
24.0,3.0
21.0,1.0
26.0,1.0
19.0,0.0
31.0,1.0
26.0,3.0
16.0,0.0
16.0,0.0
18.0,0.0
23.0,1.0
14.0,3.0
34.0,1.0
11.0,0.0
25.0,0.0
22.0,2.0
32.0,0.0
21.0,1.0
20.0,2.0
28.0,2.0
31.0,2.0
43.0,0.0
32.0,2.0
38.0,1.0
28.0,1.0
41.0,2.0
33.0,3.0
34.0,0.0
27.0,0.0
26.0,1.0
27.0,2.0
22.0,1.0
29.0,4.0
17.0,5.0
13.0,2.0
25.0,1.0
13.0,0.0
17.0,0.0
17.0,2.0
12.0,0.0
22.0,1.0
21.0,1.0
24.0,0.0
11.0,0.0
14.0,1.0
16.0,1.0
24.0,0.0
14.0,3.0
18.0,2.0
19.0,0.0
15.0,0.0
21.0,0.0
18.0,0.0
16.0,1.0
13.0,1.0
8.0,0.0
14.0,0.0
8.0,2.0
7.0,1.0
10.0,1.0
3.0,0.0
5.0,1.0
6.0,0.0
