117.0,39.0
81.0,22.0
87.0,53.0
85.0,32.0
66.0,10.0
68.0,19.0
58.0,16.0
56.0,26.0
46.0,22.0
45.0,24.0
42.0,19.0
44.0,7.0
38.0,8.0
36.0,30.0
36.0,10.0
29.0,6.0
41.0,12.0
32.0,17.0
24.0,16.0
31.0,9.0
30.0,9.0
18.0,4.0
19.0,4.0
17.0,1.0
23.0,3.0
18.0,10.0
14.0,8.0
21.0,4.0
19.0,16.0
14.0,16.0
13.0,13.0
17.0,6.0
13.0,22.0
15.0,24.0
13.0,21.0
13.0,20.0
31.0,45.0
21.0,42.0
25.0,38.0
113.0,6.0
111.0,6.0
139.0,16.0
190.0,90.0
228.0,182.0
228.0,428.0
217.0,366.0
195.0,412.0
207.0,452.0
241.0,497.0
258.0,563.0
290.0,484.0
318.0,369.0
305.0,246.0
354.0,156.0
336.0,15.0
278.0,14.0
285.0,11.0
257.0,6.0
251.0,16.0
243.0,4.0
197.0,10.0
247.0,13.0
235.0,10.0
263.0,14.0
231.0,10.0
223.0,15.0
214.0,5.0
201.0,3.0
218.0,5.0
238.0,9.0
215.0,7.0
217.0,4.0
229.0,9.0
205.0,11.0
240.0,10.0
273.0,21.0
273.0,13.0
231.0,10.0
265.0,19.0
274.0,50.0
268.0,47.0
274.0,75.0
253.0,56.0
227.0,28.0
269.0,45.0
222.0,56.0
227.0,79.0
228.0,140.0
268.0,129.0
242.0,114.0
251.0,162.0
241.0,226.0
204.0,220.0
291.0,10.0
254.0,10.0
272.0,3.0
268.0,5.0
274.0,7.0
275.0,11.0
298.0,8.0
283.0,15.0
306.0,8.0
402.0,33.0
382.0,36.0
372.0,60.0
401.0,192.0
328.0,173.0
381.0,100.0
372.0,58.0
380.0,37.0
333.0,17.0
325.0,8.0
319.0,8.0
317.0,8.0
310.0,6.0
288.0,8.0
267.0,16.0
260.0,5.0
228.0,5.0
231.0,9.0
270.0,7.0
263.0,4.0
227.0,2.0
252.0,7.0
262.0,10.0
238.0,7.0
262.0,9.0
246.0,14.0
244.0,10.0
231.0,9.0
221.0,10.0
247.0,9.0
231.0,12.0
198.0,12.0
165.0,4.0
145.0,4.0
156.0,5.0
142.0,6.0
135.0,4.0
143.0,5.0
110.0,8.0
118.0,17.0
121.0,14.0
81.0,42.0
