1.0,1.0
5.0,1.0
4.0,0.0
3.0,0.0
2.0,0.0
1.0,0.0
2.0,0.0
1.0,0.0
0.0,0.0
1.0,0.0
1.0,0.0
1.0,0.0
4.0,0.0
0.0,0.0
1.0,0.0
1.0,0.0
1.0,1.0
1.0,0.0
0.0,1.0
0.0,0.0
0.0,1.0
0.0,0.0
0.0,0.0
0.0,0.0
0.0,0.0
0.0,1.0
0.0,2.0
0.0,0.0
0.0,2.0
0.0,0.0
0.0,0.0
0.0,0.0
1.0,5.0
1.0,4.0
0.0,1.0
2.0,1.0
0.0,0.0
1.0,0.0
1.0,0.0
2.0,2.0
2.0,3.0
1.0,2.0
2.0,0.0
4.0,2.0
9.0,2.0
4.0,8.0
5.0,5.0
6.0,0.0
5.0,1.0
7.0,0.0
13.0,2.0
9.0,3.0
6.0,2.0
8.0,1.0
7.0,2.0
9.0,5.0
4.0,1.0
9.0,13.0
5.0,12.0
8.0,12.0
7.0,13.0
8.0,10.0
8.0,17.0
7.0,17.0
6.0,16.0
3.0,13.0
4.0,9.0
8.0,12.0
10.0,8.0
7.0,16.0
10.0,12.0
5.0,5.0
2.0,20.0
10.0,19.0
9.0,9.0
11.0,11.0
7.0,5.0
10.0,22.0
4.0,4.0
7.0,4.0
13.0,0.0
8.0,0.0
9.0,2.0
10.0,6.0
7.0,6.0
15.0,1.0
11.0,0.0
3.0,0.0
2.0,0.0
10.0,1.0
5.0,2.0
8.0,0.0
8.0,4.0
9.0,0.0
8.0,0.0
6.0,0.0
9.0,0.0
7.0,0.0
7.0,2.0
4.0,1.0
9.0,0.0
8.0,0.0
8.0,1.0
15.0,2.0
12.0,2.0
7.0,1.0
6.0,1.0
5.0,0.0
10.0,1.0
13.0,0.0
9.0,0.0
12.0,0.0
14.0,0.0
7.0,0.0
15.0,0.0
9.0,0.0
7.0,1.0
10.0,1.0
14.0,0.0
3.0,0.0
6.0,1.0
6.0,0.0
8.0,0.0
7.0,1.0
6.0,0.0
7.0,1.0
5.0,0.0
7.0,0.0
4.0,0.0
5.0,0.0
6.0,0.0
2.0,0.0
4.0,0.0
1.0,0.0
5.0,1.0
5.0,0.0
6.0,0.0
3.0,0.0
4.0,2.0
1.0,2.0
2.0,0.0
4.0,0.0
0.0,3.0
2.0,2.0
