40.0,1.0
32.0,0.0
34.0,0.0
31.0,1.0
29.0,2.0
34.0,2.0
24.0,2.0
29.0,1.0
16.0,2.0
23.0,2.0
17.0,0.0
14.0,0.0
19.0,1.0
14.0,0.0
16.0,1.0
12.0,1.0
6.0,1.0
12.0,1.0
8.0,1.0
5.0,0.0
5.0,0.0
8.0,1.0
11.0,1.0
13.0,2.0
4.0,2.0
7.0,0.0
7.0,3.0
3.0,0.0
3.0,0.0
4.0,1.0
3.0,1.0
5.0,2.0
5.0,2.0
3.0,7.0
8.0,3.0
7.0,2.0
9.0,4.0
11.0,1.0
9.0,2.0
22.0,2.0
29.0,7.0
27.0,8.0
39.0,15.0
43.0,14.0
49.0,26.0
98.0,7.0
124.0,47.0
129.0,36.0
112.0,68.0
103.0,51.0
142.0,56.0
118.0,80.0
115.0,79.0
142.0,45.0
120.0,34.0
119.0,63.0
107.0,39.0
82.0,70.0
89.0,95.0
93.0,82.0
84.0,87.0
90.0,108.0
76.0,103.0
86.0,67.0
103.0,96.0
78.0,95.0
68.0,115.0
64.0,83.0
64.0,134.0
69.0,155.0
88.0,97.0
74.0,70.0
74.0,70.0
80.0,106.0
85.0,91.0
95.0,59.0
71.0,41.0
87.0,47.0
83.0,54.0
85.0,74.0
87.0,69.0
92.0,63.0
73.0,50.0
97.0,77.0
92.0,60.0
84.0,56.0
84.0,35.0
84.0,21.0
102.0,5.0
78.0,2.0
95.0,9.0
97.0,18.0
92.0,20.0
83.0,2.0
92.0,9.0
84.0,31.0
94.0,4.0
90.0,2.0
93.0,5.0
103.0,5.0
96.0,2.0
97.0,4.0
104.0,2.0
104.0,2.0
101.0,2.0
117.0,2.0
109.0,7.0
102.0,1.0
123.0,4.0
101.0,6.0
124.0,7.0
92.0,2.0
102.0,6.0
115.0,3.0
95.0,0.0
109.0,5.0
102.0,4.0
81.0,4.0
64.0,3.0
83.0,3.0
106.0,2.0
72.0,3.0
98.0,1.0
93.0,2.0
101.0,5.0
99.0,4.0
87.0,5.0
91.0,2.0
89.0,4.0
102.0,7.0
101.0,10.0
147.0,22.0
104.0,5.0
103.0,6.0
84.0,2.0
90.0,4.0
59.0,4.0
56.0,3.0
61.0,5.0
53.0,2.0
53.0,5.0
53.0,3.0
47.0,4.0
50.0,2.0
