218.0,9.0
275.0,17.0
264.0,9.0
245.0,11.0
243.0,8.0
199.0,17.0
198.0,7.0
176.0,17.0
164.0,8.0
141.0,4.0
127.0,4.0
115.0,5.0
137.0,13.0
109.0,17.0
108.0,25.0
94.0,29.0
77.0,18.0
74.0,37.0
50.0,78.0
50.0,95.0
40.0,58.0
40.0,34.0
32.0,42.0
30.0,31.0
32.0,35.0
19.0,21.0
24.0,58.0
18.0,51.0
11.0,32.0
20.0,51.0
22.0,68.0
13.0,56.0
9.0,89.0
16.0,98.0
8.0,121.0
14.0,144.0
15.0,206.0
15.0,251.0
21.0,315.0
24.0,289.0
29.0,345.0
51.0,374.0
58.0,391.0
55.0,387.0
67.0,439.0
79.0,402.0
83.0,320.0
119.0,306.0
94.0,307.0
124.0,156.0
123.0,155.0
134.0,177.0
165.0,184.0
186.0,179.0
192.0,57.0
186.0,144.0
186.0,165.0
157.0,181.0
133.0,149.0
149.0,154.0
137.0,206.0
150.0,242.0
159.0,212.0
150.0,252.0
126.0,252.0
160.0,267.0
181.0,237.0
147.0,235.0
151.0,231.0
151.0,236.0
168.0,239.0
176.0,235.0
173.0,191.0
175.0,181.0
197.0,173.0
163.0,173.0
190.0,194.0
192.0,153.0
222.0,195.0
198.0,193.0
173.0,228.0
198.0,187.0
183.0,172.0
167.0,182.0
176.0,173.0
191.0,151.0
197.0,201.0
209.0,176.0
170.0,166.0
174.0,196.0
177.0,217.0
205.0,214.0
180.0,164.0
293.0,15.0
282.0,13.0
259.0,7.0
289.0,19.0
306.0,36.0
273.0,14.0
284.0,32.0
325.0,41.0
287.0,26.0
316.0,36.0
302.0,46.0
316.0,46.0
310.0,21.0
294.0,36.0
272.0,23.0
279.0,13.0
269.0,10.0
280.0,9.0
275.0,10.0
250.0,7.0
235.0,4.0
282.0,13.0
251.0,5.0
277.0,10.0
223.0,6.0
282.0,14.0
271.0,14.0
288.0,3.0
283.0,5.0
295.0,9.0
287.0,11.0
300.0,8.0
280.0,13.0
275.0,11.0
299.0,9.0
297.0,12.0
262.0,11.0
240.0,7.0
269.0,6.0
249.0,9.0
231.0,9.0
173.0,1.0
196.0,6.0
136.0,2.0
140.0,6.0
116.0,5.0
130.0,5.0
86.0,1.0
112.0,6.0
88.0,8.0
104.0,4.0
