26.0,3.0
13.0,4.0
15.0,1.0
16.0,0.0
16.0,1.0
12.0,2.0
8.0,1.0
7.0,0.0
4.0,0.0
8.0,1.0
7.0,0.0
7.0,0.0
12.0,0.0
4.0,0.0
4.0,1.0
5.0,3.0
2.0,0.0
2.0,0.0
0.0,0.0
0.0,0.0
2.0,0.0
0.0,0.0
1.0,0.0
1.0,0.0
0.0,0.0
4.0,0.0
2.0,1.0
1.0,2.0
4.0,1.0
1.0,0.0
1.0,0.0
0.0,0.0
0.0,1.0
0.0,0.0
1.0,1.0
2.0,1.0
6.0,2.0
4.0,3.0
3.0,0.0
8.0,0.0
12.0,8.0
14.0,8.0
21.0,9.0
33.0,5.0
42.0,6.0
44.0,2.0
75.0,5.0
92.0,10.0
125.0,5.0
104.0,8.0
107.0,8.0
137.0,11.0
146.0,15.0
90.0,8.0
96.0,3.0
128.0,3.0
106.0,5.0
110.0,11.0
99.0,5.0
106.0,5.0
99.0,9.0
97.0,14.0
98.0,7.0
90.0,6.0
82.0,7.0
74.0,6.0
102.0,5.0
92.0,7.0
73.0,8.0
95.0,19.0
101.0,25.0
102.0,31.0
96.0,4.0
92.0,6.0
88.0,6.0
123.0,24.0
88.0,12.0
111.0,26.0
115.0,7.0
97.0,7.0
124.0,14.0
118.0,16.0
95.0,14.0
96.0,8.0
123.0,11.0
85.0,15.0
103.0,7.0
100.0,4.0
89.0,4.0
91.0,3.0
101.0,1.0
102.0,2.0
102.0,7.0
98.0,8.0
92.0,4.0
109.0,2.0
123.0,4.0
121.0,3.0
96.0,3.0
128.0,2.0
121.0,2.0
144.0,7.0
196.0,4.0
166.0,1.0
169.0,4.0
225.0,11.0
211.0,5.0
160.0,4.0
222.0,11.0
178.0,5.0
176.0,7.0
160.0,4.0
136.0,3.0
124.0,3.0
90.0,1.0
82.0,1.0
95.0,3.0
82.0,1.0
84.0,3.0
102.0,1.0
95.0,1.0
100.0,2.0
66.0,3.0
88.0,6.0
83.0,4.0
87.0,1.0
101.0,4.0
72.0,4.0
95.0,4.0
89.0,3.0
89.0,2.0
97.0,6.0
92.0,10.0
112.0,38.0
101.0,14.0
78.0,4.0
49.0,1.0
53.0,3.0
66.0,3.0
45.0,2.0
35.0,0.0
32.0,0.0
21.0,2.0
26.0,3.0
