91.0,17.0
89.0,15.0
60.0,5.0
53.0,9.0
56.0,11.0
38.0,6.0
46.0,13.0
46.0,8.0
40.0,3.0
29.0,4.0
43.0,7.0
30.0,8.0
24.0,3.0
25.0,2.0
22.0,5.0
22.0,1.0
18.0,3.0
16.0,2.0
21.0,0.0
15.0,0.0
15.0,1.0
19.0,1.0
13.0,1.0
10.0,0.0
13.0,7.0
9.0,4.0
13.0,4.0
14.0,3.0
8.0,2.0
9.0,3.0
13.0,9.0
10.0,1.0
11.0,5.0
10.0,3.0
11.0,4.0
13.0,7.0
17.0,5.0
16.0,14.0
20.0,19.0
55.0,1.0
89.0,5.0
135.0,5.0
210.0,16.0
250.0,21.0
246.0,97.0
225.0,316.0
233.0,513.0
206.0,584.0
231.0,667.0
253.0,657.0
308.0,565.0
348.0,588.0
340.0,496.0
416.0,236.0
429.0,27.0
387.0,27.0
382.0,19.0
321.0,12.0
332.0,26.0
346.0,30.0
236.0,11.0
189.0,6.0
214.0,9.0
178.0,2.0
185.0,5.0
175.0,3.0
165.0,6.0
192.0,1.0
170.0,3.0
174.0,3.0
188.0,6.0
196.0,9.0
209.0,3.0
185.0,6.0
171.0,3.0
184.0,7.0
205.0,7.0
193.0,6.0
223.0,3.0
200.0,3.0
205.0,5.0
205.0,6.0
194.0,9.0
224.0,6.0
209.0,3.0
195.0,2.0
201.0,3.0
212.0,9.0
178.0,4.0
185.0,6.0
203.0,4.0
203.0,17.0
189.0,40.0
209.0,7.0
169.0,11.0
218.0,13.0
224.0,9.0
229.0,6.0
227.0,5.0
234.0,2.0
237.0,4.0
293.0,6.0
336.0,13.0
326.0,10.0
322.0,15.0
449.0,47.0
430.0,57.0
341.0,52.0
395.0,85.0
385.0,37.0
309.0,10.0
294.0,11.0
273.0,5.0
300.0,8.0
288.0,8.0
289.0,9.0
276.0,13.0
287.0,4.0
255.0,7.0
248.0,19.0
251.0,10.0
301.0,9.0
273.0,13.0
325.0,16.0
324.0,12.0
305.0,11.0
359.0,18.0
305.0,17.0
305.0,32.0
350.0,29.0
286.0,18.0
327.0,14.0
277.0,14.0
233.0,16.0
204.0,13.0
196.0,3.0
169.0,5.0
149.0,4.0
129.0,3.0
110.0,3.0
92.0,4.0
96.0,4.0
75.0,1.0
85.0,2.0
