38.0,5.0
19.0,1.0
16.0,1.0
14.0,0.0
17.0,1.0
9.0,0.0
10.0,1.0
6.0,1.0
7.0,0.0
6.0,0.0
7.0,0.0
7.0,0.0
6.0,1.0
8.0,0.0
2.0,0.0
5.0,0.0
1.0,0.0
2.0,0.0
2.0,0.0
3.0,1.0
1.0,1.0
2.0,0.0
0.0,1.0
1.0,0.0
0.0,0.0
2.0,0.0
1.0,0.0
1.0,0.0
1.0,0.0
1.0,0.0
1.0,2.0
3.0,5.0
4.0,1.0
3.0,1.0
2.0,2.0
4.0,4.0
2.0,6.0
4.0,0.0
5.0,3.0
10.0,0.0
25.0,0.0
23.0,2.0
50.0,0.0
58.0,3.0
93.0,2.0
96.0,1.0
154.0,4.0
189.0,9.0
238.0,168.0
158.0,200.0
249.0,119.0
279.0,115.0
237.0,69.0
248.0,16.0
226.0,8.0
184.0,4.0
152.0,3.0
95.0,2.0
96.0,2.0
76.0,1.0
78.0,5.0
70.0,5.0
60.0,1.0
56.0,1.0
79.0,2.0
76.0,6.0
76.0,3.0
68.0,1.0
95.0,2.0
88.0,9.0
77.0,3.0
100.0,8.0
99.0,3.0
86.0,3.0
85.0,2.0
78.0,4.0
82.0,3.0
72.0,1.0
78.0,6.0
64.0,6.0
86.0,0.0
92.0,0.0
62.0,3.0
85.0,1.0
71.0,1.0
80.0,4.0
82.0,3.0
71.0,0.0
96.0,5.0
85.0,1.0
87.0,4.0
93.0,3.0
89.0,9.0
82.0,1.0
109.0,3.0
88.0,4.0
90.0,3.0
90.0,1.0
95.0,6.0
93.0,6.0
89.0,2.0
136.0,7.0
183.0,4.0
153.0,5.0
170.0,15.0
305.0,16.0
318.0,37.0
271.0,71.0
385.0,257.0
365.0,288.0
362.0,151.0
342.0,94.0
262.0,18.0
245.0,10.0
245.0,13.0
201.0,14.0
194.0,9.0
167.0,6.0
149.0,2.0
149.0,6.0
167.0,4.0
157.0,4.0
133.0,3.0
148.0,9.0
132.0,5.0
116.0,9.0
138.0,7.0
125.0,5.0
122.0,10.0
134.0,4.0
127.0,5.0
92.0,3.0
130.0,11.0
83.0,6.0
95.0,3.0
77.0,0.0
55.0,1.0
56.0,1.0
49.0,1.0
46.0,1.0
31.0,2.0
31.0,1.0
21.0,0.0
31.0,0.0
