56.0,6.0
53.0,10.0
48.0,17.0
36.0,14.0
47.0,19.0
32.0,23.0
43.0,29.0
35.0,41.0
36.0,38.0
27.0,30.0
37.0,42.0
23.0,34.0
25.0,16.0
31.0,12.0
30.0,10.0
24.0,8.0
28.0,8.0
11.0,1.0
16.0,4.0
16.0,7.0
21.0,15.0
14.0,15.0
14.0,12.0
9.0,39.0
13.0,53.0
17.0,2.0
10.0,16.0
12.0,10.0
11.0,7.0
11.0,2.0
12.0,1.0
13.0,1.0
6.0,1.0
7.0,3.0
6.0,4.0
4.0,3.0
12.0,1.0
6.0,1.0
5.0,9.0
15.0,2.0
31.0,0.0
37.0,1.0
47.0,1.0
72.0,1.0
77.0,5.0
67.0,4.0
106.0,1.0
94.0,15.0
104.0,25.0
149.0,45.0
140.0,16.0
132.0,36.0
146.0,42.0
138.0,5.0
146.0,3.0
141.0,4.0
127.0,5.0
103.0,1.0
111.0,2.0
112.0,5.0
88.0,5.0
96.0,4.0
99.0,4.0
108.0,3.0
106.0,6.0
85.0,1.0
107.0,3.0
110.0,2.0
113.0,4.0
108.0,0.0
87.0,1.0
111.0,4.0
118.0,5.0
122.0,4.0
111.0,2.0
113.0,2.0
119.0,2.0
124.0,4.0
120.0,2.0
134.0,3.0
143.0,1.0
124.0,3.0
140.0,1.0
123.0,2.0
128.0,2.0
137.0,1.0
113.0,4.0
127.0,7.0
104.0,7.0
117.0,13.0
112.0,7.0
124.0,7.0
103.0,27.0
130.0,4.0
133.0,1.0
129.0,6.0
165.0,1.0
145.0,7.0
153.0,9.0
141.0,6.0
148.0,11.0
206.0,10.0
264.0,27.0
210.0,22.0
222.0,29.0
271.0,78.0
249.0,38.0
220.0,22.0
232.0,25.0
216.0,20.0
188.0,8.0
157.0,7.0
183.0,8.0
145.0,7.0
160.0,7.0
156.0,6.0
137.0,7.0
130.0,5.0
144.0,7.0
141.0,5.0
151.0,6.0
146.0,4.0
159.0,2.0
159.0,4.0
167.0,7.0
152.0,15.0
158.0,8.0
171.0,18.0
155.0,36.0
149.0,46.0
121.0,26.0
144.0,14.0
148.0,19.0
132.0,8.0
136.0,15.0
104.0,3.0
86.0,4.0
76.0,4.0
68.0,6.0
71.0,2.0
81.0,8.0
67.0,9.0
50.0,6.0
62.0,4.0
