27.0,28.0
14.0,12.0
17.0,5.0
15.0,6.0
10.0,2.0
5.0,0.0
5.0,2.0
5.0,3.0
6.0,0.0
6.0,1.0
4.0,0.0
2.0,1.0
5.0,0.0
0.0,0.0
4.0,3.0
2.0,0.0
1.0,0.0
0.0,1.0
0.0,0.0
2.0,1.0
1.0,1.0
1.0,0.0
0.0,0.0
0.0,0.0
0.0,0.0
0.0,0.0
0.0,1.0
1.0,1.0
0.0,0.0
1.0,0.0
1.0,0.0
1.0,5.0
1.0,2.0
2.0,3.0
1.0,3.0
2.0,1.0
2.0,0.0
1.0,7.0
3.0,2.0
10.0,2.0
18.0,0.0
31.0,0.0
37.0,1.0
68.0,2.0
77.0,2.0
99.0,3.0
156.0,2.0
209.0,13.0
281.0,107.0
233.0,355.0
243.0,394.0
315.0,406.0
300.0,387.0
304.0,116.0
243.0,17.0
204.0,2.0
147.0,4.0
113.0,4.0
81.0,2.0
82.0,0.0
79.0,0.0
52.0,1.0
56.0,2.0
65.0,1.0
59.0,1.0
68.0,0.0
58.0,0.0
59.0,1.0
66.0,5.0
59.0,1.0
67.0,3.0
90.0,1.0
78.0,2.0
75.0,2.0
86.0,1.0
79.0,5.0
83.0,3.0
76.0,2.0
78.0,7.0
82.0,4.0
62.0,2.0
76.0,0.0
89.0,3.0
57.0,3.0
53.0,0.0
43.0,0.0
45.0,1.0
70.0,1.0
53.0,2.0
50.0,3.0
70.0,5.0
75.0,3.0
58.0,4.0
65.0,1.0
67.0,1.0
58.0,2.0
81.0,3.0
59.0,2.0
80.0,4.0
82.0,5.0
70.0,3.0
79.0,1.0
169.0,6.0
140.0,5.0
138.0,4.0
290.0,7.0
248.0,7.0
230.0,5.0
376.0,16.0
317.0,8.0
270.0,4.0
239.0,7.0
222.0,10.0
186.0,5.0
172.0,3.0
160.0,3.0
148.0,2.0
155.0,6.0
146.0,8.0
142.0,10.0
180.0,7.0
136.0,1.0
154.0,3.0
217.0,4.0
204.0,12.0
191.0,4.0
227.0,3.0
231.0,7.0
177.0,10.0
194.0,7.0
138.0,4.0
125.0,6.0
149.0,6.0
141.0,6.0
94.0,1.0
82.0,1.0
71.0,8.0
71.0,5.0
60.0,0.0
51.0,2.0
43.0,5.0
22.0,1.0
17.0,1.0
24.0,2.0
