65.0,4.0
64.0,5.0
58.0,1.0
46.0,1.0
52.0,6.0
45.0,4.0
39.0,4.0
30.0,5.0
39.0,1.0
33.0,1.0
34.0,2.0
28.0,1.0
29.0,0.0
48.0,22.0
32.0,12.0
22.0,4.0
17.0,1.0
41.0,4.0
31.0,10.0
9.0,0.0
21.0,0.0
14.0,0.0
11.0,1.0
7.0,0.0
8.0,0.0
7.0,0.0
12.0,0.0
10.0,0.0
9.0,2.0
5.0,0.0
4.0,1.0
7.0,0.0
7.0,1.0
8.0,0.0
16.0,2.0
19.0,3.0
19.0,13.0
29.0,16.0
30.0,6.0
43.0,0.0
42.0,4.0
45.0,4.0
60.0,1.0
93.0,0.0
99.0,2.0
117.0,2.0
146.0,3.0
149.0,8.0
203.0,5.0
246.0,11.0
275.0,12.0
290.0,29.0
314.0,18.0
188.0,8.0
163.0,3.0
154.0,7.0
159.0,4.0
149.0,4.0
140.0,3.0
163.0,3.0
186.0,3.0
155.0,3.0
161.0,4.0
142.0,2.0
146.0,5.0
132.0,3.0
143.0,0.0
159.0,7.0
130.0,6.0
178.0,6.0
194.0,6.0
165.0,7.0
181.0,4.0
175.0,5.0
204.0,4.0
200.0,8.0
200.0,8.0
189.0,8.0
208.0,1.0
196.0,4.0
207.0,4.0
181.0,3.0
215.0,7.0
202.0,3.0
215.0,4.0
185.0,1.0
190.0,6.0
244.0,6.0
227.0,3.0
251.0,8.0
238.0,10.0
215.0,5.0
200.0,3.0
198.0,1.0
189.0,8.0
181.0,6.0
230.0,25.0
226.0,4.0
251.0,8.0
245.0,8.0
218.0,6.0
242.0,6.0
282.0,10.0
239.0,5.0
279.0,10.0
323.0,8.0
330.0,9.0
275.0,8.0
310.0,9.0
273.0,11.0
312.0,5.0
281.0,6.0
245.0,18.0
248.0,19.0
256.0,11.0
260.0,12.0
219.0,8.0
249.0,7.0
254.0,7.0
264.0,10.0
268.0,6.0
251.0,7.0
253.0,1.0
244.0,7.0
285.0,3.0
273.0,7.0
251.0,7.0
262.0,9.0
237.0,7.0
277.0,8.0
239.0,8.0
253.0,8.0
260.0,4.0
215.0,7.0
204.0,6.0
169.0,10.0
136.0,5.0
167.0,7.0
123.0,6.0
105.0,8.0
135.0,4.0
85.0,1.0
88.0,3.0
93.0,4.0
