20.0,6.0
14.0,2.0
9.0,6.0
11.0,2.0
10.0,2.0
13.0,2.0
12.0,0.0
9.0,3.0
3.0,2.0
7.0,2.0
7.0,1.0
8.0,2.0
8.0,3.0
4.0,4.0
5.0,2.0
1.0,4.0
2.0,3.0
1.0,1.0
4.0,3.0
1.0,0.0
2.0,1.0
4.0,1.0
4.0,0.0
5.0,1.0
1.0,0.0
0.0,0.0
3.0,0.0
1.0,6.0
1.0,2.0
6.0,0.0
1.0,2.0
2.0,1.0
3.0,4.0
3.0,0.0
3.0,3.0
2.0,3.0
3.0,9.0
2.0,5.0
2.0,7.0
36.0,6.0
33.0,3.0
51.0,2.0
81.0,5.0
109.0,23.0
107.0,48.0
132.0,123.0
121.0,84.0
117.0,102.0
144.0,126.0
152.0,82.0
227.0,105.0
197.0,77.0
195.0,68.0
195.0,22.0
199.0,8.0
161.0,6.0
144.0,5.0
140.0,4.0
122.0,4.0
91.0,2.0
93.0,1.0
101.0,6.0
79.0,2.0
79.0,3.0
90.0,1.0
80.0,1.0
85.0,1.0
79.0,2.0
84.0,9.0
81.0,7.0
72.0,1.0
66.0,3.0
82.0,5.0
85.0,4.0
91.0,2.0
75.0,4.0
92.0,0.0
80.0,4.0
91.0,0.0
85.0,4.0
81.0,2.0
87.0,3.0
90.0,3.0
84.0,1.0
83.0,5.0
67.0,3.0
84.0,4.0
86.0,2.0
59.0,4.0
71.0,5.0
77.0,6.0
86.0,7.0
88.0,11.0
79.0,18.0
84.0,14.0
69.0,13.0
75.0,3.0
84.0,5.0
87.0,4.0
128.0,4.0
101.0,2.0
142.0,5.0
162.0,51.0
132.0,36.0
140.0,32.0
143.0,55.0
123.0,40.0
130.0,45.0
114.0,43.0
114.0,20.0
101.0,30.0
82.0,4.0
88.0,4.0
79.0,6.0
97.0,5.0
83.0,3.0
75.0,7.0
74.0,5.0
77.0,5.0
84.0,3.0
70.0,2.0
80.0,4.0
69.0,4.0
71.0,8.0
83.0,8.0
56.0,4.0
73.0,3.0
73.0,7.0
65.0,6.0
56.0,5.0
59.0,6.0
47.0,1.0
46.0,1.0
45.0,0.0
47.0,0.0
31.0,0.0
19.0,0.0
27.0,4.0
21.0,4.0
28.0,1.0
25.0,3.0
27.0,2.0
18.0,1.0
15.0,2.0
