14.0,5.0
12.0,7.0
18.0,9.0
14.0,11.0
19.0,7.0
10.0,8.0
8.0,7.0
13.0,10.0
11.0,1.0
3.0,1.0
6.0,3.0
10.0,1.0
5.0,3.0
6.0,3.0
5.0,3.0
4.0,1.0
7.0,1.0
5.0,2.0
3.0,5.0
4.0,4.0
3.0,0.0
4.0,0.0
2.0,0.0
3.0,2.0
1.0,1.0
3.0,2.0
0.0,0.0
0.0,0.0
1.0,0.0
1.0,0.0
0.0,0.0
0.0,0.0
0.0,0.0
2.0,0.0
1.0,2.0
2.0,1.0
2.0,0.0
1.0,1.0
3.0,1.0
7.0,1.0
3.0,5.0
18.0,7.0
9.0,5.0
16.0,5.0
18.0,10.0
39.0,5.0
46.0,10.0
42.0,6.0
57.0,13.0
48.0,7.0
51.0,12.0
59.0,9.0
45.0,15.0
33.0,8.0
39.0,1.0
40.0,5.0
28.0,5.0
30.0,5.0
26.0,11.0
35.0,11.0
32.0,20.0
31.0,9.0
21.0,16.0
21.0,18.0
31.0,23.0
29.0,11.0
34.0,20.0
41.0,13.0
31.0,25.0
49.0,9.0
31.0,9.0
38.0,18.0
25.0,7.0
23.0,6.0
22.0,6.0
21.0,4.0
18.0,3.0
13.0,13.0
25.0,13.0
21.0,7.0
26.0,12.0
37.0,10.0
35.0,7.0
33.0,13.0
25.0,14.0
32.0,8.0
38.0,8.0
44.0,14.0
38.0,15.0
36.0,24.0
28.0,9.0
30.0,14.0
47.0,12.0
42.0,13.0
30.0,12.0
35.0,12.0
43.0,12.0
28.0,12.0
35.0,11.0
42.0,12.0
32.0,6.0
39.0,24.0
74.0,11.0
57.0,18.0
48.0,24.0
62.0,23.0
50.0,16.0
55.0,13.0
49.0,13.0
39.0,12.0
54.0,13.0
56.0,19.0
56.0,15.0
46.0,15.0
44.0,9.0
39.0,9.0
25.0,12.0
34.0,21.0
34.0,13.0
34.0,20.0
27.0,9.0
36.0,13.0
30.0,11.0
32.0,7.0
30.0,6.0
35.0,18.0
42.0,5.0
24.0,10.0
23.0,12.0
24.0,13.0
29.0,15.0
23.0,12.0
32.0,10.0
19.0,12.0
21.0,4.0
18.0,5.0
35.0,18.0
22.0,16.0
22.0,7.0
20.0,5.0
22.0,5.0
16.0,2.0
14.0,4.0
14.0,3.0
