35.0,3.0
27.0,9.0
30.0,3.0
34.0,18.0
25.0,8.0
21.0,1.0
21.0,13.0
14.0,1.0
21.0,2.0
16.0,6.0
20.0,8.0
14.0,4.0
11.0,1.0
21.0,1.0
5.0,6.0
5.0,0.0
8.0,2.0
5.0,2.0
9.0,1.0
8.0,0.0
5.0,0.0
1.0,0.0
9.0,0.0
7.0,0.0
6.0,1.0
5.0,0.0
0.0,0.0
6.0,0.0
3.0,0.0
4.0,0.0
1.0,0.0
6.0,0.0
3.0,1.0
6.0,3.0
5.0,1.0
4.0,2.0
3.0,8.0
7.0,5.0
11.0,11.0
18.0,0.0
21.0,0.0
17.0,0.0
27.0,0.0
39.0,2.0
38.0,1.0
45.0,0.0
58.0,2.0
57.0,2.0
61.0,0.0
81.0,0.0
60.0,2.0
70.0,1.0
58.0,1.0
70.0,1.0
56.0,1.0
44.0,2.0
50.0,2.0
51.0,2.0
50.0,3.0
61.0,3.0
42.0,1.0
55.0,0.0
55.0,3.0
43.0,1.0
40.0,1.0
53.0,0.0
46.0,0.0
54.0,3.0
57.0,3.0
66.0,1.0
59.0,2.0
71.0,3.0
53.0,0.0
61.0,2.0
49.0,4.0
57.0,1.0
51.0,2.0
54.0,2.0
75.0,2.0
83.0,2.0
65.0,0.0
67.0,1.0
53.0,0.0
47.0,1.0
69.0,1.0
79.0,1.0
48.0,1.0
78.0,5.0
72.0,3.0
64.0,6.0
80.0,16.0
77.0,3.0
80.0,1.0
69.0,8.0
76.0,2.0
75.0,2.0
68.0,3.0
82.0,5.0
84.0,3.0
75.0,2.0
87.0,2.0
85.0,3.0
100.0,2.0
85.0,2.0
103.0,4.0
111.0,4.0
102.0,4.0
112.0,2.0
93.0,5.0
97.0,5.0
94.0,2.0
69.0,3.0
84.0,2.0
102.0,5.0
86.0,1.0
62.0,0.0
81.0,2.0
86.0,3.0
72.0,3.0
80.0,1.0
75.0,1.0
88.0,2.0
65.0,2.0
62.0,2.0
81.0,1.0
77.0,6.0
83.0,2.0
77.0,5.0
58.0,1.0
77.0,4.0
68.0,5.0
46.0,2.0
61.0,2.0
50.0,2.0
40.0,4.0
41.0,0.0
65.0,9.0
42.0,2.0
41.0,0.0
38.0,3.0
51.0,4.0
33.0,4.0
42.0,10.0
35.0,6.0
