1.0,0.0
4.0,0.0
0.0,0.0
3.0,0.0
4.0,0.0
3.0,4.0
1.0,1.0
3.0,0.0
2.0,1.0
0.0,0.0
1.0,0.0
0.0,0.0
0.0,0.0
0.0,2.0
1.0,0.0
0.0,0.0
1.0,0.0
2.0,0.0
0.0,0.0
0.0,0.0
0.0,0.0
0.0,0.0
0.0,0.0
0.0,0.0
0.0,0.0
0.0,0.0
0.0,1.0
1.0,1.0
0.0,1.0
0.0,0.0
0.0,0.0
0.0,1.0
1.0,1.0
0.0,0.0
0.0,0.0
2.0,1.0
0.0,2.0
0.0,1.0
1.0,0.0
3.0,1.0
4.0,1.0
2.0,1.0
3.0,2.0
5.0,2.0
12.0,1.0
15.0,0.0
11.0,0.0
14.0,1.0
11.0,0.0
15.0,1.0
11.0,2.0
20.0,2.0
18.0,5.0
14.0,4.0
16.0,7.0
17.0,4.0
15.0,4.0
16.0,0.0
13.0,2.0
12.0,4.0
15.0,2.0
12.0,2.0
5.0,0.0
11.0,1.0
13.0,0.0
11.0,2.0
15.0,1.0
6.0,1.0
12.0,3.0
12.0,2.0
12.0,2.0
8.0,0.0
12.0,4.0
13.0,3.0
9.0,1.0
14.0,3.0
12.0,0.0
8.0,8.0
17.0,3.0
17.0,1.0
14.0,1.0
13.0,3.0
14.0,3.0
11.0,2.0
15.0,1.0
11.0,5.0
11.0,5.0
14.0,2.0
14.0,3.0
7.0,3.0
8.0,0.0
3.0,1.0
6.0,0.0
12.0,8.0
7.0,1.0
10.0,0.0
15.0,2.0
8.0,0.0
15.0,0.0
15.0,3.0
16.0,2.0
13.0,4.0
8.0,2.0
7.0,2.0
13.0,3.0
17.0,6.0
15.0,1.0
14.0,3.0
20.0,1.0
15.0,9.0
10.0,4.0
12.0,0.0
8.0,0.0
10.0,0.0
10.0,0.0
6.0,0.0
8.0,2.0
12.0,7.0
16.0,0.0
7.0,2.0
11.0,0.0
9.0,0.0
17.0,0.0
7.0,3.0
9.0,0.0
8.0,1.0
7.0,2.0
6.0,0.0
8.0,0.0
8.0,2.0
1.0,1.0
5.0,2.0
3.0,1.0
5.0,3.0
4.0,3.0
7.0,2.0
10.0,1.0
7.0,0.0
12.0,0.0
4.0,1.0
7.0,0.0
8.0,1.0
6.0,2.0
9.0,0.0
