63.0,12.0
55.0,1.0
57.0,9.0
44.0,5.0
51.0,12.0
53.0,6.0
37.0,15.0
27.0,6.0
28.0,3.0
55.0,19.0
31.0,4.0
40.0,3.0
29.0,4.0
28.0,0.0
24.0,0.0
27.0,1.0
28.0,0.0
26.0,0.0
19.0,2.0
22.0,0.0
21.0,2.0
17.0,0.0
25.0,0.0
19.0,7.0
22.0,6.0
13.0,3.0
15.0,6.0
8.0,11.0
13.0,24.0
11.0,2.0
17.0,10.0
11.0,4.0
5.0,7.0
3.0,3.0
6.0,1.0
6.0,5.0
5.0,4.0
3.0,1.0
6.0,5.0
24.0,1.0
30.0,2.0
38.0,1.0
70.0,2.0
83.0,1.0
81.0,7.0
90.0,34.0
112.0,69.0
115.0,75.0
125.0,64.0
136.0,58.0
144.0,42.0
144.0,49.0
160.0,21.0
128.0,13.0
165.0,2.0
157.0,6.0
142.0,3.0
137.0,1.0
134.0,2.0
109.0,5.0
89.0,2.0
94.0,2.0
96.0,3.0
74.0,0.0
91.0,1.0
101.0,2.0
102.0,1.0
100.0,3.0
75.0,1.0
115.0,5.0
106.0,4.0
103.0,5.0
104.0,2.0
96.0,4.0
117.0,5.0
120.0,7.0
132.0,6.0
124.0,2.0
125.0,9.0
133.0,20.0
127.0,27.0
125.0,16.0
134.0,32.0
118.0,11.0
131.0,19.0
111.0,13.0
123.0,12.0
114.0,18.0
106.0,19.0
122.0,23.0
112.0,43.0
98.0,110.0
92.0,83.0
163.0,12.0
141.0,9.0
155.0,7.0
144.0,11.0
141.0,9.0
146.0,13.0
163.0,11.0
152.0,20.0
209.0,29.0
265.0,117.0
199.0,193.0
202.0,322.0
209.0,455.0
195.0,227.0
171.0,263.0
167.0,257.0
173.0,183.0
220.0,143.0
242.0,21.0
200.0,6.0
169.0,8.0
179.0,9.0
184.0,5.0
162.0,6.0
168.0,14.0
136.0,5.0
190.0,45.0
239.0,22.0
220.0,11.0
208.0,17.0
176.0,15.0
174.0,14.0
167.0,19.0
180.0,101.0
141.0,134.0
143.0,75.0
118.0,72.0
153.0,100.0
141.0,42.0
146.0,49.0
143.0,23.0
112.0,12.0
101.0,5.0
88.0,5.0
80.0,2.0
83.0,3.0
48.0,4.0
75.0,5.0
79.0,0.0
70.0,4.0
56.0,0.0
