39.0,4.0
28.0,0.0
22.0,1.0
27.0,1.0
14.0,5.0
19.0,3.0
15.0,4.0
15.0,3.0
16.0,0.0
11.0,1.0
11.0,0.0
2.0,0.0
7.0,1.0
6.0,1.0
9.0,0.0
8.0,0.0
6.0,0.0
7.0,0.0
4.0,3.0
4.0,6.0
6.0,3.0
2.0,0.0
2.0,3.0
2.0,0.0
3.0,5.0
2.0,0.0
3.0,0.0
4.0,3.0
1.0,1.0
5.0,1.0
5.0,2.0
3.0,0.0
3.0,1.0
3.0,3.0
4.0,8.0
5.0,0.0
6.0,5.0
6.0,8.0
10.0,6.0
22.0,0.0
33.0,1.0
31.0,1.0
84.0,3.0
88.0,3.0
165.0,5.0
214.0,7.0
258.0,42.0
231.0,108.0
222.0,265.0
258.0,223.0
281.0,141.0
276.0,163.0
208.0,133.0
178.0,79.0
215.0,74.0
199.0,43.0
165.0,53.0
118.0,36.0
109.0,23.0
107.0,34.0
109.0,14.0
83.0,22.0
79.0,1.0
74.0,3.0
72.0,1.0
63.0,6.0
89.0,8.0
86.0,8.0
79.0,15.0
101.0,15.0
80.0,8.0
83.0,3.0
77.0,17.0
90.0,20.0
94.0,14.0
94.0,11.0
105.0,17.0
101.0,15.0
87.0,8.0
88.0,1.0
95.0,7.0
118.0,9.0
87.0,8.0
77.0,2.0
79.0,4.0
80.0,5.0
84.0,5.0
78.0,2.0
70.0,2.0
77.0,6.0
80.0,3.0
83.0,9.0
84.0,3.0
92.0,1.0
93.0,2.0
84.0,6.0
95.0,2.0
86.0,1.0
110.0,5.0
112.0,2.0
97.0,10.0
144.0,7.0
171.0,4.0
141.0,6.0
173.0,8.0
279.0,8.0
267.0,9.0
232.0,5.0
303.0,41.0
238.0,74.0
216.0,46.0
197.0,15.0
148.0,4.0
161.0,4.0
146.0,8.0
143.0,9.0
121.0,6.0
121.0,3.0
135.0,7.0
99.0,2.0
119.0,9.0
144.0,10.0
131.0,5.0
135.0,1.0
131.0,5.0
134.0,7.0
180.0,4.0
146.0,4.0
154.0,2.0
117.0,3.0
114.0,7.0
123.0,3.0
125.0,4.0
114.0,2.0
80.0,5.0
66.0,1.0
64.0,4.0
65.0,1.0
48.0,2.0
52.0,1.0
58.0,0.0
45.0,1.0
35.0,0.0
40.0,7.0
