42.0,1.0
49.0,6.0
47.0,2.0
47.0,3.0
41.0,1.0
41.0,5.0
37.0,6.0
38.0,21.0
43.0,13.0
31.0,9.0
36.0,19.0
22.0,9.0
33.0,30.0
29.0,42.0
34.0,14.0
21.0,16.0
18.0,30.0
17.0,24.0
16.0,10.0
11.0,23.0
20.0,26.0
21.0,35.0
17.0,37.0
10.0,12.0
7.0,14.0
10.0,6.0
14.0,20.0
6.0,2.0
7.0,13.0
4.0,12.0
5.0,3.0
5.0,4.0
5.0,7.0
1.0,4.0
3.0,2.0
4.0,1.0
6.0,7.0
7.0,7.0
4.0,6.0
14.0,2.0
17.0,0.0
16.0,0.0
34.0,1.0
24.0,3.0
32.0,2.0
35.0,1.0
36.0,0.0
49.0,1.0
53.0,7.0
64.0,2.0
52.0,0.0
62.0,3.0
71.0,2.0
53.0,2.0
67.0,2.0
44.0,2.0
97.0,1.0
90.0,2.0
86.0,15.0
81.0,8.0
109.0,11.0
97.0,7.0
104.0,6.0
116.0,5.0
107.0,7.0
118.0,5.0
120.0,13.0
124.0,5.0
115.0,4.0
129.0,8.0
125.0,5.0
135.0,7.0
134.0,0.0
138.0,2.0
151.0,8.0
125.0,7.0
153.0,6.0
167.0,8.0
157.0,12.0
161.0,6.0
176.0,9.0
170.0,18.0
193.0,21.0
194.0,33.0
184.0,22.0
185.0,77.0
182.0,106.0
217.0,87.0
206.0,77.0
185.0,99.0
192.0,88.0
169.0,145.0
145.0,164.0
188.0,85.0
186.0,114.0
182.0,134.0
176.0,150.0
169.0,172.0
180.0,191.0
164.0,252.0
179.0,286.0
187.0,317.0
201.0,270.0
195.0,242.0
190.0,234.0
238.0,220.0
220.0,152.0
218.0,152.0
225.0,139.0
169.0,67.0
180.0,29.0
143.0,13.0
136.0,7.0
121.0,7.0
140.0,7.0
107.0,6.0
127.0,8.0
96.0,3.0
97.0,8.0
107.0,3.0
141.0,3.0
114.0,4.0
92.0,6.0
143.0,5.0
113.0,8.0
118.0,4.0
129.0,10.0
83.0,2.0
98.0,3.0
92.0,2.0
110.0,1.0
96.0,3.0
81.0,5.0
74.0,2.0
80.0,3.0
62.0,3.0
64.0,1.0
67.0,0.0
65.0,3.0
56.0,2.0
57.0,1.0
72.0,8.0
59.0,1.0
39.0,4.0
