46.0,2.0
34.0,5.0
47.0,13.0
27.0,3.0
31.0,4.0
23.0,0.0
35.0,3.0
21.0,2.0
22.0,0.0
27.0,2.0
10.0,5.0
12.0,1.0
10.0,0.0
10.0,3.0
12.0,1.0
3.0,0.0
12.0,1.0
9.0,1.0
5.0,0.0
3.0,0.0
3.0,0.0
9.0,0.0
7.0,0.0
5.0,0.0
3.0,1.0
8.0,1.0
5.0,0.0
3.0,1.0
2.0,0.0
3.0,1.0
8.0,4.0
6.0,1.0
5.0,2.0
10.0,2.0
9.0,1.0
9.0,0.0
8.0,6.0
4.0,12.0
18.0,12.0
44.0,1.0
39.0,2.0
68.0,2.0
109.0,2.0
173.0,6.0
194.0,11.0
237.0,9.0
301.0,42.0
398.0,124.0
416.0,588.0
380.0,621.0
483.0,517.0
494.0,644.0
545.0,655.0
543.0,253.0
601.0,19.0
517.0,15.0
312.0,5.0
272.0,5.0
235.0,2.0
173.0,2.0
162.0,4.0
146.0,2.0
136.0,0.0
145.0,2.0
137.0,2.0
114.0,2.0
119.0,0.0
119.0,3.0
144.0,0.0
130.0,4.0
128.0,3.0
125.0,6.0
155.0,5.0
120.0,1.0
143.0,3.0
138.0,5.0
149.0,4.0
156.0,5.0
149.0,10.0
145.0,14.0
165.0,7.0
156.0,10.0
168.0,6.0
147.0,14.0
130.0,11.0
132.0,13.0
126.0,15.0
150.0,6.0
115.0,5.0
134.0,11.0
150.0,7.0
143.0,14.0
161.0,19.0
170.0,6.0
141.0,6.0
144.0,17.0
163.0,2.0
149.0,1.0
147.0,2.0
159.0,4.0
150.0,4.0
172.0,8.0
249.0,9.0
195.0,23.0
230.0,31.0
308.0,28.0
266.0,12.0
227.0,20.0
343.0,21.0
271.0,22.0
254.0,13.0
232.0,6.0
217.0,4.0
196.0,6.0
176.0,9.0
168.0,5.0
192.0,4.0
179.0,4.0
212.0,10.0
209.0,9.0
235.0,6.0
217.0,11.0
241.0,11.0
211.0,9.0
216.0,11.0
205.0,9.0
251.0,12.0
253.0,15.0
212.0,7.0
234.0,33.0
154.0,13.0
184.0,5.0
198.0,10.0
163.0,8.0
155.0,5.0
93.0,2.0
83.0,3.0
100.0,1.0
114.0,8.0
64.0,2.0
82.0,3.0
75.0,3.0
58.0,4.0
36.0,1.0
