11.0,8.0
24.0,2.0
10.0,2.0
13.0,4.0
19.0,5.0
9.0,2.0
13.0,3.0
9.0,14.0
6.0,5.0
21.0,7.0
8.0,2.0
8.0,11.0
6.0,3.0
6.0,1.0
6.0,0.0
2.0,1.0
4.0,0.0
3.0,1.0
2.0,1.0
3.0,2.0
0.0,3.0
2.0,0.0
3.0,0.0
1.0,0.0
4.0,1.0
2.0,2.0
1.0,0.0
2.0,0.0
2.0,0.0
2.0,1.0
0.0,1.0
3.0,1.0
2.0,0.0
0.0,1.0
0.0,1.0
2.0,2.0
1.0,0.0
2.0,3.0
3.0,3.0
1.0,1.0
4.0,0.0
8.0,0.0
8.0,2.0
15.0,5.0
14.0,1.0
27.0,2.0
35.0,6.0
34.0,5.0
54.0,12.0
55.0,15.0
35.0,5.0
42.0,5.0
44.0,13.0
31.0,4.0
26.0,7.0
29.0,4.0
19.0,6.0
38.0,6.0
17.0,9.0
22.0,4.0
11.0,4.0
22.0,7.0
19.0,12.0
21.0,6.0
21.0,5.0
17.0,4.0
31.0,8.0
36.0,8.0
26.0,7.0
21.0,8.0
24.0,6.0
31.0,15.0
19.0,5.0
20.0,3.0
22.0,3.0
20.0,3.0
19.0,10.0
20.0,6.0
14.0,10.0
24.0,8.0
19.0,7.0
31.0,10.0
20.0,14.0
22.0,11.0
32.0,5.0
21.0,8.0
20.0,12.0
22.0,6.0
23.0,5.0
23.0,9.0
22.0,7.0
24.0,9.0
28.0,10.0
31.0,7.0
31.0,4.0
29.0,5.0
32.0,10.0
27.0,7.0
28.0,20.0
29.0,6.0
42.0,8.0
46.0,20.0
59.0,14.0
42.0,13.0
41.0,8.0
50.0,10.0
40.0,6.0
33.0,11.0
35.0,12.0
42.0,14.0
54.0,18.0
36.0,14.0
38.0,7.0
38.0,11.0
26.0,4.0
35.0,8.0
32.0,18.0
35.0,9.0
27.0,22.0
30.0,12.0
36.0,15.0
27.0,2.0
31.0,20.0
22.0,10.0
19.0,13.0
19.0,12.0
24.0,6.0
23.0,10.0
12.0,8.0
24.0,8.0
18.0,2.0
18.0,10.0
22.0,8.0
23.0,7.0
22.0,14.0
13.0,7.0
16.0,3.0
14.0,18.0
26.0,19.0
14.0,4.0
8.0,0.0
17.0,4.0
17.0,4.0
20.0,8.0
