77.0,6.0
67.0,7.0
55.0,10.0
60.0,21.0
51.0,7.0
47.0,10.0
39.0,8.0
40.0,6.0
36.0,9.0
41.0,10.0
35.0,16.0
29.0,12.0
30.0,19.0
26.0,4.0
12.0,3.0
22.0,0.0
10.0,4.0
15.0,4.0
13.0,3.0
12.0,2.0
11.0,10.0
15.0,1.0
7.0,0.0
9.0,0.0
6.0,3.0
6.0,1.0
5.0,2.0
14.0,3.0
9.0,2.0
15.0,5.0
7.0,1.0
6.0,4.0
8.0,2.0
10.0,5.0
8.0,7.0
10.0,11.0
13.0,21.0
8.0,17.0
21.0,17.0
78.0,4.0
108.0,5.0
133.0,9.0
226.0,10.0
229.0,9.0
264.0,67.0
230.0,140.0
209.0,345.0
216.0,577.0
227.0,677.0
256.0,450.0
295.0,585.0
302.0,523.0
354.0,424.0
442.0,357.0
441.0,126.0
366.0,90.0
408.0,47.0
319.0,53.0
290.0,40.0
268.0,12.0
234.0,5.0
246.0,8.0
188.0,6.0
181.0,5.0
166.0,7.0
178.0,4.0
196.0,10.0
187.0,6.0
177.0,4.0
190.0,10.0
182.0,3.0
170.0,2.0
179.0,8.0
191.0,6.0
209.0,4.0
198.0,10.0
172.0,7.0
224.0,5.0
233.0,5.0
219.0,4.0
235.0,6.0
245.0,7.0
244.0,12.0
201.0,8.0
219.0,5.0
185.0,5.0
217.0,5.0
199.0,14.0
229.0,7.0
198.0,5.0
215.0,4.0
217.0,6.0
200.0,24.0
216.0,10.0
225.0,14.0
202.0,8.0
250.0,7.0
257.0,17.0
232.0,11.0
254.0,14.0
258.0,2.0
297.0,13.0
378.0,13.0
336.0,27.0
372.0,26.0
449.0,56.0
404.0,59.0
390.0,39.0
438.0,53.0
429.0,67.0
369.0,23.0
335.0,16.0
338.0,14.0
268.0,21.0
281.0,14.0
306.0,9.0
283.0,10.0
292.0,13.0
267.0,14.0
302.0,17.0
323.0,10.0
323.0,8.0
325.0,6.0
378.0,12.0
343.0,11.0
344.0,11.0
416.0,45.0
395.0,75.0
362.0,104.0
360.0,152.0
316.0,76.0
254.0,19.0
276.0,23.0
261.0,9.0
198.0,5.0
194.0,7.0
137.0,6.0
142.0,7.0
108.0,4.0
105.0,1.0
79.0,3.0
83.0,1.0
81.0,4.0
88.0,9.0
