63.0,7.0
63.0,8.0
53.0,6.0
48.0,4.0
49.0,3.0
32.0,3.0
31.0,0.0
33.0,4.0
21.0,4.0
33.0,7.0
23.0,12.0
35.0,3.0
23.0,1.0
21.0,2.0
26.0,1.0
20.0,0.0
21.0,2.0
9.0,1.0
13.0,0.0
15.0,2.0
14.0,4.0
11.0,2.0
14.0,6.0
5.0,0.0
6.0,0.0
6.0,0.0
11.0,1.0
7.0,3.0
8.0,1.0
6.0,1.0
5.0,3.0
8.0,3.0
3.0,3.0
5.0,5.0
6.0,4.0
6.0,5.0
6.0,14.0
9.0,4.0
11.0,7.0
26.0,0.0
31.0,2.0
48.0,1.0
75.0,3.0
104.0,2.0
129.0,2.0
138.0,7.0
142.0,7.0
149.0,14.0
162.0,36.0
159.0,41.0
167.0,25.0
178.0,24.0
140.0,31.0
93.0,21.0
112.0,3.0
114.0,1.0
82.0,3.0
100.0,3.0
99.0,3.0
80.0,6.0
85.0,7.0
80.0,6.0
92.0,5.0
97.0,4.0
89.0,3.0
80.0,6.0
95.0,5.0
104.0,0.0
90.0,1.0
101.0,5.0
102.0,7.0
86.0,0.0
90.0,2.0
87.0,3.0
88.0,1.0
101.0,4.0
99.0,4.0
101.0,5.0
99.0,3.0
112.0,2.0
103.0,3.0
115.0,2.0
123.0,2.0
116.0,0.0
112.0,4.0
99.0,2.0
117.0,4.0
137.0,3.0
119.0,3.0
106.0,3.0
116.0,2.0
129.0,2.0
107.0,1.0
147.0,1.0
122.0,3.0
115.0,0.0
147.0,5.0
136.0,2.0
148.0,8.0
153.0,5.0
157.0,3.0
165.0,0.0
165.0,6.0
179.0,17.0
162.0,4.0
171.0,6.0
174.0,5.0
171.0,3.0
146.0,2.0
134.0,6.0
129.0,5.0
126.0,7.0
130.0,1.0
147.0,5.0
131.0,0.0
137.0,5.0
120.0,1.0
128.0,3.0
105.0,2.0
140.0,3.0
144.0,1.0
143.0,0.0
146.0,4.0
161.0,6.0
150.0,3.0
131.0,2.0
109.0,1.0
161.0,3.0
139.0,1.0
121.0,6.0
121.0,6.0
123.0,4.0
117.0,6.0
88.0,2.0
90.0,6.0
98.0,2.0
79.0,2.0
73.0,1.0
74.0,2.0
68.0,4.0
67.0,4.0
52.0,5.0
66.0,3.0
49.0,0.0
