30.0,3.0
34.0,5.0
28.0,0.0
28.0,2.0
22.0,1.0
21.0,2.0
15.0,1.0
14.0,2.0
16.0,0.0
13.0,0.0
10.0,1.0
10.0,1.0
8.0,0.0
7.0,1.0
8.0,3.0
3.0,3.0
5.0,1.0
1.0,0.0
4.0,1.0
6.0,0.0
6.0,1.0
3.0,0.0
4.0,0.0
3.0,0.0
4.0,1.0
0.0,0.0
2.0,1.0
2.0,0.0
0.0,1.0
1.0,0.0
5.0,0.0
1.0,4.0
6.0,0.0
8.0,1.0
2.0,1.0
7.0,0.0
5.0,2.0
8.0,2.0
9.0,6.0
29.0,1.0
25.0,1.0
38.0,0.0
63.0,6.0
110.0,2.0
131.0,3.0
214.0,5.0
289.0,18.0
240.0,123.0
230.0,281.0
259.0,264.0
271.0,211.0
267.0,242.0
240.0,159.0
202.0,73.0
205.0,46.0
172.0,13.0
143.0,6.0
135.0,21.0
125.0,42.0
96.0,4.0
84.0,3.0
86.0,1.0
81.0,9.0
77.0,4.0
89.0,12.0
59.0,1.0
88.0,2.0
78.0,2.0
86.0,4.0
79.0,4.0
87.0,5.0
76.0,1.0
92.0,1.0
71.0,4.0
73.0,1.0
91.0,4.0
98.0,7.0
90.0,8.0
93.0,22.0
71.0,6.0
84.0,6.0
100.0,23.0
82.0,11.0
80.0,14.0
72.0,4.0
86.0,6.0
78.0,2.0
80.0,2.0
78.0,3.0
84.0,1.0
73.0,3.0
68.0,1.0
70.0,2.0
80.0,1.0
62.0,2.0
79.0,2.0
78.0,3.0
67.0,0.0
85.0,11.0
78.0,2.0
84.0,4.0
97.0,3.0
154.0,2.0
141.0,5.0
135.0,2.0
228.0,9.0
216.0,7.0
184.0,5.0
226.0,3.0
181.0,2.0
148.0,7.0
155.0,1.0
123.0,0.0
126.0,9.0
123.0,6.0
118.0,4.0
120.0,3.0
121.0,3.0
121.0,9.0
93.0,1.0
167.0,3.0
157.0,7.0
138.0,3.0
138.0,5.0
116.0,1.0
133.0,5.0
156.0,6.0
119.0,2.0
142.0,3.0
108.0,2.0
112.0,4.0
134.0,3.0
80.0,3.0
91.0,3.0
70.0,1.0
74.0,0.0
49.0,4.0
58.0,3.0
53.0,2.0
51.0,2.0
34.0,2.0
40.0,0.0
38.0,0.0
20.0,2.0
