13.0,8.0
20.0,4.0
15.0,5.0
17.0,3.0
18.0,5.0
13.0,0.0
17.0,5.0
23.0,1.0
16.0,0.0
8.0,4.0
12.0,2.0
11.0,1.0
10.0,1.0
3.0,1.0
4.0,1.0
10.0,1.0
4.0,1.0
3.0,1.0
8.0,1.0
4.0,2.0
6.0,1.0
3.0,1.0
1.0,0.0
2.0,1.0
3.0,0.0
2.0,3.0
0.0,0.0
5.0,3.0
1.0,2.0
1.0,1.0
0.0,0.0
1.0,0.0
2.0,1.0
0.0,1.0
1.0,0.0
1.0,0.0
3.0,1.0
1.0,0.0
2.0,2.0
3.0,5.0
7.0,5.0
7.0,0.0
9.0,2.0
20.0,6.0
26.0,3.0
33.0,5.0
37.0,8.0
45.0,7.0
62.0,17.0
56.0,8.0
45.0,10.0
53.0,2.0
60.0,9.0
51.0,6.0
42.0,5.0
26.0,14.0
23.0,7.0
27.0,2.0
38.0,8.0
30.0,5.0
34.0,10.0
25.0,20.0
25.0,15.0
27.0,7.0
31.0,5.0
26.0,11.0
26.0,18.0
39.0,12.0
43.0,20.0
36.0,22.0
42.0,7.0
41.0,9.0
34.0,16.0
30.0,7.0
37.0,16.0
42.0,8.0
22.0,9.0
22.0,18.0
34.0,13.0
40.0,17.0
32.0,13.0
30.0,20.0
30.0,8.0
49.0,9.0
34.0,13.0
30.0,13.0
37.0,23.0
33.0,14.0
39.0,17.0
31.0,8.0
42.0,14.0
38.0,21.0
30.0,19.0
27.0,15.0
55.0,9.0
36.0,16.0
41.0,13.0
36.0,8.0
41.0,15.0
49.0,25.0
30.0,13.0
44.0,11.0
68.0,16.0
47.0,25.0
62.0,21.0
59.0,30.0
56.0,37.0
48.0,21.0
58.0,34.0
58.0,33.0
69.0,16.0
62.0,24.0
59.0,31.0
56.0,27.0
43.0,13.0
56.0,15.0
61.0,18.0
43.0,13.0
36.0,15.0
34.0,12.0
38.0,1.0
48.0,16.0
35.0,21.0
37.0,9.0
30.0,14.0
27.0,11.0
39.0,7.0
24.0,12.0
30.0,19.0
34.0,10.0
31.0,23.0
28.0,10.0
32.0,14.0
31.0,13.0
22.0,14.0
29.0,14.0
21.0,3.0
40.0,22.0
25.0,11.0
29.0,10.0
21.0,16.0
23.0,9.0
19.0,5.0
15.0,8.0
