73.0,4.0
50.0,7.0
61.0,7.0
53.0,0.0
38.0,1.0
33.0,0.0
25.0,6.0
33.0,5.0
28.0,5.0
22.0,0.0
37.0,1.0
29.0,0.0
22.0,1.0
23.0,0.0
27.0,1.0
10.0,1.0
11.0,0.0
12.0,0.0
9.0,0.0
9.0,3.0
14.0,1.0
6.0,0.0
1.0,0.0
7.0,1.0
6.0,0.0
2.0,0.0
6.0,0.0
8.0,2.0
9.0,0.0
6.0,2.0
3.0,1.0
7.0,0.0
6.0,2.0
6.0,2.0
13.0,2.0
19.0,3.0
18.0,3.0
29.0,8.0
23.0,7.0
44.0,3.0
40.0,1.0
46.0,2.0
75.0,1.0
114.0,3.0
139.0,2.0
212.0,3.0
245.0,3.0
227.0,2.0
306.0,2.0
370.0,17.0
310.0,44.0
265.0,7.0
392.0,31.0
278.0,7.0
202.0,8.0
177.0,1.0
186.0,5.0
129.0,2.0
126.0,4.0
129.0,3.0
130.0,3.0
123.0,2.0
108.0,2.0
126.0,5.0
128.0,1.0
114.0,4.0
149.0,2.0
150.0,7.0
132.0,6.0
144.0,7.0
158.0,17.0
170.0,13.0
169.0,5.0
140.0,5.0
145.0,7.0
157.0,7.0
159.0,5.0
151.0,3.0
158.0,6.0
180.0,5.0
187.0,8.0
156.0,5.0
153.0,2.0
147.0,3.0
183.0,4.0
157.0,6.0
153.0,3.0
144.0,4.0
164.0,6.0
156.0,3.0
174.0,3.0
149.0,4.0
157.0,8.0
177.0,6.0
162.0,5.0
176.0,6.0
178.0,7.0
187.0,4.0
243.0,3.0
216.0,6.0
186.0,6.0
217.0,6.0
243.0,8.0
240.0,6.0
222.0,6.0
275.0,12.0
270.0,5.0
258.0,8.0
265.0,9.0
253.0,12.0
236.0,5.0
230.0,7.0
208.0,3.0
228.0,3.0
213.0,5.0
214.0,3.0
209.0,4.0
226.0,1.0
197.0,4.0
243.0,5.0
221.0,5.0
245.0,5.0
247.0,5.0
268.0,3.0
230.0,5.0
242.0,4.0
228.0,11.0
263.0,10.0
257.0,3.0
201.0,4.0
209.0,7.0
210.0,17.0
228.0,6.0
195.0,16.0
154.0,5.0
179.0,6.0
126.0,4.0
139.0,9.0
127.0,4.0
105.0,5.0
111.0,2.0
66.0,2.0
85.0,5.0
65.0,1.0
