32.0,0.0
18.0,1.0
24.0,4.0
16.0,0.0
16.0,0.0
12.0,0.0
14.0,0.0
7.0,1.0
6.0,0.0
12.0,0.0
8.0,1.0
6.0,0.0
6.0,1.0
7.0,1.0
6.0,0.0
6.0,3.0
5.0,0.0
6.0,2.0
2.0,0.0
2.0,0.0
2.0,0.0
6.0,0.0
2.0,0.0
3.0,0.0
4.0,1.0
1.0,1.0
4.0,0.0
2.0,0.0
1.0,1.0
5.0,2.0
1.0,0.0
1.0,0.0
0.0,0.0
2.0,0.0
6.0,0.0
2.0,0.0
4.0,4.0
4.0,2.0
4.0,2.0
13.0,0.0
16.0,0.0
12.0,1.0
42.0,3.0
40.0,0.0
55.0,1.0
58.0,2.0
90.0,4.0
98.0,9.0
114.0,12.0
114.0,32.0
95.0,15.0
134.0,44.0
101.0,68.0
75.0,4.0
70.0,0.0
46.0,0.0
70.0,2.0
42.0,0.0
51.0,1.0
40.0,0.0
33.0,1.0
42.0,0.0
33.0,1.0
39.0,2.0
23.0,2.0
40.0,2.0
36.0,4.0
44.0,3.0
42.0,2.0
55.0,4.0
43.0,3.0
40.0,2.0
39.0,4.0
47.0,2.0
44.0,2.0
46.0,4.0
43.0,1.0
53.0,1.0
41.0,5.0
52.0,3.0
58.0,1.0
48.0,1.0
52.0,4.0
41.0,2.0
44.0,0.0
36.0,0.0
49.0,3.0
51.0,0.0
50.0,3.0
45.0,2.0
40.0,2.0
48.0,2.0
40.0,2.0
50.0,1.0
52.0,3.0
65.0,3.0
64.0,2.0
53.0,2.0
62.0,0.0
59.0,2.0
56.0,2.0
65.0,1.0
91.0,2.0
86.0,3.0
90.0,5.0
111.0,5.0
102.0,8.0
105.0,6.0
100.0,1.0
81.0,1.0
78.0,1.0
86.0,4.0
67.0,1.0
76.0,2.0
68.0,0.0
52.0,0.0
65.0,3.0
55.0,3.0
54.0,2.0
54.0,2.0
54.0,1.0
56.0,1.0
63.0,2.0
58.0,0.0
56.0,1.0
54.0,2.0
62.0,2.0
60.0,0.0
55.0,1.0
51.0,1.0
57.0,3.0
46.0,2.0
56.0,2.0
47.0,1.0
32.0,1.0
38.0,1.0
37.0,1.0
40.0,0.0
39.0,5.0
33.0,2.0
32.0,0.0
29.0,3.0
34.0,4.0
18.0,3.0
