50.0,6.0
39.0,1.0
35.0,0.0
27.0,0.0
22.0,2.0
27.0,2.0
20.0,3.0
18.0,0.0
14.0,1.0
15.0,3.0
17.0,3.0
17.0,4.0
26.0,5.0
11.0,3.0
8.0,0.0
10.0,0.0
8.0,1.0
5.0,2.0
9.0,2.0
7.0,1.0
3.0,1.0
7.0,1.0
1.0,0.0
7.0,1.0
5.0,0.0
6.0,0.0
3.0,1.0
4.0,4.0
8.0,0.0
1.0,1.0
4.0,1.0
3.0,2.0
2.0,8.0
2.0,2.0
6.0,3.0
5.0,6.0
8.0,10.0
3.0,12.0
4.0,9.0
52.0,3.0
47.0,6.0
62.0,7.0
108.0,11.0
125.0,66.0
118.0,162.0
152.0,309.0
149.0,245.0
157.0,227.0
146.0,173.0
175.0,203.0
201.0,190.0
228.0,156.0
201.0,192.0
299.0,133.0
305.0,141.0
303.0,278.0
279.0,177.0
222.0,250.0
224.0,210.0
216.0,48.0
173.0,15.0
135.0,17.0
142.0,9.0
125.0,10.0
121.0,8.0
94.0,2.0
100.0,4.0
100.0,12.0
113.0,22.0
119.0,8.0
128.0,10.0
126.0,9.0
139.0,10.0
149.0,8.0
171.0,6.0
132.0,8.0
155.0,11.0
146.0,10.0
156.0,48.0
151.0,39.0
136.0,34.0
139.0,39.0
124.0,19.0
138.0,16.0
119.0,13.0
148.0,4.0
125.0,3.0
104.0,9.0
131.0,9.0
121.0,5.0
150.0,8.0
150.0,10.0
146.0,10.0
131.0,7.0
126.0,3.0
147.0,15.0
135.0,8.0
144.0,2.0
157.0,8.0
180.0,8.0
186.0,8.0
290.0,11.0
363.0,21.0
314.0,34.0
335.0,80.0
366.0,133.0
304.0,91.0
325.0,81.0
363.0,76.0
343.0,79.0
271.0,68.0
226.0,13.0
200.0,8.0
200.0,6.0
196.0,9.0
178.0,6.0
159.0,4.0
146.0,6.0
158.0,7.0
172.0,8.0
149.0,9.0
173.0,5.0
166.0,4.0
181.0,7.0
161.0,11.0
183.0,3.0
199.0,10.0
199.0,12.0
163.0,39.0
172.0,10.0
147.0,7.0
133.0,6.0
153.0,15.0
128.0,14.0
108.0,9.0
82.0,7.0
86.0,4.0
82.0,5.0
48.0,3.0
63.0,3.0
61.0,2.0
57.0,5.0
34.0,1.0
44.0,1.0
