47.0,1.0
26.0,2.0
18.0,1.0
17.0,0.0
22.0,1.0
16.0,0.0
22.0,0.0
16.0,0.0
19.0,0.0
15.0,1.0
17.0,0.0
8.0,1.0
9.0,1.0
12.0,2.0
11.0,2.0
5.0,1.0
10.0,0.0
5.0,0.0
13.0,0.0
6.0,0.0
5.0,0.0
7.0,0.0
7.0,1.0
10.0,0.0
7.0,0.0
0.0,2.0
5.0,1.0
8.0,0.0
3.0,0.0
5.0,2.0
4.0,0.0
5.0,1.0
5.0,3.0
2.0,1.0
4.0,1.0
6.0,4.0
4.0,8.0
7.0,23.0
13.0,16.0
47.0,4.0
50.0,2.0
64.0,7.0
98.0,7.0
104.0,19.0
117.0,114.0
127.0,172.0
154.0,231.0
155.0,320.0
162.0,388.0
188.0,404.0
174.0,599.0
176.0,514.0
194.0,425.0
200.0,243.0
254.0,200.0
202.0,353.0
208.0,239.0
168.0,252.0
150.0,142.0
155.0,131.0
141.0,55.0
137.0,33.0
121.0,16.0
111.0,12.0
82.0,1.0
102.0,4.0
87.0,5.0
105.0,17.0
111.0,13.0
97.0,29.0
80.0,24.0
87.0,49.0
100.0,82.0
85.0,59.0
89.0,33.0
94.0,31.0
111.0,47.0
116.0,103.0
97.0,86.0
80.0,71.0
91.0,79.0
97.0,70.0
103.0,32.0
103.0,71.0
105.0,37.0
89.0,28.0
79.0,36.0
139.0,37.0
95.0,18.0
102.0,18.0
91.0,5.0
109.0,11.0
104.0,49.0
116.0,47.0
88.0,34.0
85.0,38.0
144.0,3.0
128.0,4.0
127.0,2.0
144.0,6.0
162.0,8.0
189.0,11.0
242.0,27.0
274.0,48.0
233.0,44.0
305.0,81.0
264.0,81.0
251.0,107.0
281.0,131.0
286.0,116.0
250.0,43.0
271.0,26.0
225.0,12.0
197.0,6.0
156.0,4.0
173.0,11.0
173.0,8.0
166.0,9.0
172.0,8.0
169.0,18.0
186.0,10.0
157.0,5.0
158.0,6.0
156.0,6.0
182.0,18.0
187.0,13.0
169.0,20.0
186.0,19.0
182.0,18.0
151.0,7.0
129.0,12.0
146.0,12.0
147.0,20.0
125.0,3.0
86.0,1.0
98.0,6.0
94.0,3.0
64.0,2.0
71.0,1.0
53.0,0.0
51.0,4.0
42.0,0.0
47.0,1.0
43.0,1.0
