110.0,4.0
83.0,6.0
91.0,10.0
55.0,1.0
71.0,10.0
58.0,3.0
60.0,0.0
58.0,8.0
44.0,0.0
41.0,3.0
41.0,2.0
28.0,0.0
40.0,3.0
30.0,7.0
29.0,1.0
31.0,3.0
18.0,10.0
23.0,0.0
30.0,0.0
20.0,2.0
14.0,0.0
12.0,0.0
15.0,0.0
15.0,0.0
14.0,2.0
9.0,0.0
13.0,1.0
15.0,3.0
6.0,5.0
11.0,1.0
17.0,2.0
13.0,2.0
16.0,2.0
13.0,5.0
17.0,2.0
10.0,7.0
17.0,9.0
17.0,19.0
26.0,31.0
101.0,0.0
97.0,4.0
155.0,27.0
216.0,62.0
225.0,118.0
234.0,270.0
231.0,468.0
224.0,456.0
237.0,457.0
211.0,572.0
269.0,535.0
327.0,605.0
320.0,597.0
348.0,459.0
453.0,254.0
485.0,85.0
447.0,74.0
417.0,78.0
332.0,251.0
314.0,217.0
281.0,109.0
288.0,105.0
235.0,76.0
252.0,66.0
237.0,26.0
218.0,62.0
252.0,71.0
238.0,65.0
223.0,74.0
223.0,109.0
194.0,157.0
207.0,133.0
213.0,107.0
260.0,50.0
240.0,103.0
256.0,71.0
261.0,47.0
253.0,53.0
276.0,58.0
250.0,129.0
270.0,144.0
272.0,198.0
260.0,165.0
256.0,156.0
246.0,206.0
242.0,149.0
269.0,173.0
240.0,187.0
364.0,77.0
291.0,112.0
281.0,91.0
273.0,75.0
295.0,108.0
292.0,156.0
272.0,189.0
264.0,135.0
241.0,203.0
331.0,72.0
280.0,188.0
291.0,145.0
311.0,198.0
290.0,197.0
322.0,337.0
345.0,515.0
359.0,452.0
295.0,481.0
297.0,630.0
290.0,526.0
334.0,629.0
348.0,725.0
334.0,676.0
312.0,384.0
438.0,325.0
435.0,241.0
419.0,165.0
407.0,235.0
393.0,147.0
417.0,221.0
402.0,193.0
378.0,115.0
426.0,79.0
427.0,48.0
443.0,45.0
458.0,45.0
506.0,29.0
443.0,58.0
426.0,51.0
532.0,98.0
488.0,120.0
408.0,32.0
417.0,18.0
390.0,33.0
366.0,11.0
376.0,13.0
366.0,9.0
256.0,12.0
239.0,10.0
185.0,4.0
149.0,6.0
149.0,9.0
145.0,4.0
143.0,5.0
117.0,6.0
118.0,5.0
112.0,3.0
