45.0,2.0
27.0,1.0
35.0,6.0
39.0,3.0
32.0,0.0
27.0,3.0
24.0,1.0
26.0,2.0
30.0,1.0
21.0,2.0
18.0,1.0
19.0,1.0
13.0,1.0
7.0,2.0
11.0,2.0
12.0,1.0
19.0,5.0
16.0,3.0
11.0,2.0
2.0,2.0
9.0,0.0
7.0,2.0
5.0,9.0
3.0,0.0
7.0,0.0
7.0,1.0
3.0,0.0
5.0,1.0
3.0,0.0
6.0,1.0
9.0,0.0
4.0,0.0
4.0,0.0
2.0,0.0
9.0,3.0
7.0,1.0
8.0,3.0
9.0,7.0
13.0,7.0
25.0,2.0
27.0,1.0
47.0,1.0
95.0,1.0
134.0,1.0
191.0,3.0
251.0,6.0
310.0,8.0
390.0,12.0
502.0,133.0
488.0,378.0
504.0,147.0
529.0,344.0
529.0,441.0
489.0,55.0
503.0,15.0
490.0,10.0
315.0,6.0
268.0,7.0
230.0,4.0
185.0,5.0
142.0,1.0
142.0,3.0
124.0,5.0
139.0,0.0
124.0,3.0
110.0,2.0
104.0,4.0
127.0,3.0
140.0,0.0
140.0,3.0
135.0,6.0
113.0,2.0
123.0,3.0
125.0,2.0
110.0,4.0
151.0,4.0
131.0,2.0
150.0,2.0
142.0,5.0
147.0,3.0
155.0,9.0
156.0,3.0
164.0,3.0
162.0,6.0
142.0,5.0
128.0,6.0
128.0,8.0
136.0,9.0
120.0,6.0
105.0,4.0
125.0,10.0
105.0,39.0
126.0,41.0
182.0,2.0
137.0,1.0
132.0,3.0
143.0,4.0
160.0,1.0
168.0,4.0
151.0,3.0
148.0,5.0
172.0,3.0
262.0,10.0
218.0,8.0
214.0,8.0
289.0,34.0
269.0,26.0
241.0,8.0
313.0,17.0
238.0,11.0
236.0,8.0
224.0,7.0
175.0,4.0
221.0,8.0
169.0,3.0
149.0,4.0
157.0,7.0
178.0,5.0
205.0,8.0
188.0,7.0
235.0,7.0
219.0,8.0
223.0,6.0
211.0,9.0
202.0,3.0
220.0,6.0
287.0,9.0
215.0,7.0
203.0,9.0
213.0,11.0
233.0,19.0
207.0,4.0
170.0,18.0
132.0,5.0
127.0,1.0
124.0,9.0
101.0,5.0
114.0,7.0
107.0,4.0
99.0,4.0
87.0,5.0
74.0,8.0
72.0,1.0
47.0,5.0
