36.0,0.0
28.0,1.0
22.0,3.0
38.0,2.0
20.0,1.0
26.0,0.0
21.0,1.0
17.0,0.0
22.0,1.0
5.0,0.0
12.0,0.0
19.0,3.0
21.0,4.0
11.0,3.0
14.0,4.0
21.0,5.0
8.0,0.0
8.0,0.0
10.0,0.0
4.0,0.0
3.0,0.0
11.0,2.0
8.0,3.0
5.0,0.0
13.0,0.0
1.0,0.0
5.0,3.0
5.0,0.0
9.0,5.0
1.0,2.0
6.0,1.0
4.0,0.0
8.0,3.0
5.0,3.0
8.0,0.0
4.0,1.0
11.0,1.0
7.0,3.0
11.0,2.0
20.0,3.0
21.0,1.0
39.0,2.0
56.0,2.0
54.0,3.0
70.0,2.0
101.0,1.0
116.0,2.0
128.0,0.0
158.0,7.0
118.0,7.0
138.0,1.0
132.0,10.0
129.0,10.0
90.0,5.0
98.0,5.0
100.0,4.0
75.0,3.0
73.0,4.0
70.0,4.0
59.0,3.0
47.0,4.0
58.0,2.0
55.0,5.0
44.0,8.0
57.0,6.0
47.0,1.0
46.0,1.0
50.0,1.0
77.0,4.0
56.0,0.0
52.0,5.0
47.0,5.0
58.0,6.0
73.0,7.0
72.0,5.0
50.0,4.0
57.0,3.0
66.0,2.0
55.0,1.0
64.0,1.0
68.0,2.0
49.0,1.0
56.0,2.0
60.0,7.0
52.0,2.0
52.0,2.0
60.0,0.0
65.0,3.0
74.0,1.0
61.0,2.0
57.0,1.0
64.0,2.0
69.0,11.0
62.0,4.0
69.0,1.0
64.0,2.0
69.0,3.0
68.0,4.0
71.0,4.0
61.0,5.0
74.0,1.0
86.0,3.0
94.0,3.0
113.0,1.0
92.0,2.0
131.0,5.0
110.0,4.0
100.0,4.0
113.0,7.0
104.0,4.0
90.0,3.0
90.0,3.0
93.0,1.0
64.0,4.0
80.0,3.0
95.0,1.0
64.0,2.0
75.0,0.0
62.0,1.0
90.0,1.0
82.0,5.0
65.0,5.0
75.0,5.0
62.0,2.0
73.0,4.0
76.0,4.0
80.0,2.0
77.0,1.0
56.0,0.0
81.0,4.0
56.0,3.0
58.0,4.0
63.0,0.0
67.0,6.0
61.0,3.0
57.0,2.0
49.0,1.0
44.0,0.0
63.0,7.0
30.0,2.0
50.0,1.0
38.0,1.0
42.0,3.0
35.0,2.0
