73.0,8.0
68.0,6.0
70.0,11.0
46.0,7.0
60.0,22.0
57.0,11.0
38.0,2.0
31.0,4.0
29.0,2.0
39.0,5.0
34.0,0.0
33.0,1.0
19.0,4.0
42.0,25.0
33.0,43.0
23.0,9.0
16.0,2.0
14.0,2.0
14.0,2.0
18.0,2.0
8.0,0.0
10.0,0.0
15.0,4.0
13.0,2.0
7.0,0.0
5.0,2.0
10.0,0.0
7.0,2.0
6.0,0.0
8.0,0.0
2.0,0.0
8.0,3.0
7.0,7.0
4.0,5.0
7.0,0.0
7.0,0.0
6.0,6.0
6.0,0.0
8.0,2.0
19.0,3.0
17.0,2.0
25.0,0.0
47.0,4.0
44.0,1.0
57.0,1.0
76.0,3.0
71.0,2.0
103.0,2.0
111.0,2.0
100.0,7.0
83.0,1.0
113.0,3.0
97.0,2.0
81.0,4.0
89.0,2.0
84.0,3.0
78.0,0.0
80.0,2.0
97.0,6.0
87.0,4.0
97.0,4.0
94.0,4.0
78.0,1.0
88.0,1.0
79.0,1.0
82.0,4.0
76.0,2.0
94.0,1.0
100.0,3.0
91.0,3.0
96.0,2.0
71.0,2.0
93.0,2.0
89.0,4.0
86.0,4.0
94.0,3.0
86.0,2.0
109.0,1.0
111.0,3.0
105.0,2.0
92.0,6.0
96.0,3.0
110.0,1.0
104.0,1.0
111.0,3.0
108.0,3.0
96.0,3.0
107.0,3.0
148.0,2.0
123.0,2.0
118.0,3.0
107.0,2.0
114.0,10.0
111.0,4.0
145.0,5.0
121.0,8.0
121.0,6.0
142.0,1.0
159.0,5.0
155.0,3.0
150.0,4.0
169.0,5.0
192.0,3.0
160.0,5.0
175.0,1.0
169.0,7.0
156.0,2.0
154.0,5.0
135.0,3.0
114.0,2.0
116.0,6.0
122.0,6.0
130.0,3.0
113.0,5.0
105.0,2.0
99.0,5.0
105.0,5.0
112.0,4.0
147.0,3.0
117.0,2.0
134.0,2.0
141.0,3.0
136.0,2.0
146.0,3.0
148.0,8.0
125.0,1.0
146.0,5.0
176.0,7.0
176.0,8.0
143.0,3.0
139.0,2.0
164.0,7.0
161.0,5.0
136.0,2.0
86.0,1.0
80.0,1.0
87.0,5.0
105.0,7.0
98.0,3.0
86.0,1.0
60.0,5.0
76.0,4.0
84.0,4.0
85.0,10.0
