93.0,6.0
93.0,8.0
66.0,4.0
52.0,8.0
46.0,3.0
59.0,4.0
47.0,12.0
47.0,7.0
31.0,6.0
33.0,6.0
30.0,2.0
40.0,19.0
41.0,27.0
26.0,9.0
26.0,14.0
28.0,1.0
34.0,6.0
24.0,8.0
19.0,3.0
17.0,6.0
8.0,0.0
16.0,1.0
11.0,5.0
12.0,5.0
6.0,3.0
9.0,1.0
8.0,6.0
8.0,5.0
10.0,0.0
9.0,5.0
14.0,6.0
13.0,8.0
6.0,3.0
12.0,2.0
8.0,7.0
9.0,7.0
14.0,22.0
9.0,13.0
12.0,12.0
31.0,1.0
42.0,10.0
40.0,15.0
54.0,10.0
66.0,6.0
98.0,16.0
95.0,26.0
103.0,17.0
115.0,7.0
121.0,4.0
152.0,6.0
154.0,4.0
171.0,4.0
174.0,3.0
144.0,1.0
169.0,4.0
157.0,6.0
182.0,0.0
169.0,5.0
157.0,7.0
170.0,11.0
191.0,4.0
195.0,15.0
173.0,13.0
170.0,9.0
174.0,20.0
172.0,34.0
178.0,36.0
180.0,65.0
180.0,65.0
212.0,55.0
185.0,51.0
209.0,37.0
199.0,11.0
233.0,20.0
232.0,20.0
245.0,14.0
240.0,10.0
279.0,7.0
258.0,29.0
275.0,21.0
275.0,26.0
255.0,46.0
279.0,112.0
268.0,58.0
256.0,19.0
252.0,10.0
260.0,7.0
278.0,15.0
304.0,17.0
280.0,15.0
278.0,12.0
289.0,18.0
276.0,72.0
313.0,6.0
271.0,7.0
290.0,13.0
296.0,6.0
278.0,7.0
294.0,8.0
290.0,8.0
315.0,12.0
292.0,11.0
342.0,12.0
356.0,13.0
318.0,12.0
310.0,7.0
282.0,2.0
303.0,7.0
324.0,6.0
309.0,9.0
271.0,7.0
296.0,8.0
287.0,1.0
247.0,7.0
279.0,9.0
289.0,11.0
279.0,7.0
279.0,14.0
251.0,7.0
294.0,14.0
297.0,6.0
267.0,4.0
269.0,7.0
275.0,7.0
245.0,8.0
258.0,7.0
260.0,10.0
248.0,7.0
238.0,6.0
238.0,4.0
201.0,9.0
201.0,6.0
225.0,6.0
189.0,4.0
158.0,4.0
143.0,7.0
141.0,5.0
117.0,5.0
108.0,3.0
103.0,6.0
91.0,7.0
88.0,5.0
84.0,2.0
77.0,2.0
