60.0,18.0
43.0,11.0
37.0,22.0
42.0,24.0
37.0,20.0
40.0,18.0
30.0,14.0
30.0,8.0
33.0,0.0
23.0,10.0
28.0,12.0
30.0,11.0
17.0,5.0
11.0,0.0
21.0,4.0
21.0,2.0
21.0,5.0
7.0,6.0
13.0,0.0
13.0,3.0
9.0,2.0
9.0,1.0
9.0,2.0
6.0,2.0
6.0,0.0
6.0,4.0
5.0,12.0
1.0,7.0
7.0,2.0
4.0,1.0
11.0,3.0
4.0,0.0
5.0,0.0
8.0,4.0
5.0,3.0
9.0,1.0
8.0,4.0
10.0,3.0
12.0,0.0
24.0,0.0
52.0,2.0
52.0,1.0
92.0,2.0
129.0,3.0
170.0,1.0
192.0,10.0
205.0,31.0
206.0,53.0
201.0,43.0
208.0,56.0
197.0,48.0
188.0,61.0
195.0,61.0
148.0,17.0
164.0,1.0
148.0,18.0
128.0,4.0
110.0,1.0
117.0,4.0
127.0,1.0
93.0,4.0
99.0,1.0
99.0,1.0
128.0,4.0
102.0,3.0
106.0,2.0
111.0,0.0
104.0,5.0
119.0,4.0
124.0,3.0
116.0,5.0
110.0,5.0
103.0,4.0
87.0,1.0
97.0,4.0
122.0,4.0
105.0,6.0
143.0,3.0
114.0,3.0
131.0,2.0
99.0,2.0
141.0,6.0
119.0,3.0
117.0,1.0
103.0,1.0
120.0,3.0
101.0,4.0
110.0,1.0
104.0,6.0
115.0,3.0
123.0,6.0
120.0,3.0
136.0,11.0
142.0,0.0
125.0,3.0
125.0,6.0
153.0,6.0
156.0,0.0
182.0,4.0
172.0,6.0
181.0,4.0
235.0,7.0
270.0,9.0
267.0,13.0
228.0,8.0
242.0,6.0
201.0,2.0
186.0,5.0
217.0,7.0
160.0,6.0
160.0,7.0
166.0,8.0
147.0,4.0
149.0,3.0
145.0,5.0
127.0,3.0
113.0,6.0
126.0,2.0
126.0,4.0
129.0,6.0
176.0,4.0
164.0,4.0
193.0,10.0
165.0,2.0
140.0,6.0
157.0,2.0
186.0,13.0
145.0,7.0
146.0,5.0
153.0,6.0
121.0,3.0
114.0,4.0
133.0,13.0
107.0,3.0
95.0,7.0
95.0,7.0
83.0,0.0
85.0,3.0
84.0,3.0
73.0,7.0
63.0,2.0
71.0,4.0
68.0,19.0
50.0,50.0
