143.0,64.0
160.0,50.0
127.0,50.0
115.0,86.0
103.0,52.0
100.0,58.0
88.0,22.0
82.0,32.0
82.0,41.0
70.0,42.0
84.0,26.0
61.0,23.0
73.0,39.0
63.0,63.0
54.0,51.0
65.0,41.0
48.0,39.0
53.0,32.0
54.0,12.0
41.0,29.0
28.0,22.0
27.0,20.0
26.0,16.0
36.0,4.0
24.0,26.0
26.0,23.0
28.0,25.0
31.0,17.0
31.0,24.0
26.0,4.0
22.0,2.0
21.0,5.0
37.0,8.0
33.0,11.0
27.0,8.0
25.0,7.0
34.0,14.0
25.0,29.0
28.0,24.0
72.0,4.0
111.0,2.0
127.0,2.0
196.0,5.0
236.0,12.0
316.0,10.0
436.0,50.0
419.0,116.0
479.0,231.0
485.0,274.0
476.0,275.0
547.0,159.0
547.0,116.0
490.0,39.0
457.0,8.0
481.0,12.0
488.0,10.0
453.0,8.0
446.0,8.0
472.0,21.0
412.0,11.0
422.0,20.0
471.0,20.0
444.0,25.0
425.0,33.0
452.0,20.0
432.0,26.0
492.0,51.0
481.0,72.0
501.0,112.0
471.0,205.0
494.0,200.0
503.0,197.0
510.0,49.0
513.0,28.0
512.0,49.0
487.0,35.0
521.0,41.0
539.0,49.0
591.0,45.0
560.0,39.0
539.0,112.0
591.0,228.0
551.0,153.0
567.0,198.0
604.0,165.0
562.0,201.0
521.0,312.0
708.0,149.0
649.0,214.0
572.0,208.0
583.0,341.0
605.0,514.0
561.0,577.0
512.0,430.0
420.0,382.0
462.0,638.0
634.0,544.0
497.0,976.0
460.0,562.0
492.0,606.0
505.0,614.0
510.0,705.0
517.0,1012.0
453.0,758.0
451.0,900.0
462.0,910.0
384.0,921.0
389.0,877.0
462.0,985.0
413.0,707.0
435.0,406.0
469.0,353.0
459.0,289.0
512.0,338.0
529.0,627.0
525.0,436.0
591.0,636.0
565.0,551.0
615.0,378.0
691.0,201.0
658.0,312.0
750.0,289.0
693.0,386.0
684.0,691.0
598.0,887.0
572.0,730.0
646.0,744.0
563.0,910.0
578.0,805.0
565.0,882.0
599.0,738.0
635.0,555.0
550.0,382.0
524.0,263.0
468.0,74.0
385.0,29.0
347.0,26.0
306.0,13.0
245.0,4.0
208.0,10.0
207.0,8.0
222.0,44.0
173.0,49.0
151.0,60.0
