4.0,1.0
6.0,0.0
3.0,3.0
1.0,0.0
0.0,2.0
5.0,0.0
2.0,0.0
2.0,0.0
0.0,0.0
1.0,0.0
1.0,1.0
1.0,0.0
2.0,0.0
0.0,0.0
0.0,0.0
0.0,0.0
1.0,0.0
0.0,0.0
0.0,0.0
1.0,0.0
3.0,0.0
0.0,0.0
0.0,1.0
0.0,0.0
0.0,0.0
0.0,1.0
2.0,1.0
0.0,0.0
0.0,0.0
0.0,0.0
0.0,0.0
0.0,0.0
0.0,0.0
1.0,0.0
0.0,0.0
0.0,0.0
1.0,3.0
0.0,1.0
3.0,7.0
6.0,0.0
10.0,1.0
12.0,4.0
20.0,0.0
30.0,3.0
35.0,5.0
36.0,17.0
44.0,20.0
46.0,43.0
45.0,66.0
63.0,51.0
67.0,98.0
93.0,98.0
93.0,79.0
86.0,39.0
108.0,68.0
95.0,70.0
117.0,59.0
62.0,60.0
58.0,29.0
41.0,4.0
26.0,2.0
31.0,0.0
18.0,1.0
20.0,1.0
25.0,2.0
26.0,2.0
20.0,2.0
19.0,0.0
18.0,5.0
26.0,0.0
22.0,3.0
33.0,12.0
24.0,12.0
30.0,11.0
25.0,3.0
31.0,8.0
26.0,7.0
20.0,9.0
25.0,5.0
28.0,6.0
25.0,5.0
31.0,2.0
25.0,1.0
23.0,4.0
24.0,1.0
23.0,1.0
16.0,0.0
17.0,2.0
12.0,0.0
14.0,1.0
26.0,0.0
16.0,0.0
15.0,6.0
29.0,2.0
20.0,2.0
20.0,5.0
30.0,4.0
46.0,11.0
38.0,10.0
41.0,6.0
37.0,8.0
34.0,4.0
59.0,4.0
28.0,4.0
44.0,0.0
51.0,5.0
43.0,1.0
76.0,6.0
87.0,11.0
86.0,10.0
92.0,12.0
88.0,7.0
78.0,5.0
76.0,5.0
74.0,17.0
63.0,19.0
59.0,19.0
59.0,17.0
48.0,20.0
56.0,26.0
75.0,5.0
47.0,7.0
50.0,1.0
73.0,7.0
66.0,3.0
50.0,11.0
45.0,5.0
50.0,12.0
41.0,17.0
29.0,10.0
31.0,12.0
22.0,8.0
26.0,0.0
27.0,2.0
17.0,9.0
17.0,0.0
18.0,0.0
22.0,0.0
20.0,0.0
14.0,2.0
6.0,2.0
6.0,2.0
5.0,0.0
10.0,2.0
