38.0,8.0
23.0,4.0
18.0,0.0
13.0,0.0
13.0,0.0
12.0,0.0
12.0,1.0
4.0,0.0
6.0,0.0
1.0,2.0
2.0,1.0
1.0,0.0
4.0,3.0
1.0,1.0
5.0,1.0
2.0,1.0
2.0,0.0
1.0,0.0
0.0,0.0
1.0,0.0
1.0,0.0
1.0,0.0
0.0,0.0
0.0,0.0
0.0,0.0
1.0,0.0
0.0,0.0
2.0,0.0
0.0,0.0
1.0,0.0
1.0,0.0
0.0,0.0
1.0,0.0
2.0,0.0
2.0,0.0
4.0,0.0
4.0,1.0
4.0,0.0
9.0,1.0
26.0,0.0
26.0,2.0
28.0,1.0
57.0,5.0
82.0,1.0
120.0,1.0
163.0,7.0
199.0,7.0
169.0,5.0
279.0,12.0
285.0,146.0
248.0,40.0
264.0,5.0
275.0,93.0
205.0,32.0
149.0,2.0
104.0,3.0
90.0,6.0
87.0,1.0
106.0,2.0
71.0,3.0
53.0,2.0
76.0,1.0
57.0,1.0
62.0,0.0
79.0,2.0
47.0,1.0
64.0,1.0
68.0,1.0
79.0,8.0
85.0,4.0
76.0,1.0
74.0,4.0
83.0,2.0
68.0,2.0
72.0,4.0
75.0,4.0
95.0,6.0
71.0,0.0
76.0,6.0
82.0,0.0
74.0,2.0
71.0,3.0
78.0,4.0
76.0,5.0
59.0,2.0
81.0,0.0
51.0,1.0
64.0,3.0
68.0,0.0
73.0,2.0
77.0,3.0
83.0,1.0
88.0,3.0
92.0,6.0
74.0,2.0
86.0,10.0
87.0,2.0
94.0,3.0
87.0,0.0
99.0,4.0
91.0,5.0
101.0,2.0
127.0,1.0
118.0,7.0
101.0,3.0
203.0,14.0
193.0,9.0
131.0,1.0
170.0,3.0
193.0,0.0
148.0,6.0
137.0,5.0
136.0,3.0
106.0,5.0
99.0,2.0
91.0,6.0
99.0,5.0
114.0,3.0
89.0,3.0
103.0,8.0
103.0,0.0
106.0,5.0
86.0,4.0
134.0,3.0
93.0,4.0
80.0,5.0
122.0,0.0
113.0,3.0
76.0,3.0
81.0,1.0
88.0,4.0
79.0,3.0
88.0,1.0
69.0,0.0
49.0,4.0
51.0,2.0
30.0,5.0
34.0,1.0
26.0,1.0
23.0,0.0
27.0,3.0
21.0,2.0
15.0,1.0
14.0,0.0
