56.0,7.0
49.0,5.0
49.0,5.0
46.0,8.0
49.0,12.0
27.0,6.0
37.0,14.0
22.0,5.0
31.0,1.0
27.0,3.0
14.0,1.0
24.0,2.0
18.0,2.0
18.0,6.0
16.0,10.0
11.0,4.0
22.0,2.0
13.0,1.0
17.0,1.0
9.0,2.0
6.0,2.0
7.0,0.0
11.0,4.0
7.0,0.0
3.0,1.0
6.0,0.0
14.0,3.0
3.0,0.0
7.0,4.0
7.0,6.0
3.0,4.0
3.0,6.0
5.0,13.0
5.0,3.0
4.0,8.0
4.0,8.0
6.0,13.0
8.0,7.0
8.0,5.0
22.0,2.0
16.0,0.0
22.0,2.0
29.0,1.0
46.0,1.0
41.0,2.0
60.0,2.0
66.0,0.0
59.0,0.0
74.0,3.0
57.0,2.0
79.0,4.0
73.0,4.0
86.0,0.0
65.0,0.0
64.0,0.0
57.0,2.0
50.0,1.0
75.0,0.0
68.0,0.0
64.0,2.0
70.0,2.0
82.0,1.0
83.0,2.0
82.0,4.0
79.0,0.0
79.0,3.0
89.0,3.0
93.0,3.0
70.0,0.0
84.0,0.0
93.0,2.0
86.0,3.0
102.0,1.0
92.0,2.0
102.0,2.0
75.0,4.0
102.0,3.0
90.0,6.0
86.0,1.0
106.0,1.0
97.0,1.0
87.0,2.0
103.0,4.0
114.0,2.0
128.0,3.0
119.0,5.0
123.0,5.0
117.0,6.0
101.0,3.0
100.0,1.0
131.0,6.0
104.0,2.0
112.0,1.0
128.0,2.0
134.0,3.0
127.0,2.0
141.0,2.0
145.0,3.0
158.0,4.0
158.0,5.0
152.0,5.0
158.0,2.0
172.0,2.0
158.0,3.0
165.0,4.0
157.0,7.0
129.0,2.0
135.0,3.0
118.0,2.0
111.0,3.0
92.0,0.0
118.0,2.0
115.0,1.0
118.0,2.0
101.0,1.0
87.0,2.0
96.0,2.0
126.0,4.0
115.0,5.0
126.0,5.0
139.0,5.0
133.0,2.0
134.0,2.0
119.0,5.0
124.0,10.0
113.0,1.0
138.0,3.0
151.0,7.0
122.0,1.0
104.0,2.0
92.0,5.0
102.0,7.0
95.0,1.0
78.0,5.0
91.0,4.0
83.0,4.0
90.0,1.0
79.0,1.0
73.0,1.0
67.0,4.0
57.0,8.0
53.0,3.0
47.0,5.0
52.0,10.0
