37.0,3.0
27.0,0.0
22.0,2.0
18.0,0.0
18.0,1.0
18.0,1.0
17.0,0.0
14.0,0.0
8.0,1.0
11.0,0.0
14.0,0.0
3.0,0.0
19.0,1.0
6.0,0.0
6.0,1.0
6.0,0.0
5.0,0.0
3.0,0.0
6.0,0.0
11.0,0.0
1.0,0.0
4.0,0.0
2.0,0.0
4.0,0.0
6.0,2.0
2.0,8.0
3.0,1.0
1.0,0.0
2.0,2.0
5.0,0.0
2.0,1.0
5.0,0.0
4.0,1.0
6.0,1.0
5.0,2.0
2.0,4.0
7.0,8.0
7.0,7.0
12.0,3.0
26.0,2.0
38.0,1.0
44.0,2.0
101.0,1.0
119.0,1.0
143.0,12.0
234.0,17.0
264.0,131.0
224.0,277.0
197.0,429.0
215.0,301.0
243.0,137.0
266.0,180.0
234.0,165.0
213.0,101.0
206.0,87.0
221.0,91.0
158.0,56.0
135.0,71.0
128.0,64.0
116.0,48.0
110.0,33.0
90.0,13.0
83.0,9.0
81.0,11.0
80.0,23.0
79.0,8.0
85.0,6.0
69.0,19.0
78.0,12.0
104.0,10.0
81.0,12.0
96.0,25.0
93.0,26.0
76.0,49.0
91.0,13.0
93.0,32.0
91.0,41.0
95.0,31.0
119.0,53.0
94.0,40.0
87.0,30.0
84.0,27.0
81.0,27.0
81.0,18.0
73.0,12.0
82.0,11.0
70.0,19.0
68.0,8.0
76.0,5.0
76.0,6.0
96.0,30.0
81.0,41.0
73.0,6.0
93.0,7.0
79.0,2.0
82.0,3.0
91.0,3.0
102.0,5.0
85.0,2.0
85.0,2.0
91.0,1.0
96.0,1.0
166.0,0.0
138.0,4.0
158.0,3.0
278.0,12.0
220.0,13.0
166.0,2.0
235.0,11.0
245.0,7.0
151.0,4.0
181.0,9.0
164.0,3.0
139.0,6.0
129.0,0.0
107.0,6.0
127.0,3.0
107.0,5.0
126.0,10.0
127.0,4.0
154.0,5.0
150.0,7.0
154.0,7.0
150.0,1.0
140.0,8.0
140.0,6.0
152.0,4.0
155.0,6.0
154.0,6.0
152.0,6.0
131.0,2.0
119.0,7.0
101.0,1.0
88.0,4.0
103.0,3.0
85.0,1.0
75.0,1.0
86.0,8.0
58.0,2.0
45.0,2.0
45.0,5.0
41.0,4.0
34.0,0.0
31.0,2.0
