27.0,1.0
16.0,0.0
14.0,0.0
17.0,1.0
11.0,0.0
7.0,0.0
15.0,0.0
10.0,0.0
16.0,0.0
24.0,2.0
18.0,0.0
3.0,1.0
4.0,0.0
3.0,0.0
2.0,0.0
0.0,0.0
5.0,1.0
3.0,3.0
3.0,5.0
5.0,1.0
3.0,0.0
2.0,4.0
5.0,1.0
4.0,1.0
1.0,0.0
1.0,0.0
0.0,0.0
3.0,0.0
0.0,0.0
2.0,0.0
2.0,0.0
1.0,0.0
5.0,0.0
1.0,1.0
3.0,7.0
1.0,4.0
7.0,2.0
7.0,0.0
8.0,3.0
12.0,1.0
22.0,2.0
21.0,1.0
33.0,1.0
41.0,1.0
54.0,6.0
58.0,1.0
82.0,3.0
73.0,0.0
109.0,0.0
110.0,1.0
95.0,0.0
136.0,2.0
134.0,4.0
69.0,0.0
64.0,3.0
73.0,2.0
73.0,0.0
65.0,2.0
68.0,4.0
70.0,2.0
56.0,3.0
80.0,0.0
67.0,0.0
73.0,1.0
55.0,3.0
63.0,0.0
74.0,3.0
70.0,4.0
62.0,1.0
77.0,2.0
78.0,5.0
87.0,1.0
89.0,1.0
75.0,3.0
76.0,1.0
79.0,2.0
74.0,0.0
80.0,0.0
100.0,4.0
81.0,3.0
76.0,3.0
76.0,3.0
81.0,1.0
87.0,4.0
73.0,5.0
59.0,2.0
88.0,4.0
75.0,2.0
70.0,0.0
61.0,0.0
82.0,3.0
92.0,1.0
66.0,4.0
61.0,2.0
76.0,1.0
76.0,1.0
83.0,2.0
68.0,0.0
84.0,3.0
125.0,5.0
75.0,0.0
88.0,2.0
80.0,2.0
72.0,2.0
76.0,1.0
108.0,3.0
92.0,0.0
105.0,4.0
105.0,3.0
84.0,1.0
85.0,0.0
82.0,2.0
69.0,0.0
75.0,0.0
63.0,0.0
88.0,4.0
47.0,2.0
64.0,3.0
92.0,0.0
77.0,4.0
83.0,1.0
82.0,0.0
64.0,2.0
71.0,1.0
68.0,3.0
63.0,1.0
82.0,4.0
57.0,4.0
65.0,3.0
77.0,1.0
61.0,1.0
46.0,4.0
58.0,0.0
56.0,3.0
51.0,2.0
45.0,0.0
34.0,2.0
17.0,3.0
33.0,1.0
24.0,1.0
20.0,0.0
19.0,0.0
10.0,0.0
13.0,0.0
