38.0,0.0
35.0,3.0
23.0,1.0
37.0,3.0
25.0,0.0
18.0,0.0
31.0,0.0
17.0,1.0
19.0,0.0
21.0,1.0
13.0,0.0
12.0,3.0
16.0,1.0
14.0,1.0
7.0,0.0
6.0,2.0
5.0,3.0
9.0,0.0
10.0,2.0
2.0,0.0
2.0,0.0
7.0,6.0
3.0,0.0
3.0,0.0
3.0,0.0
5.0,0.0
4.0,0.0
3.0,0.0
2.0,1.0
4.0,1.0
3.0,2.0
5.0,0.0
3.0,0.0
8.0,2.0
7.0,4.0
7.0,0.0
8.0,0.0
9.0,5.0
14.0,6.0
47.0,5.0
40.0,6.0
54.0,2.0
90.0,3.0
120.0,4.0
131.0,7.0
155.0,24.0
164.0,53.0
167.0,162.0
155.0,404.0
172.0,325.0
172.0,234.0
173.0,232.0
192.0,204.0
242.0,183.0
271.0,92.0
248.0,37.0
219.0,16.0
219.0,22.0
149.0,15.0
139.0,3.0
124.0,4.0
94.0,4.0
88.0,2.0
113.0,3.0
90.0,0.0
98.0,2.0
103.0,2.0
97.0,5.0
99.0,1.0
110.0,2.0
110.0,3.0
88.0,5.0
108.0,3.0
103.0,1.0
100.0,8.0
108.0,6.0
101.0,8.0
114.0,3.0
113.0,6.0
120.0,4.0
105.0,9.0
113.0,15.0
126.0,5.0
109.0,5.0
116.0,2.0
123.0,3.0
111.0,5.0
102.0,2.0
100.0,2.0
104.0,1.0
103.0,3.0
123.0,7.0
95.0,29.0
126.0,8.0
123.0,3.0
110.0,4.0
132.0,3.0
124.0,4.0
139.0,4.0
163.0,7.0
163.0,10.0
166.0,10.0
248.0,17.0
236.0,28.0
218.0,56.0
258.0,121.0
205.0,181.0
232.0,119.0
253.0,182.0
231.0,172.0
243.0,98.0
230.0,20.0
227.0,14.0
171.0,10.0
183.0,6.0
165.0,7.0
161.0,13.0
157.0,5.0
164.0,9.0
159.0,15.0
165.0,7.0
159.0,7.0
153.0,6.0
147.0,8.0
143.0,6.0
118.0,4.0
147.0,2.0
179.0,14.0
154.0,9.0
141.0,4.0
134.0,5.0
159.0,13.0
137.0,7.0
138.0,7.0
132.0,2.0
129.0,5.0
92.0,2.0
101.0,2.0
78.0,3.0
81.0,2.0
60.0,6.0
51.0,4.0
56.0,3.0
50.0,2.0
