49.0,0.0
22.0,1.0
21.0,0.0
19.0,0.0
12.0,1.0
12.0,2.0
16.0,0.0
6.0,0.0
6.0,0.0
3.0,0.0
11.0,1.0
3.0,0.0
4.0,0.0
3.0,0.0
5.0,1.0
1.0,0.0
2.0,0.0
2.0,0.0
4.0,2.0
1.0,0.0
4.0,1.0
3.0,1.0
2.0,3.0
2.0,0.0
2.0,0.0
0.0,0.0
4.0,0.0
1.0,0.0
0.0,0.0
2.0,0.0
2.0,2.0
1.0,0.0
1.0,0.0
1.0,0.0
5.0,0.0
4.0,0.0
3.0,4.0
2.0,0.0
8.0,0.0
10.0,0.0
13.0,1.0
17.0,0.0
35.0,1.0
18.0,1.0
25.0,0.0
53.0,1.0
65.0,1.0
61.0,1.0
61.0,2.0
91.0,4.0
75.0,3.0
114.0,1.0
112.0,5.0
98.0,1.0
69.0,5.0
60.0,1.0
59.0,2.0
68.0,0.0
79.0,1.0
61.0,0.0
48.0,1.0
59.0,5.0
55.0,2.0
79.0,1.0
65.0,1.0
65.0,3.0
47.0,6.0
72.0,4.0
78.0,2.0
79.0,1.0
87.0,2.0
69.0,2.0
76.0,2.0
80.0,4.0
90.0,0.0
87.0,3.0
99.0,2.0
77.0,1.0
102.0,5.0
98.0,1.0
97.0,2.0
83.0,2.0
86.0,1.0
110.0,1.0
94.0,1.0
96.0,0.0
93.0,2.0
91.0,0.0
95.0,2.0
78.0,2.0
121.0,9.0
87.0,0.0
80.0,2.0
102.0,2.0
90.0,5.0
96.0,3.0
83.0,2.0
120.0,4.0
110.0,5.0
130.0,1.0
119.0,2.0
101.0,3.0
152.0,5.0
126.0,3.0
121.0,5.0
139.0,5.0
123.0,2.0
112.0,3.0
118.0,2.0
112.0,3.0
114.0,5.0
90.0,3.0
86.0,2.0
96.0,5.0
93.0,3.0
83.0,1.0
113.0,10.0
90.0,9.0
91.0,5.0
97.0,5.0
95.0,3.0
69.0,4.0
87.0,3.0
75.0,2.0
79.0,4.0
63.0,2.0
92.0,5.0
95.0,4.0
82.0,3.0
70.0,1.0
66.0,2.0
70.0,3.0
73.0,4.0
70.0,3.0
59.0,1.0
51.0,1.0
44.0,1.0
42.0,2.0
24.0,0.0
25.0,4.0
27.0,1.0
21.0,0.0
11.0,0.0
13.0,0.0
