85.0,3.0
90.0,7.0
70.0,5.0
58.0,2.0
65.0,7.0
68.0,18.0
54.0,5.0
42.0,2.0
41.0,1.0
34.0,4.0
38.0,7.0
34.0,4.0
32.0,9.0
28.0,5.0
18.0,2.0
24.0,0.0
25.0,2.0
23.0,5.0
17.0,2.0
12.0,2.0
16.0,1.0
7.0,1.0
9.0,2.0
5.0,10.0
7.0,0.0
5.0,0.0
12.0,0.0
4.0,0.0
6.0,0.0
9.0,3.0
8.0,5.0
13.0,9.0
5.0,0.0
12.0,3.0
17.0,6.0
6.0,6.0
17.0,1.0
20.0,7.0
12.0,2.0
22.0,0.0
35.0,1.0
28.0,0.0
53.0,2.0
59.0,1.0
52.0,0.0
66.0,0.0
96.0,4.0
78.0,0.0
91.0,0.0
117.0,4.0
114.0,1.0
110.0,2.0
134.0,3.0
101.0,5.0
102.0,4.0
100.0,2.0
111.0,1.0
97.0,5.0
125.0,3.0
119.0,6.0
96.0,3.0
101.0,2.0
99.0,3.0
110.0,2.0
108.0,4.0
126.0,2.0
134.0,6.0
130.0,1.0
133.0,3.0
121.0,4.0
141.0,2.0
158.0,4.0
141.0,4.0
138.0,5.0
159.0,4.0
142.0,4.0
166.0,4.0
177.0,3.0
161.0,6.0
167.0,6.0
169.0,4.0
171.0,7.0
178.0,4.0
176.0,13.0
149.0,7.0
170.0,7.0
151.0,3.0
152.0,1.0
169.0,4.0
154.0,2.0
180.0,12.0
166.0,2.0
157.0,3.0
178.0,10.0
164.0,3.0
174.0,8.0
189.0,2.0
196.0,3.0
174.0,3.0
220.0,5.0
208.0,3.0
210.0,8.0
179.0,3.0
195.0,7.0
251.0,7.0
272.0,8.0
254.0,8.0
252.0,5.0
236.0,10.0
241.0,6.0
215.0,8.0
244.0,4.0
229.0,15.0
225.0,8.0
194.0,6.0
192.0,7.0
188.0,5.0
186.0,3.0
184.0,6.0
218.0,7.0
195.0,4.0
192.0,2.0
204.0,8.0
223.0,2.0
173.0,4.0
228.0,9.0
196.0,3.0
196.0,2.0
228.0,11.0
217.0,15.0
183.0,3.0
260.0,13.0
265.0,4.0
212.0,5.0
171.0,6.0
127.0,5.0
150.0,7.0
130.0,5.0
88.0,1.0
94.0,1.0
104.0,3.0
73.0,2.0
63.0,3.0
56.0,1.0
