2.0,0.0
2.0,0.0
2.0,0.0
6.0,3.0
1.0,0.0
4.0,2.0
0.0,0.0
1.0,2.0
1.0,0.0
2.0,0.0
0.0,0.0
0.0,0.0
1.0,0.0
0.0,0.0
0.0,0.0
0.0,0.0
1.0,0.0
1.0,1.0
1.0,0.0
0.0,0.0
0.0,0.0
0.0,0.0
0.0,0.0
0.0,0.0
1.0,1.0
0.0,0.0
0.0,0.0
1.0,0.0
1.0,1.0
0.0,0.0
0.0,0.0
0.0,0.0
0.0,0.0
0.0,0.0
0.0,0.0
0.0,0.0
1.0,1.0
1.0,0.0
0.0,0.0
2.0,3.0
6.0,3.0
7.0,2.0
5.0,0.0
7.0,1.0
8.0,0.0
15.0,1.0
10.0,0.0
20.0,1.0
24.0,3.0
30.0,1.0
23.0,12.0
31.0,26.0
33.0,16.0
25.0,20.0
30.0,38.0
17.0,21.0
15.0,32.0
12.0,21.0
16.0,15.0
16.0,16.0
8.0,5.0
16.0,5.0
7.0,1.0
9.0,2.0
6.0,0.0
6.0,0.0
14.0,0.0
14.0,1.0
17.0,7.0
9.0,0.0
16.0,1.0
13.0,3.0
10.0,3.0
7.0,1.0
19.0,6.0
14.0,7.0
15.0,1.0
13.0,5.0
9.0,3.0
12.0,0.0
8.0,0.0
16.0,1.0
11.0,1.0
12.0,2.0
11.0,3.0
5.0,0.0
20.0,1.0
12.0,0.0
13.0,1.0
20.0,1.0
15.0,0.0
10.0,2.0
11.0,0.0
14.0,0.0
15.0,0.0
7.0,0.0
15.0,0.0
5.0,0.0
10.0,0.0
11.0,1.0
9.0,1.0
17.0,0.0
21.0,0.0
24.0,1.0
24.0,0.0
36.0,3.0
32.0,2.0
33.0,1.0
36.0,5.0
32.0,0.0
27.0,2.0
25.0,1.0
23.0,3.0
17.0,1.0
16.0,6.0
14.0,4.0
17.0,9.0
13.0,2.0
10.0,2.0
19.0,0.0
13.0,3.0
15.0,0.0
17.0,1.0
17.0,0.0
12.0,0.0
6.0,0.0
7.0,0.0
11.0,0.0
10.0,0.0
9.0,0.0
8.0,1.0
11.0,0.0
8.0,0.0
3.0,0.0
7.0,0.0
2.0,0.0
3.0,1.0
2.0,0.0
6.0,0.0
4.0,0.0
5.0,0.0
2.0,1.0
3.0,0.0
5.0,0.0
