17.0,9.0
19.0,3.0
18.0,0.0
19.0,1.0
17.0,2.0
20.0,3.0
10.0,3.0
11.0,0.0
3.0,1.0
10.0,3.0
7.0,3.0
7.0,5.0
6.0,0.0
9.0,3.0
8.0,2.0
3.0,0.0
6.0,4.0
3.0,1.0
2.0,2.0
5.0,6.0
5.0,4.0
0.0,0.0
1.0,0.0
0.0,1.0
1.0,0.0
1.0,0.0
1.0,1.0
1.0,2.0
3.0,0.0
0.0,0.0
2.0,0.0
4.0,0.0
0.0,0.0
0.0,0.0
1.0,2.0
0.0,2.0
1.0,0.0
0.0,0.0
4.0,2.0
2.0,0.0
5.0,0.0
7.0,3.0
10.0,3.0
21.0,1.0
22.0,2.0
26.0,6.0
33.0,8.0
30.0,4.0
38.0,9.0
58.0,17.0
41.0,13.0
41.0,11.0
46.0,12.0
40.0,10.0
25.0,2.0
28.0,11.0
37.0,4.0
34.0,9.0
21.0,4.0
24.0,2.0
30.0,7.0
28.0,7.0
16.0,10.0
26.0,13.0
26.0,13.0
24.0,10.0
22.0,15.0
27.0,8.0
28.0,17.0
39.0,19.0
28.0,10.0
21.0,15.0
23.0,5.0
18.0,3.0
31.0,8.0
18.0,1.0
34.0,0.0
30.0,11.0
19.0,17.0
28.0,4.0
35.0,12.0
29.0,6.0
23.0,12.0
27.0,11.0
32.0,16.0
29.0,5.0
35.0,16.0
28.0,8.0
31.0,5.0
23.0,4.0
25.0,11.0
24.0,17.0
37.0,5.0
28.0,14.0
31.0,15.0
34.0,8.0
48.0,17.0
32.0,12.0
40.0,21.0
49.0,9.0
36.0,16.0
41.0,15.0
66.0,36.0
50.0,13.0
49.0,13.0
71.0,19.0
41.0,28.0
51.0,11.0
53.0,23.0
42.0,21.0
51.0,7.0
58.0,19.0
53.0,32.0
50.0,18.0
39.0,9.0
42.0,18.0
35.0,14.0
30.0,8.0
32.0,9.0
29.0,7.0
40.0,17.0
26.0,6.0
26.0,8.0
21.0,7.0
26.0,8.0
30.0,7.0
31.0,6.0
36.0,10.0
29.0,18.0
28.0,13.0
13.0,8.0
32.0,9.0
28.0,6.0
19.0,15.0
15.0,3.0
9.0,4.0
24.0,2.0
25.0,30.0
32.0,24.0
22.0,18.0
22.0,7.0
23.0,7.0
21.0,4.0
21.0,2.0
