38.0,2.0
34.0,1.0
26.0,0.0
35.0,2.0
28.0,1.0
21.0,4.0
18.0,0.0
17.0,2.0
20.0,1.0
7.0,0.0
12.0,0.0
8.0,0.0
11.0,1.0
11.0,1.0
11.0,3.0
6.0,0.0
7.0,0.0
8.0,2.0
6.0,0.0
5.0,0.0
6.0,2.0
5.0,3.0
5.0,3.0
4.0,0.0
6.0,0.0
3.0,1.0
6.0,4.0
1.0,0.0
1.0,1.0
5.0,1.0
3.0,1.0
8.0,1.0
3.0,1.0
6.0,1.0
6.0,3.0
4.0,3.0
3.0,3.0
9.0,7.0
6.0,6.0
33.0,1.0
40.0,2.0
54.0,1.0
68.0,3.0
95.0,1.0
128.0,1.0
152.0,6.0
170.0,14.0
220.0,73.0
174.0,165.0
192.0,254.0
158.0,232.0
160.0,366.0
192.0,288.0
237.0,163.0
235.0,44.0
226.0,14.0
208.0,4.0
198.0,4.0
143.0,2.0
149.0,4.0
147.0,5.0
112.0,2.0
100.0,0.0
92.0,2.0
74.0,1.0
95.0,3.0
86.0,1.0
83.0,1.0
90.0,3.0
105.0,2.0
106.0,7.0
74.0,10.0
96.0,1.0
84.0,3.0
81.0,3.0
120.0,6.0
117.0,7.0
94.0,4.0
93.0,4.0
96.0,6.0
93.0,12.0
108.0,7.0
93.0,16.0
93.0,7.0
106.0,5.0
83.0,4.0
85.0,2.0
104.0,1.0
92.0,4.0
92.0,4.0
76.0,1.0
92.0,3.0
97.0,4.0
118.0,4.0
104.0,5.0
98.0,1.0
110.0,0.0
107.0,2.0
131.0,2.0
115.0,1.0
127.0,7.0
157.0,11.0
202.0,5.0
174.0,9.0
171.0,5.0
238.0,9.0
198.0,6.0
190.0,3.0
210.0,8.0
193.0,7.0
176.0,10.0
181.0,5.0
155.0,7.0
139.0,5.0
154.0,4.0
151.0,9.0
128.0,3.0
125.0,8.0
138.0,10.0
135.0,7.0
141.0,4.0
129.0,5.0
110.0,7.0
115.0,1.0
141.0,4.0
139.0,4.0
132.0,2.0
143.0,4.0
158.0,13.0
156.0,4.0
123.0,1.0
149.0,5.0
133.0,4.0
121.0,6.0
98.0,3.0
83.0,3.0
85.0,3.0
85.0,5.0
60.0,4.0
66.0,4.0
50.0,2.0
35.0,2.0
36.0,4.0
43.0,3.0
