54.0,1.0
49.0,2.0
34.0,4.0
25.0,1.0
32.0,1.0
33.0,1.0
25.0,0.0
24.0,2.0
27.0,3.0
29.0,1.0
25.0,0.0
19.0,0.0
25.0,0.0
17.0,4.0
15.0,1.0
17.0,2.0
10.0,0.0
15.0,0.0
13.0,0.0
11.0,1.0
7.0,2.0
5.0,2.0
14.0,3.0
4.0,2.0
4.0,0.0
3.0,2.0
9.0,0.0
6.0,1.0
4.0,1.0
5.0,3.0
3.0,8.0
8.0,0.0
3.0,0.0
6.0,2.0
8.0,1.0
13.0,4.0
14.0,7.0
15.0,7.0
24.0,1.0
46.0,3.0
38.0,1.0
52.0,3.0
86.0,3.0
98.0,3.0
133.0,2.0
236.0,6.0
269.0,1.0
228.0,6.0
333.0,7.0
372.0,8.0
289.0,4.0
352.0,4.0
377.0,5.0
271.0,7.0
215.0,7.0
242.0,3.0
189.0,2.0
150.0,3.0
150.0,4.0
149.0,4.0
128.0,3.0
121.0,3.0
120.0,3.0
133.0,2.0
124.0,3.0
133.0,5.0
112.0,3.0
138.0,2.0
124.0,5.0
130.0,9.0
143.0,6.0
159.0,4.0
149.0,11.0
163.0,7.0
132.0,2.0
166.0,3.0
140.0,3.0
180.0,8.0
176.0,2.0
175.0,2.0
162.0,5.0
139.0,4.0
175.0,6.0
137.0,4.0
162.0,3.0
140.0,5.0
131.0,5.0
130.0,2.0
151.0,5.0
138.0,6.0
165.0,8.0
165.0,23.0
151.0,28.0
161.0,2.0
156.0,8.0
142.0,4.0
196.0,5.0
180.0,4.0
158.0,4.0
223.0,4.0
193.0,3.0
186.0,3.0
266.0,3.0
257.0,10.0
256.0,8.0
277.0,6.0
265.0,2.0
240.0,8.0
259.0,5.0
251.0,9.0
241.0,7.0
241.0,2.0
213.0,1.0
210.0,4.0
201.0,3.0
197.0,6.0
215.0,2.0
209.0,2.0
213.0,6.0
215.0,3.0
205.0,8.0
220.0,4.0
175.0,3.0
212.0,11.0
210.0,9.0
203.0,3.0
256.0,5.0
259.0,9.0
181.0,8.0
201.0,8.0
168.0,2.0
205.0,4.0
191.0,4.0
138.0,1.0
145.0,2.0
96.0,6.0
104.0,0.0
103.0,0.0
70.0,1.0
84.0,5.0
67.0,2.0
59.0,0.0
74.0,3.0
63.0,4.0
