57.0,4.0
61.0,8.0
54.0,1.0
56.0,3.0
46.0,5.0
49.0,0.0
43.0,9.0
34.0,3.0
26.0,5.0
21.0,0.0
25.0,0.0
30.0,5.0
30.0,2.0
19.0,1.0
18.0,0.0
22.0,0.0
15.0,0.0
24.0,2.0
16.0,1.0
16.0,1.0
11.0,2.0
10.0,1.0
6.0,1.0
7.0,0.0
6.0,0.0
10.0,8.0
8.0,2.0
9.0,1.0
4.0,2.0
4.0,3.0
6.0,0.0
6.0,2.0
8.0,5.0
5.0,2.0
6.0,0.0
5.0,7.0
2.0,4.0
4.0,4.0
13.0,10.0
34.0,4.0
32.0,7.0
62.0,0.0
88.0,2.0
105.0,3.0
158.0,2.0
170.0,9.0
156.0,7.0
171.0,11.0
161.0,19.0
189.0,22.0
161.0,22.0
207.0,11.0
159.0,14.0
121.0,4.0
129.0,4.0
136.0,3.0
132.0,2.0
94.0,3.0
93.0,11.0
96.0,4.0
87.0,1.0
96.0,2.0
96.0,7.0
105.0,4.0
102.0,3.0
83.0,5.0
106.0,5.0
134.0,4.0
101.0,3.0
119.0,21.0
119.0,30.0
114.0,8.0
115.0,1.0
112.0,4.0
91.0,1.0
108.0,3.0
96.0,4.0
119.0,3.0
135.0,5.0
120.0,4.0
145.0,3.0
152.0,3.0
117.0,4.0
142.0,4.0
129.0,9.0
126.0,6.0
169.0,3.0
154.0,2.0
162.0,5.0
148.0,7.0
150.0,1.0
152.0,5.0
163.0,2.0
180.0,4.0
196.0,6.0
178.0,6.0
170.0,6.0
190.0,5.0
165.0,4.0
240.0,14.0
212.0,6.0
194.0,3.0
250.0,9.0
250.0,25.0
241.0,77.0
223.0,86.0
203.0,54.0
198.0,11.0
212.0,10.0
184.0,14.0
202.0,14.0
188.0,4.0
186.0,8.0
152.0,4.0
162.0,4.0
162.0,3.0
130.0,0.0
134.0,6.0
158.0,4.0
115.0,3.0
156.0,4.0
162.0,7.0
177.0,3.0
168.0,7.0
188.0,2.0
177.0,0.0
203.0,4.0
163.0,3.0
182.0,5.0
187.0,4.0
155.0,4.0
152.0,4.0
134.0,4.0
108.0,3.0
118.0,4.0
121.0,8.0
117.0,2.0
100.0,4.0
88.0,4.0
99.0,2.0
75.0,3.0
65.0,4.0
61.0,11.0
62.0,14.0
