29.0,2.0
31.0,2.0
29.0,1.0
30.0,3.0
24.0,0.0
23.0,1.0
26.0,1.0
21.0,1.0
17.0,0.0
24.0,7.0
20.0,0.0
14.0,2.0
12.0,0.0
17.0,4.0
11.0,0.0
11.0,2.0
13.0,0.0
7.0,3.0
12.0,3.0
10.0,2.0
9.0,1.0
8.0,2.0
3.0,0.0
3.0,2.0
6.0,0.0
4.0,0.0
7.0,0.0
2.0,0.0
2.0,0.0
5.0,5.0
5.0,4.0
3.0,0.0
4.0,1.0
4.0,2.0
0.0,3.0
3.0,6.0
4.0,5.0
11.0,8.0
10.0,7.0
19.0,0.0
23.0,2.0
31.0,1.0
44.0,3.0
71.0,1.0
65.0,2.0
106.0,2.0
96.0,2.0
127.0,1.0
145.0,1.0
139.0,10.0
134.0,5.0
152.0,11.0
127.0,12.0
81.0,3.0
84.0,1.0
81.0,0.0
61.0,1.0
63.0,3.0
55.0,4.0
59.0,1.0
58.0,1.0
53.0,1.0
55.0,3.0
49.0,2.0
51.0,0.0
38.0,2.0
53.0,2.0
48.0,0.0
76.0,3.0
57.0,0.0
61.0,1.0
56.0,2.0
67.0,3.0
41.0,2.0
50.0,5.0
51.0,5.0
50.0,0.0
57.0,1.0
63.0,1.0
65.0,3.0
64.0,3.0
48.0,3.0
53.0,3.0
56.0,3.0
51.0,1.0
59.0,2.0
52.0,1.0
50.0,1.0
49.0,5.0
51.0,1.0
48.0,2.0
55.0,0.0
59.0,2.0
57.0,5.0
69.0,6.0
51.0,6.0
56.0,3.0
65.0,2.0
59.0,5.0
62.0,5.0
69.0,2.0
64.0,4.0
66.0,6.0
74.0,2.0
82.0,5.0
116.0,2.0
103.0,2.0
96.0,2.0
91.0,2.0
89.0,3.0
95.0,3.0
83.0,2.0
72.0,7.0
81.0,1.0
69.0,3.0
75.0,3.0
65.0,3.0
65.0,5.0
74.0,2.0
79.0,2.0
74.0,3.0
69.0,3.0
62.0,1.0
79.0,1.0
84.0,6.0
82.0,3.0
81.0,0.0
66.0,2.0
76.0,0.0
55.0,0.0
61.0,0.0
57.0,3.0
51.0,3.0
59.0,5.0
59.0,1.0
48.0,0.0
51.0,3.0
55.0,1.0
36.0,0.0
42.0,0.0
43.0,1.0
34.0,1.0
47.0,1.0
39.0,3.0
