49.0,0.0
32.0,4.0
29.0,1.0
45.0,7.0
20.0,2.0
31.0,3.0
23.0,1.0
19.0,1.0
17.0,3.0
10.0,0.0
19.0,0.0
23.0,0.0
13.0,6.0
8.0,2.0
12.0,0.0
6.0,1.0
11.0,3.0
8.0,1.0
10.0,1.0
7.0,3.0
2.0,0.0
6.0,0.0
4.0,0.0
2.0,0.0
2.0,0.0
7.0,1.0
6.0,1.0
4.0,1.0
4.0,1.0
5.0,1.0
7.0,0.0
6.0,2.0
6.0,1.0
6.0,2.0
5.0,0.0
7.0,1.0
8.0,11.0
10.0,13.0
14.0,3.0
29.0,0.0
34.0,4.0
59.0,0.0
93.0,0.0
137.0,2.0
208.0,4.0
245.0,6.0
314.0,16.0
408.0,16.0
489.0,188.0
481.0,410.0
486.0,279.0
507.0,412.0
536.0,312.0
489.0,35.0
526.0,8.0
505.0,8.0
308.0,9.0
263.0,2.0
210.0,2.0
169.0,1.0
155.0,4.0
150.0,2.0
148.0,3.0
115.0,4.0
120.0,7.0
116.0,2.0
129.0,1.0
115.0,3.0
127.0,3.0
141.0,0.0
135.0,3.0
122.0,9.0
119.0,4.0
103.0,7.0
122.0,4.0
116.0,1.0
120.0,3.0
132.0,1.0
169.0,6.0
145.0,3.0
140.0,6.0
159.0,1.0
153.0,2.0
147.0,5.0
128.0,0.0
124.0,5.0
141.0,4.0
101.0,4.0
131.0,5.0
112.0,3.0
130.0,14.0
124.0,18.0
135.0,18.0
148.0,6.0
164.0,7.0
130.0,2.0
189.0,3.0
149.0,4.0
143.0,6.0
178.0,4.0
154.0,8.0
157.0,4.0
249.0,6.0
225.0,14.0
185.0,10.0
302.0,33.0
238.0,19.0
252.0,18.0
295.0,19.0
264.0,14.0
270.0,5.0
224.0,5.0
205.0,5.0
218.0,6.0
171.0,5.0
180.0,5.0
175.0,5.0
192.0,7.0
204.0,6.0
216.0,10.0
226.0,7.0
201.0,8.0
202.0,9.0
227.0,7.0
212.0,5.0
254.0,14.0
280.0,18.0
234.0,11.0
224.0,16.0
228.0,13.0
206.0,14.0
154.0,7.0
168.0,6.0
142.0,4.0
118.0,1.0
116.0,2.0
122.0,3.0
94.0,10.0
100.0,5.0
68.0,1.0
58.0,5.0
63.0,6.0
62.0,4.0
42.0,4.0
