33.0,3.0
25.0,10.0
34.0,1.0
25.0,1.0
17.0,0.0
13.0,0.0
7.0,3.0
10.0,4.0
6.0,0.0
9.0,0.0
11.0,2.0
8.0,1.0
7.0,0.0
6.0,0.0
8.0,0.0
7.0,1.0
6.0,0.0
5.0,1.0
8.0,0.0
2.0,2.0
5.0,1.0
7.0,0.0
4.0,4.0
2.0,0.0
2.0,0.0
4.0,1.0
3.0,5.0
3.0,1.0
3.0,0.0
2.0,1.0
2.0,2.0
2.0,0.0
2.0,0.0
8.0,1.0
5.0,0.0
5.0,2.0
4.0,5.0
8.0,15.0
14.0,12.0
23.0,2.0
33.0,0.0
26.0,0.0
74.0,0.0
113.0,4.0
151.0,7.0
240.0,8.0
289.0,77.0
230.0,212.0
205.0,373.0
233.0,347.0
263.0,276.0
271.0,242.0
273.0,178.0
243.0,98.0
232.0,63.0
200.0,55.0
163.0,15.0
139.0,18.0
149.0,34.0
133.0,41.0
87.0,4.0
69.0,4.0
68.0,2.0
85.0,3.0
69.0,4.0
54.0,1.0
64.0,3.0
62.0,2.0
81.0,4.0
83.0,5.0
82.0,11.0
80.0,7.0
73.0,5.0
94.0,7.0
75.0,10.0
93.0,0.0
82.0,14.0
85.0,7.0
96.0,6.0
93.0,2.0
105.0,0.0
103.0,7.0
73.0,5.0
80.0,9.0
86.0,7.0
79.0,3.0
66.0,6.0
75.0,3.0
68.0,3.0
57.0,2.0
84.0,3.0
75.0,3.0
72.0,3.0
88.0,0.0
84.0,5.0
81.0,2.0
66.0,1.0
82.0,0.0
73.0,1.0
94.0,0.0
78.0,1.0
111.0,2.0
148.0,12.0
137.0,5.0
135.0,7.0
244.0,14.0
211.0,3.0
186.0,6.0
226.0,8.0
218.0,5.0
200.0,6.0
154.0,4.0
164.0,1.0
118.0,5.0
110.0,1.0
120.0,5.0
127.0,4.0
121.0,3.0
90.0,4.0
101.0,4.0
138.0,5.0
154.0,6.0
143.0,6.0
162.0,6.0
115.0,1.0
123.0,6.0
163.0,8.0
119.0,2.0
111.0,5.0
109.0,4.0
131.0,5.0
101.0,3.0
109.0,1.0
98.0,0.0
84.0,4.0
59.0,2.0
70.0,4.0
59.0,0.0
49.0,2.0
32.0,1.0
42.0,3.0
33.0,1.0
27.0,2.0
31.0,1.0
