3.0,0.0
1.0,0.0
2.0,0.0
1.0,1.0
2.0,0.0
1.0,0.0
2.0,0.0
0.0,0.0
1.0,0.0
1.0,0.0
1.0,0.0
1.0,0.0
0.0,0.0
0.0,0.0
0.0,0.0
1.0,1.0
2.0,1.0
0.0,0.0
0.0,0.0
0.0,0.0
0.0,1.0
1.0,0.0
0.0,0.0
0.0,0.0
1.0,1.0
0.0,0.0
0.0,0.0
0.0,0.0
0.0,0.0
0.0,0.0
0.0,0.0
0.0,1.0
0.0,0.0
0.0,1.0
0.0,3.0
1.0,0.0
0.0,1.0
0.0,0.0
1.0,1.0
5.0,0.0
3.0,0.0
6.0,0.0
3.0,4.0
5.0,0.0
7.0,0.0
11.0,0.0
9.0,0.0
18.0,0.0
31.0,1.0
30.0,3.0
42.0,0.0
55.0,0.0
61.0,3.0
47.0,1.0
54.0,2.0
41.0,1.0
37.0,2.0
35.0,2.0
25.0,0.0
23.0,2.0
9.0,0.0
13.0,0.0
14.0,0.0
14.0,0.0
11.0,0.0
15.0,0.0
8.0,2.0
11.0,1.0
14.0,0.0
15.0,0.0
12.0,0.0
14.0,2.0
18.0,3.0
19.0,8.0
13.0,2.0
9.0,2.0
9.0,1.0
15.0,0.0
21.0,0.0
14.0,2.0
11.0,10.0
8.0,0.0
9.0,1.0
20.0,0.0
13.0,0.0
13.0,0.0
9.0,0.0
10.0,0.0
11.0,0.0
8.0,1.0
16.0,5.0
9.0,2.0
12.0,9.0
22.0,0.0
24.0,0.0
17.0,2.0
18.0,0.0
16.0,1.0
15.0,1.0
19.0,3.0
12.0,1.0
23.0,2.0
29.0,1.0
18.0,1.0
20.0,0.0
20.0,0.0
22.0,2.0
37.0,4.0
30.0,9.0
31.0,16.0
21.0,24.0
24.0,12.0
19.0,8.0
24.0,17.0
9.0,15.0
17.0,15.0
29.0,11.0
9.0,2.0
6.0,3.0
19.0,5.0
23.0,5.0
15.0,7.0
15.0,5.0
10.0,3.0
10.0,0.0
7.0,1.0
12.0,1.0
18.0,2.0
19.0,10.0
19.0,1.0
18.0,1.0
9.0,4.0
11.0,2.0
13.0,1.0
11.0,1.0
6.0,1.0
7.0,0.0
9.0,2.0
8.0,1.0
2.0,0.0
4.0,0.0
2.0,0.0
5.0,0.0
5.0,0.0
