5.0,7.0
17.0,16.0
16.0,11.0
14.0,13.0
15.0,4.0
11.0,7.0
15.0,2.0
5.0,1.0
6.0,0.0
9.0,0.0
5.0,0.0
7.0,3.0
8.0,3.0
2.0,1.0
4.0,0.0
3.0,1.0
6.0,0.0
1.0,0.0
7.0,3.0
1.0,1.0
3.0,1.0
1.0,2.0
2.0,0.0
0.0,0.0
3.0,2.0
1.0,0.0
4.0,0.0
2.0,1.0
4.0,1.0
2.0,0.0
2.0,3.0
3.0,0.0
1.0,0.0
0.0,0.0
3.0,5.0
5.0,7.0
7.0,4.0
4.0,9.0
13.0,8.0
17.0,1.0
35.0,4.0
43.0,1.0
71.0,3.0
116.0,18.0
128.0,38.0
123.0,62.0
125.0,103.0
135.0,203.0
144.0,248.0
126.0,185.0
188.0,125.0
199.0,119.0
190.0,106.0
203.0,36.0
164.0,2.0
149.0,7.0
105.0,6.0
123.0,2.0
110.0,1.0
102.0,5.0
68.0,3.0
61.0,0.0
69.0,0.0
67.0,5.0
66.0,1.0
71.0,3.0
71.0,1.0
60.0,0.0
71.0,3.0
63.0,1.0
67.0,1.0
74.0,3.0
77.0,3.0
56.0,2.0
59.0,3.0
68.0,1.0
69.0,2.0
78.0,4.0
66.0,7.0
86.0,3.0
66.0,6.0
75.0,1.0
68.0,2.0
60.0,3.0
60.0,1.0
80.0,1.0
66.0,3.0
60.0,2.0
70.0,3.0
61.0,3.0
74.0,2.0
70.0,8.0
67.0,30.0
79.0,1.0
79.0,1.0
64.0,2.0
56.0,1.0
82.0,2.0
84.0,1.0
95.0,2.0
76.0,1.0
95.0,2.0
131.0,4.0
129.0,13.0
113.0,22.0
131.0,56.0
108.0,33.0
99.0,10.0
112.0,10.0
92.0,1.0
96.0,5.0
81.0,2.0
75.0,2.0
65.0,5.0
78.0,1.0
71.0,2.0
66.0,2.0
58.0,1.0
49.0,0.0
64.0,2.0
54.0,1.0
61.0,0.0
65.0,3.0
69.0,5.0
67.0,1.0
70.0,2.0
68.0,2.0
60.0,4.0
57.0,2.0
62.0,4.0
50.0,3.0
39.0,0.0
35.0,2.0
48.0,2.0
50.0,1.0
34.0,0.0
16.0,0.0
33.0,2.0
19.0,1.0
26.0,1.0
19.0,1.0
13.0,1.0
17.0,0.0
15.0,0.0
