53.0,1.0
34.0,1.0
39.0,1.0
31.0,3.0
23.0,2.0
27.0,1.0
38.0,6.0
28.0,3.0
28.0,9.0
23.0,0.0
25.0,0.0
28.0,3.0
20.0,0.0
19.0,2.0
21.0,3.0
11.0,1.0
9.0,3.0
13.0,4.0
11.0,0.0
5.0,1.0
10.0,2.0
7.0,1.0
10.0,0.0
8.0,4.0
9.0,7.0
5.0,6.0
6.0,0.0
6.0,0.0
6.0,2.0
7.0,0.0
11.0,1.0
7.0,0.0
8.0,4.0
8.0,8.0
6.0,6.0
10.0,1.0
6.0,2.0
7.0,2.0
12.0,1.0
20.0,2.0
20.0,2.0
20.0,4.0
26.0,2.0
43.0,13.0
48.0,20.0
55.0,1.0
55.0,8.0
64.0,14.0
74.0,19.0
63.0,15.0
76.0,13.0
78.0,26.0
81.0,15.0
75.0,1.0
65.0,8.0
59.0,1.0
63.0,1.0
63.0,4.0
55.0,0.0
66.0,2.0
59.0,1.0
72.0,3.0
59.0,1.0
71.0,4.0
60.0,5.0
59.0,3.0
59.0,0.0
90.0,2.0
88.0,2.0
85.0,5.0
84.0,2.0
79.0,4.0
78.0,6.0
84.0,2.0
87.0,3.0
93.0,5.0
99.0,3.0
86.0,2.0
98.0,3.0
89.0,1.0
84.0,4.0
60.0,2.0
87.0,4.0
82.0,3.0
92.0,3.0
98.0,4.0
76.0,4.0
76.0,8.0
97.0,4.0
105.0,2.0
103.0,4.0
85.0,1.0
65.0,3.0
87.0,0.0
90.0,4.0
72.0,1.0
84.0,2.0
98.0,6.0
90.0,2.0
85.0,4.0
98.0,3.0
91.0,2.0
93.0,4.0
107.0,4.0
115.0,1.0
114.0,0.0
90.0,5.0
94.0,10.0
100.0,6.0
93.0,4.0
82.0,4.0
81.0,2.0
81.0,4.0
73.0,5.0
79.0,2.0
72.0,0.0
65.0,4.0
72.0,3.0
83.0,1.0
90.0,0.0
84.0,1.0
64.0,3.0
65.0,0.0
73.0,1.0
74.0,5.0
75.0,1.0
82.0,0.0
81.0,2.0
80.0,10.0
79.0,4.0
52.0,1.0
66.0,2.0
63.0,1.0
67.0,6.0
70.0,3.0
50.0,1.0
49.0,3.0
55.0,1.0
47.0,1.0
37.0,3.0
41.0,3.0
34.0,2.0
34.0,2.0
33.0,3.0
