43.0,3.0
37.0,5.0
48.0,2.0
29.0,1.0
30.0,0.0
28.0,4.0
29.0,3.0
35.0,1.0
25.0,0.0
19.0,3.0
15.0,0.0
18.0,4.0
18.0,0.0
18.0,1.0
12.0,4.0
16.0,5.0
10.0,6.0
7.0,3.0
11.0,1.0
9.0,0.0
6.0,1.0
6.0,2.0
1.0,2.0
4.0,0.0
3.0,0.0
4.0,0.0
4.0,2.0
8.0,1.0
1.0,1.0
6.0,2.0
5.0,3.0
6.0,2.0
2.0,2.0
14.0,2.0
11.0,5.0
8.0,5.0
11.0,0.0
10.0,29.0
15.0,11.0
42.0,0.0
41.0,0.0
71.0,1.0
109.0,3.0
131.0,2.0
214.0,6.0
279.0,19.0
333.0,25.0
422.0,38.0
427.0,458.0
450.0,575.0
525.0,428.0
551.0,459.0
505.0,508.0
594.0,198.0
571.0,18.0
489.0,7.0
337.0,6.0
291.0,5.0
241.0,2.0
189.0,3.0
159.0,3.0
168.0,5.0
152.0,3.0
139.0,8.0
158.0,3.0
148.0,6.0
140.0,2.0
149.0,2.0
143.0,6.0
153.0,10.0
179.0,14.0
149.0,6.0
155.0,2.0
160.0,5.0
142.0,4.0
173.0,3.0
206.0,5.0
189.0,8.0
187.0,11.0
181.0,5.0
207.0,11.0
179.0,12.0
163.0,8.0
156.0,6.0
168.0,15.0
169.0,4.0
142.0,10.0
150.0,2.0
157.0,4.0
143.0,12.0
171.0,10.0
172.0,12.0
149.0,4.0
185.0,11.0
163.0,7.0
187.0,8.0
208.0,13.0
218.0,8.0
184.0,17.0
210.0,14.0
198.0,16.0
234.0,25.0
358.0,43.0
314.0,40.0
274.0,29.0
328.0,237.0
247.0,241.0
272.0,249.0
315.0,345.0
288.0,324.0
303.0,258.0
337.0,161.0
302.0,88.0
325.0,30.0
285.0,43.0
281.0,33.0
275.0,27.0
239.0,26.0
240.0,9.0
265.0,12.0
276.0,10.0
299.0,8.0
321.0,16.0
315.0,22.0
310.0,21.0
340.0,16.0
365.0,63.0
299.0,24.0
316.0,64.0
295.0,39.0
278.0,8.0
235.0,5.0
232.0,15.0
224.0,9.0
183.0,7.0
153.0,2.0
121.0,3.0
124.0,4.0
106.0,4.0
102.0,9.0
76.0,7.0
56.0,8.0
63.0,6.0
65.0,6.0
