4.0,0.0
2.0,0.0
1.0,0.0
2.0,0.0
2.0,0.0
0.0,0.0
2.0,1.0
0.0,1.0
2.0,0.0
0.0,0.0
0.0,0.0
1.0,2.0
1.0,2.0
1.0,0.0
0.0,0.0
0.0,0.0
0.0,1.0
0.0,0.0
0.0,0.0
0.0,1.0
0.0,3.0
1.0,1.0
1.0,2.0
0.0,0.0
0.0,1.0
0.0,0.0
0.0,0.0
0.0,0.0
0.0,0.0
0.0,0.0
0.0,0.0
0.0,0.0
0.0,0.0
0.0,0.0
0.0,0.0
0.0,0.0
0.0,0.0
0.0,1.0
2.0,0.0
5.0,1.0
2.0,1.0
14.0,0.0
20.0,1.0
24.0,0.0
32.0,1.0
33.0,13.0
17.0,21.0
18.0,30.0
15.0,13.0
12.0,14.0
17.0,12.0
8.0,6.0
12.0,12.0
7.0,21.0
14.0,6.0
9.0,20.0
5.0,23.0
11.0,24.0
8.0,28.0
11.0,29.0
6.0,25.0
4.0,19.0
12.0,7.0
8.0,1.0
7.0,4.0
8.0,1.0
7.0,3.0
7.0,9.0
7.0,6.0
11.0,6.0
5.0,6.0
7.0,2.0
14.0,3.0
10.0,2.0
10.0,5.0
12.0,4.0
7.0,15.0
13.0,4.0
6.0,5.0
6.0,2.0
7.0,3.0
3.0,3.0
5.0,6.0
7.0,6.0
11.0,0.0
12.0,1.0
10.0,3.0
8.0,0.0
9.0,0.0
6.0,0.0
8.0,0.0
5.0,1.0
7.0,0.0
6.0,0.0
9.0,2.0
4.0,2.0
8.0,0.0
12.0,1.0
18.0,1.0
15.0,2.0
7.0,2.0
13.0,3.0
12.0,0.0
17.0,0.0
14.0,1.0
12.0,0.0
12.0,3.0
12.0,0.0
7.0,2.0
9.0,0.0
11.0,2.0
17.0,1.0
5.0,0.0
7.0,0.0
10.0,0.0
7.0,0.0
11.0,0.0
1.0,2.0
9.0,0.0
11.0,0.0
7.0,1.0
5.0,2.0
4.0,2.0
3.0,4.0
14.0,0.0
6.0,0.0
10.0,0.0
6.0,1.0
5.0,0.0
9.0,0.0
2.0,0.0
3.0,0.0
3.0,0.0
5.0,1.0
7.0,1.0
5.0,0.0
4.0,3.0
5.0,1.0
1.0,0.0
4.0,0.0
3.0,0.0
3.0,1.0
3.0,3.0
1.0,1.0
