23.0,1.0
27.0,1.0
15.0,2.0
11.0,1.0
14.0,1.0
16.0,3.0
7.0,1.0
14.0,2.0
16.0,3.0
6.0,5.0
8.0,1.0
7.0,2.0
7.0,4.0
5.0,1.0
8.0,0.0
8.0,2.0
9.0,1.0
6.0,2.0
7.0,0.0
5.0,1.0
5.0,0.0
5.0,4.0
1.0,0.0
5.0,3.0
4.0,0.0
7.0,0.0
3.0,0.0
3.0,0.0
4.0,4.0
2.0,2.0
3.0,0.0
1.0,0.0
4.0,2.0
7.0,1.0
4.0,0.0
3.0,3.0
3.0,1.0
4.0,1.0
4.0,4.0
7.0,4.0
18.0,6.0
22.0,20.0
26.0,13.0
33.0,17.0
46.0,26.0
69.0,6.0
62.0,31.0
74.0,18.0
86.0,25.0
80.0,24.0
96.0,12.0
99.0,12.0
109.0,15.0
96.0,8.0
88.0,6.0
118.0,9.0
123.0,8.0
124.0,4.0
105.0,10.0
115.0,22.0
104.0,15.0
116.0,3.0
112.0,8.0
108.0,6.0
105.0,13.0
89.0,6.0
91.0,15.0
97.0,10.0
96.0,7.0
120.0,24.0
96.0,10.0
104.0,22.0
108.0,27.0
88.0,25.0
109.0,20.0
124.0,21.0
93.0,23.0
111.0,21.0
104.0,42.0
101.0,51.0
112.0,74.0
107.0,50.0
108.0,63.0
109.0,49.0
110.0,51.0
95.0,54.0
92.0,33.0
92.0,30.0
75.0,18.0
81.0,26.0
101.0,42.0
90.0,57.0
87.0,47.0
90.0,38.0
72.0,37.0
94.0,29.0
128.0,9.0
102.0,43.0
97.0,26.0
108.0,27.0
109.0,48.0
110.0,43.0
138.0,59.0
117.0,69.0
114.0,68.0
126.0,78.0
127.0,44.0
124.0,27.0
117.0,8.0
101.0,1.0
81.0,1.0
128.0,7.0
121.0,2.0
91.0,3.0
82.0,7.0
62.0,6.0
64.0,0.0
65.0,7.0
58.0,14.0
66.0,12.0
86.0,4.0
86.0,14.0
66.0,2.0
63.0,25.0
83.0,22.0
66.0,9.0
51.0,8.0
67.0,6.0
53.0,10.0
73.0,11.0
63.0,4.0
55.0,6.0
62.0,21.0
42.0,7.0
39.0,8.0
37.0,4.0
41.0,1.0
35.0,4.0
34.0,2.0
37.0,4.0
33.0,4.0
19.0,1.0
25.0,1.0
28.0,1.0
