19.0,1.0
15.0,0.0
19.0,2.0
13.0,0.0
10.0,3.0
14.0,0.0
7.0,0.0
7.0,0.0
2.0,0.0
10.0,0.0
9.0,0.0
4.0,1.0
6.0,0.0
16.0,3.0
18.0,6.0
4.0,1.0
3.0,0.0
3.0,1.0
9.0,1.0
3.0,0.0
4.0,1.0
3.0,1.0
0.0,2.0
3.0,1.0
2.0,0.0
4.0,0.0
0.0,1.0
2.0,0.0
1.0,1.0
2.0,0.0
0.0,1.0
0.0,2.0
1.0,0.0
1.0,1.0
0.0,0.0
4.0,1.0
1.0,5.0
1.0,2.0
5.0,5.0
8.0,3.0
6.0,5.0
10.0,3.0
17.0,1.0
29.0,1.0
20.0,1.0
31.0,1.0
34.0,5.0
41.0,9.0
36.0,9.0
49.0,13.0
42.0,3.0
49.0,9.0
54.0,10.0
54.0,6.0
49.0,7.0
46.0,2.0
48.0,1.0
47.0,9.0
39.0,18.0
56.0,8.0
50.0,1.0
46.0,5.0
40.0,1.0
44.0,2.0
41.0,8.0
44.0,3.0
60.0,5.0
39.0,2.0
42.0,5.0
44.0,9.0
57.0,13.0
42.0,4.0
50.0,6.0
58.0,4.0
57.0,4.0
45.0,2.0
57.0,8.0
59.0,13.0
47.0,31.0
52.0,31.0
50.0,14.0
57.0,8.0
69.0,5.0
63.0,3.0
73.0,7.0
67.0,1.0
62.0,3.0
64.0,6.0
48.0,3.0
67.0,4.0
66.0,5.0
47.0,2.0
67.0,7.0
78.0,9.0
63.0,7.0
53.0,5.0
83.0,1.0
91.0,1.0
62.0,2.0
75.0,5.0
78.0,1.0
69.0,0.0
72.0,2.0
81.0,2.0
78.0,5.0
83.0,4.0
71.0,0.0
77.0,1.0
76.0,4.0
68.0,1.0
76.0,4.0
74.0,1.0
69.0,4.0
70.0,0.0
75.0,2.0
87.0,3.0
63.0,1.0
60.0,4.0
33.0,0.0
66.0,1.0
70.0,3.0
75.0,2.0
89.0,2.0
97.0,1.0
79.0,6.0
85.0,9.0
89.0,3.0
78.0,7.0
63.0,5.0
75.0,4.0
70.0,0.0
66.0,5.0
87.0,3.0
53.0,0.0
38.0,1.0
70.0,2.0
31.0,1.0
41.0,1.0
30.0,2.0
32.0,2.0
35.0,2.0
19.0,2.0
21.0,4.0
21.0,0.0
