45.0,4.0
47.0,3.0
39.0,3.0
50.0,4.0
39.0,4.0
37.0,0.0
37.0,0.0
46.0,3.0
22.0,2.0
42.0,3.0
29.0,1.0
33.0,6.0
17.0,2.0
19.0,6.0
10.0,1.0
13.0,7.0
15.0,4.0
12.0,2.0
7.0,1.0
11.0,0.0
7.0,4.0
9.0,1.0
8.0,1.0
4.0,1.0
5.0,0.0
7.0,2.0
5.0,0.0
11.0,0.0
4.0,0.0
3.0,3.0
8.0,0.0
3.0,1.0
5.0,1.0
7.0,0.0
6.0,0.0
6.0,0.0
8.0,5.0
4.0,9.0
10.0,4.0
18.0,3.0
20.0,2.0
22.0,2.0
41.0,1.0
58.0,3.0
52.0,5.0
90.0,23.0
106.0,17.0
131.0,16.0
137.0,3.0
127.0,3.0
109.0,0.0
157.0,4.0
182.0,7.0
149.0,2.0
138.0,3.0
162.0,2.0
155.0,8.0
152.0,5.0
150.0,7.0
137.0,3.0
135.0,3.0
131.0,2.0
141.0,2.0
144.0,1.0
135.0,5.0
126.0,6.0
135.0,5.0
153.0,7.0
152.0,5.0
160.0,7.0
148.0,6.0
140.0,1.0
167.0,6.0
153.0,3.0
182.0,3.0
176.0,4.0
165.0,7.0
182.0,3.0
178.0,2.0
217.0,3.0
191.0,2.0
188.0,4.0
221.0,4.0
223.0,4.0
194.0,5.0
199.0,4.0
159.0,4.0
166.0,7.0
203.0,6.0
199.0,6.0
232.0,7.0
214.0,18.0
186.0,13.0
183.0,8.0
208.0,10.0
215.0,8.0
238.0,2.0
227.0,11.0
249.0,6.0
256.0,4.0
218.0,10.0
228.0,10.0
239.0,14.0
255.0,13.0
239.0,19.0
254.0,9.0
233.0,5.0
219.0,5.0
215.0,8.0
230.0,7.0
223.0,9.0
195.0,4.0
200.0,5.0
207.0,13.0
202.0,5.0
178.0,4.0
204.0,5.0
202.0,6.0
206.0,3.0
180.0,7.0
243.0,7.0
222.0,7.0
227.0,8.0
207.0,9.0
221.0,3.0
224.0,5.0
233.0,9.0
206.0,12.0
193.0,7.0
179.0,5.0
144.0,5.0
160.0,6.0
136.0,4.0
133.0,3.0
127.0,5.0
120.0,3.0
104.0,2.0
106.0,6.0
128.0,66.0
92.0,5.0
62.0,9.0
69.0,4.0
48.0,5.0
36.0,3.0
