55.0,5.0
57.0,16.0
47.0,7.0
46.0,9.0
44.0,10.0
31.0,3.0
41.0,17.0
23.0,19.0
33.0,19.0
20.0,10.0
34.0,15.0
27.0,21.0
21.0,22.0
20.0,8.0
21.0,19.0
27.0,11.0
22.0,23.0
18.0,24.0
20.0,9.0
21.0,6.0
22.0,10.0
16.0,14.0
10.0,15.0
17.0,10.0
12.0,12.0
10.0,9.0
17.0,11.0
10.0,7.0
10.0,6.0
12.0,12.0
2.0,16.0
3.0,9.0
6.0,6.0
5.0,7.0
6.0,9.0
7.0,4.0
6.0,11.0
10.0,8.0
2.0,3.0
13.0,2.0
12.0,4.0
21.0,5.0
16.0,5.0
30.0,9.0
31.0,8.0
41.0,9.0
50.0,6.0
53.0,4.0
49.0,0.0
57.0,1.0
56.0,3.0
78.0,3.0
66.0,2.0
60.0,1.0
60.0,2.0
70.0,1.0
69.0,0.0
73.0,4.0
63.0,3.0
75.0,0.0
81.0,2.0
82.0,2.0
77.0,4.0
98.0,4.0
89.0,2.0
93.0,6.0
104.0,8.0
89.0,8.0
101.0,7.0
108.0,6.0
110.0,19.0
110.0,16.0
124.0,3.0
130.0,22.0
145.0,10.0
131.0,10.0
122.0,7.0
125.0,5.0
152.0,6.0
139.0,6.0
154.0,7.0
134.0,8.0
167.0,25.0
157.0,7.0
168.0,9.0
155.0,6.0
157.0,10.0
155.0,15.0
159.0,15.0
166.0,21.0
164.0,48.0
140.0,79.0
138.0,124.0
185.0,61.0
183.0,66.0
174.0,39.0
175.0,57.0
159.0,69.0
157.0,90.0
186.0,75.0
144.0,84.0
181.0,88.0
176.0,100.0
185.0,92.0
207.0,66.0
191.0,74.0
166.0,22.0
157.0,3.0
158.0,6.0
128.0,4.0
142.0,0.0
117.0,2.0
108.0,5.0
128.0,6.0
106.0,2.0
129.0,4.0
116.0,15.0
116.0,3.0
116.0,12.0
104.0,10.0
119.0,3.0
105.0,10.0
115.0,8.0
136.0,14.0
122.0,6.0
75.0,3.0
82.0,5.0
105.0,5.0
97.0,4.0
95.0,2.0
108.0,2.0
72.0,2.0
94.0,5.0
92.0,9.0
78.0,2.0
74.0,4.0
48.0,1.0
63.0,2.0
46.0,2.0
46.0,5.0
42.0,3.0
46.0,1.0
49.0,5.0
37.0,0.0
