45.0,5.0
47.0,1.0
39.0,5.0
35.0,5.0
36.0,1.0
40.0,6.0
44.0,6.0
22.0,3.0
33.0,4.0
17.0,4.0
16.0,1.0
17.0,4.0
16.0,7.0
17.0,3.0
12.0,1.0
19.0,3.0
5.0,0.0
6.0,0.0
6.0,5.0
10.0,5.0
6.0,1.0
6.0,5.0
3.0,2.0
5.0,0.0
1.0,0.0
2.0,1.0
3.0,1.0
3.0,1.0
5.0,1.0
4.0,4.0
4.0,0.0
9.0,1.0
3.0,3.0
5.0,0.0
3.0,11.0
5.0,5.0
10.0,2.0
7.0,3.0
13.0,4.0
26.0,0.0
23.0,1.0
50.0,4.0
99.0,2.0
135.0,2.0
159.0,5.0
212.0,8.0
289.0,11.0
438.0,14.0
508.0,98.0
511.0,303.0
514.0,92.0
542.0,284.0
519.0,355.0
495.0,36.0
468.0,13.0
464.0,10.0
307.0,4.0
236.0,6.0
195.0,4.0
186.0,1.0
162.0,2.0
136.0,4.0
122.0,2.0
131.0,2.0
125.0,0.0
122.0,4.0
112.0,3.0
117.0,2.0
147.0,5.0
136.0,1.0
112.0,4.0
133.0,3.0
134.0,7.0
116.0,6.0
108.0,4.0
120.0,1.0
138.0,4.0
158.0,5.0
141.0,3.0
160.0,2.0
141.0,4.0
143.0,2.0
151.0,7.0
116.0,2.0
128.0,4.0
152.0,4.0
127.0,2.0
133.0,5.0
130.0,3.0
134.0,4.0
103.0,4.0
145.0,3.0
130.0,4.0
140.0,4.0
168.0,3.0
127.0,5.0
135.0,1.0
131.0,4.0
148.0,2.0
170.0,2.0
149.0,11.0
156.0,5.0
256.0,11.0
207.0,10.0
222.0,16.0
281.0,43.0
267.0,20.0
251.0,27.0
329.0,32.0
284.0,27.0
245.0,15.0
265.0,8.0
247.0,11.0
180.0,6.0
208.0,9.0
195.0,2.0
201.0,2.0
192.0,7.0
211.0,7.0
229.0,10.0
207.0,4.0
230.0,5.0
206.0,4.0
228.0,7.0
204.0,10.0
257.0,9.0
286.0,14.0
248.0,9.0
232.0,5.0
300.0,12.0
236.0,16.0
243.0,10.0
221.0,9.0
176.0,5.0
175.0,4.0
141.0,6.0
165.0,6.0
115.0,3.0
112.0,7.0
106.0,1.0
99.0,10.0
87.0,2.0
91.0,13.0
58.0,13.0
