13.0,1.0
7.0,0.0
11.0,2.0
8.0,2.0
10.0,0.0
6.0,1.0
4.0,1.0
7.0,2.0
3.0,0.0
5.0,0.0
2.0,0.0
2.0,4.0
4.0,5.0
1.0,1.0
3.0,0.0
3.0,0.0
2.0,1.0
2.0,0.0
4.0,0.0
0.0,1.0
2.0,0.0
1.0,2.0
2.0,2.0
0.0,1.0
2.0,2.0
0.0,3.0
0.0,0.0
1.0,7.0
4.0,0.0
0.0,1.0
0.0,1.0
1.0,0.0
1.0,0.0
2.0,0.0
0.0,0.0
1.0,1.0
1.0,7.0
1.0,2.0
5.0,0.0
7.0,1.0
6.0,0.0
4.0,0.0
11.0,0.0
16.0,2.0
21.0,0.0
21.0,0.0
24.0,0.0
29.0,2.0
26.0,3.0
51.0,13.0
33.0,15.0
42.0,45.0
34.0,47.0
43.0,27.0
42.0,11.0
29.0,10.0
28.0,10.0
22.0,13.0
26.0,7.0
25.0,8.0
22.0,2.0
26.0,0.0
23.0,3.0
24.0,1.0
23.0,5.0
15.0,3.0
16.0,0.0
23.0,0.0
23.0,1.0
27.0,3.0
30.0,3.0
21.0,4.0
28.0,2.0
23.0,10.0
29.0,17.0
31.0,12.0
31.0,9.0
29.0,5.0
29.0,6.0
32.0,3.0
33.0,6.0
30.0,1.0
29.0,3.0
28.0,2.0
29.0,3.0
22.0,10.0
18.0,6.0
34.0,7.0
31.0,0.0
27.0,4.0
25.0,1.0
45.0,11.0
24.0,7.0
34.0,1.0
20.0,0.0
29.0,3.0
49.0,2.0
32.0,0.0
29.0,3.0
39.0,2.0
49.0,4.0
53.0,1.0
55.0,0.0
46.0,5.0
43.0,0.0
52.0,2.0
33.0,0.0
42.0,5.0
60.0,5.0
59.0,4.0
38.0,2.0
50.0,4.0
39.0,1.0
46.0,3.0
41.0,0.0
38.0,1.0
33.0,0.0
34.0,3.0
38.0,1.0
34.0,2.0
32.0,2.0
34.0,1.0
36.0,0.0
40.0,3.0
38.0,1.0
34.0,1.0
34.0,1.0
45.0,3.0
25.0,0.0
29.0,2.0
30.0,2.0
33.0,1.0
35.0,1.0
25.0,0.0
25.0,2.0
23.0,2.0
22.0,0.0
24.0,0.0
17.0,0.0
20.0,0.0
8.0,2.0
7.0,0.0
14.0,0.0
14.0,3.0
