10.0,7.0
3.0,0.0
4.0,0.0
5.0,0.0
3.0,1.0
2.0,2.0
8.0,2.0
3.0,0.0
4.0,3.0
0.0,0.0
5.0,1.0
4.0,1.0
4.0,5.0
0.0,0.0
2.0,1.0
0.0,3.0
2.0,0.0
1.0,0.0
0.0,0.0
0.0,0.0
0.0,0.0
1.0,0.0
0.0,0.0
0.0,0.0
1.0,0.0
0.0,0.0
0.0,0.0
0.0,0.0
1.0,0.0
0.0,1.0
0.0,0.0
3.0,0.0
1.0,0.0
1.0,1.0
1.0,1.0
0.0,0.0
2.0,1.0
2.0,4.0
0.0,4.0
2.0,1.0
5.0,1.0
9.0,10.0
7.0,0.0
6.0,13.0
9.0,10.0
27.0,28.0
23.0,15.0
21.0,31.0
31.0,28.0
31.0,17.0
29.0,35.0
46.0,33.0
34.0,34.0
46.0,12.0
42.0,5.0
23.0,6.0
38.0,5.0
35.0,6.0
33.0,2.0
28.0,7.0
41.0,23.0
34.0,11.0
41.0,12.0
27.0,3.0
28.0,7.0
26.0,9.0
25.0,8.0
27.0,12.0
23.0,11.0
21.0,9.0
35.0,16.0
23.0,16.0
34.0,28.0
26.0,37.0
35.0,25.0
28.0,32.0
27.0,34.0
34.0,15.0
36.0,39.0
39.0,26.0
22.0,26.0
26.0,26.0
26.0,37.0
19.0,17.0
30.0,10.0
30.0,20.0
30.0,20.0
36.0,7.0
32.0,6.0
33.0,5.0
37.0,16.0
32.0,3.0
27.0,0.0
24.0,11.0
27.0,8.0
24.0,2.0
26.0,0.0
37.0,1.0
37.0,0.0
29.0,0.0
38.0,2.0
35.0,2.0
47.0,2.0
46.0,1.0
29.0,0.0
48.0,1.0
55.0,3.0
47.0,0.0
45.0,2.0
40.0,4.0
46.0,5.0
42.0,1.0
42.0,0.0
42.0,0.0
23.0,1.0
25.0,1.0
33.0,6.0
26.0,4.0
16.0,2.0
18.0,0.0
20.0,0.0
27.0,1.0
26.0,12.0
27.0,2.0
17.0,5.0
17.0,0.0
13.0,1.0
21.0,2.0
12.0,2.0
18.0,1.0
14.0,2.0
25.0,1.0
16.0,2.0
22.0,4.0
17.0,1.0
17.0,2.0
15.0,0.0
13.0,1.0
13.0,1.0
9.0,1.0
6.0,0.0
8.0,0.0
4.0,1.0
3.0,0.0
