99.0,97.0
99.0,94.0
96.0,89.0
77.0,81.0
94.0,54.0
68.0,50.0
75.0,76.0
73.0,84.0
43.0,69.0
56.0,27.0
61.0,42.0
52.0,48.0
51.0,68.0
42.0,30.0
42.0,30.0
42.0,25.0
40.0,29.0
33.0,47.0
21.0,9.0
20.0,16.0
25.0,20.0
30.0,10.0
25.0,19.0
25.0,27.0
20.0,21.0
27.0,19.0
22.0,15.0
18.0,16.0
20.0,5.0
22.0,11.0
20.0,10.0
21.0,5.0
28.0,15.0
29.0,40.0
32.0,19.0
24.0,28.0
31.0,47.0
28.0,41.0
35.0,32.0
94.0,6.0
108.0,12.0
141.0,36.0
208.0,43.0
249.0,53.0
289.0,125.0
376.0,114.0
380.0,215.0
394.0,278.0
416.0,397.0
463.0,438.0
501.0,218.0
489.0,135.0
468.0,74.0
412.0,24.0
364.0,12.0
370.0,10.0
368.0,4.0
304.0,12.0
333.0,6.0
291.0,8.0
325.0,13.0
364.0,10.0
373.0,10.0
362.0,10.0
356.0,8.0
353.0,8.0
403.0,6.0
407.0,9.0
419.0,9.0
411.0,10.0
391.0,8.0
389.0,7.0
432.0,11.0
445.0,6.0
452.0,23.0
401.0,19.0
404.0,12.0
418.0,26.0
441.0,15.0
468.0,16.0
463.0,14.0
464.0,36.0
456.0,19.0
488.0,46.0
508.0,27.0
491.0,50.0
513.0,109.0
443.0,146.0
453.0,119.0
478.0,127.0
470.0,252.0
392.0,431.0
376.0,427.0
646.0,14.0
543.0,20.0
545.0,19.0
576.0,24.0
565.0,30.0
531.0,17.0
523.0,20.0
548.0,25.0
669.0,86.0
604.0,446.0
547.0,507.0
555.0,584.0
477.0,705.0
488.0,683.0
496.0,466.0
556.0,432.0
563.0,128.0
527.0,46.0
464.0,13.0
452.0,7.0
447.0,13.0
436.0,15.0
415.0,11.0
399.0,9.0
383.0,12.0
407.0,25.0
416.0,24.0
464.0,15.0
453.0,17.0
440.0,15.0
429.0,23.0
456.0,19.0
463.0,73.0
468.0,70.0
421.0,77.0
370.0,112.0
378.0,173.0
368.0,105.0
382.0,132.0
368.0,124.0
312.0,76.0
258.0,31.0
264.0,19.0
256.0,10.0
192.0,20.0
186.0,13.0
165.0,28.0
133.0,30.0
159.0,102.0
136.0,220.0
100.0,115.0
