50.0,1.0
31.0,4.0
45.0,4.0
55.0,1.0
37.0,4.0
31.0,2.0
33.0,0.0
26.0,2.0
27.0,0.0
29.0,2.0
26.0,3.0
12.0,3.0
16.0,1.0
12.0,0.0
16.0,1.0
11.0,1.0
13.0,0.0
8.0,2.0
9.0,1.0
4.0,1.0
4.0,0.0
4.0,0.0
4.0,0.0
5.0,0.0
4.0,0.0
1.0,0.0
3.0,0.0
6.0,0.0
4.0,1.0
3.0,0.0
3.0,1.0
0.0,0.0
3.0,0.0
6.0,3.0
4.0,10.0
10.0,11.0
7.0,22.0
14.0,17.0
18.0,10.0
22.0,5.0
23.0,3.0
32.0,0.0
51.0,3.0
49.0,2.0
45.0,7.0
62.0,5.0
65.0,2.0
52.0,0.0
66.0,1.0
87.0,5.0
74.0,0.0
95.0,0.0
98.0,0.0
60.0,1.0
64.0,1.0
76.0,2.0
87.0,1.0
69.0,4.0
61.0,2.0
80.0,4.0
65.0,0.0
58.0,2.0
64.0,3.0
69.0,6.0
72.0,3.0
62.0,7.0
70.0,4.0
81.0,5.0
82.0,14.0
73.0,10.0
73.0,14.0
65.0,10.0
82.0,6.0
64.0,3.0
100.0,8.0
99.0,5.0
72.0,6.0
70.0,3.0
55.0,2.0
78.0,7.0
80.0,5.0
72.0,5.0
71.0,3.0
63.0,5.0
73.0,5.0
71.0,1.0
83.0,4.0
68.0,1.0
69.0,0.0
74.0,5.0
67.0,1.0
59.0,5.0
67.0,2.0
91.0,2.0
83.0,3.0
67.0,1.0
67.0,2.0
71.0,3.0
86.0,5.0
96.0,3.0
72.0,2.0
84.0,3.0
105.0,5.0
89.0,0.0
106.0,3.0
120.0,3.0
109.0,9.0
97.0,5.0
96.0,2.0
94.0,4.0
93.0,4.0
89.0,1.0
85.0,0.0
68.0,2.0
58.0,0.0
71.0,0.0
70.0,1.0
61.0,0.0
72.0,0.0
85.0,6.0
68.0,1.0
69.0,0.0
67.0,3.0
71.0,3.0
66.0,1.0
56.0,3.0
80.0,3.0
87.0,5.0
76.0,4.0
81.0,1.0
73.0,1.0
84.0,0.0
77.0,4.0
64.0,4.0
63.0,1.0
54.0,2.0
63.0,3.0
56.0,5.0
36.0,1.0
22.0,0.0
26.0,0.0
31.0,3.0
20.0,0.0
15.0,0.0
