19.0,2.0
21.0,2.0
13.0,1.0
21.0,0.0
22.0,2.0
14.0,1.0
14.0,0.0
12.0,0.0
14.0,0.0
10.0,0.0
6.0,2.0
5.0,0.0
6.0,1.0
7.0,3.0
9.0,1.0
3.0,1.0
5.0,0.0
8.0,2.0
9.0,2.0
8.0,0.0
5.0,1.0
9.0,7.0
4.0,0.0
4.0,0.0
5.0,1.0
1.0,2.0
6.0,2.0
2.0,1.0
1.0,1.0
2.0,2.0
1.0,0.0
5.0,0.0
5.0,1.0
5.0,1.0
4.0,5.0
3.0,1.0
6.0,2.0
5.0,7.0
8.0,8.0
17.0,4.0
14.0,1.0
27.0,2.0
40.0,3.0
41.0,1.0
56.0,2.0
72.0,3.0
66.0,1.0
82.0,12.0
87.0,23.0
98.0,28.0
91.0,25.0
102.0,19.0
124.0,34.0
99.0,25.0
95.0,6.0
97.0,4.0
95.0,10.0
113.0,11.0
110.0,3.0
109.0,6.0
108.0,4.0
103.0,6.0
83.0,5.0
84.0,2.0
78.0,5.0
92.0,3.0
82.0,6.0
64.0,4.0
88.0,9.0
99.0,8.0
87.0,18.0
83.0,11.0
77.0,8.0
100.0,12.0
85.0,12.0
105.0,8.0
85.0,9.0
98.0,5.0
103.0,5.0
100.0,7.0
104.0,4.0
103.0,14.0
109.0,16.0
93.0,30.0
108.0,8.0
90.0,8.0
85.0,6.0
70.0,3.0
85.0,2.0
79.0,3.0
90.0,7.0
101.0,8.0
95.0,5.0
108.0,12.0
95.0,10.0
84.0,45.0
117.0,8.0
95.0,7.0
101.0,5.0
113.0,6.0
103.0,9.0
137.0,13.0
125.0,4.0
129.0,3.0
99.0,4.0
142.0,5.0
122.0,6.0
91.0,1.0
88.0,4.0
87.0,2.0
75.0,3.0
90.0,4.0
71.0,2.0
96.0,3.0
68.0,0.0
76.0,2.0
71.0,2.0
63.0,11.0
84.0,7.0
53.0,0.0
57.0,0.0
71.0,1.0
53.0,8.0
80.0,9.0
63.0,9.0
62.0,10.0
80.0,8.0
78.0,12.0
66.0,15.0
50.0,6.0
52.0,5.0
43.0,7.0
55.0,3.0
55.0,6.0
43.0,4.0
41.0,1.0
21.0,0.0
30.0,2.0
27.0,1.0
22.0,2.0
17.0,0.0
33.0,1.0
18.0,4.0
23.0,1.0
