92.0,1.0
84.0,8.0
95.0,7.0
80.0,3.0
85.0,2.0
63.0,3.0
51.0,5.0
46.0,5.0
51.0,5.0
47.0,3.0
43.0,0.0
30.0,2.0
39.0,1.0
27.0,1.0
30.0,2.0
26.0,4.0
20.0,2.0
26.0,0.0
18.0,2.0
14.0,1.0
21.0,1.0
19.0,12.0
12.0,1.0
12.0,0.0
8.0,1.0
14.0,0.0
3.0,0.0
11.0,0.0
6.0,3.0
3.0,0.0
13.0,1.0
3.0,0.0
14.0,0.0
10.0,0.0
17.0,1.0
19.0,2.0
18.0,2.0
16.0,3.0
29.0,6.0
24.0,0.0
25.0,0.0
37.0,3.0
46.0,1.0
60.0,2.0
60.0,2.0
105.0,3.0
101.0,1.0
96.0,1.0
130.0,3.0
167.0,4.0
182.0,7.0
199.0,6.0
167.0,5.0
146.0,4.0
129.0,0.0
123.0,2.0
120.0,6.0
124.0,5.0
146.0,3.0
135.0,3.0
167.0,1.0
150.0,2.0
144.0,5.0
146.0,3.0
159.0,4.0
166.0,2.0
148.0,3.0
158.0,5.0
172.0,9.0
194.0,5.0
232.0,8.0
234.0,6.0
239.0,9.0
217.0,10.0
193.0,9.0
202.0,9.0
221.0,3.0
214.0,6.0
198.0,5.0
234.0,3.0
209.0,7.0
233.0,6.0
226.0,2.0
227.0,6.0
238.0,3.0
248.0,9.0
286.0,4.0
281.0,14.0
251.0,5.0
239.0,7.0
228.0,3.0
277.0,8.0
257.0,3.0
281.0,13.0
277.0,8.0
274.0,13.0
312.0,6.0
319.0,6.0
292.0,6.0
327.0,10.0
315.0,7.0
323.0,7.0
315.0,9.0
314.0,9.0
275.0,10.0
329.0,11.0
291.0,8.0
318.0,8.0
329.0,11.0
306.0,10.0
257.0,4.0
285.0,5.0
261.0,7.0
276.0,7.0
262.0,8.0
254.0,5.0
227.0,5.0
283.0,1.0
247.0,9.0
260.0,7.0
278.0,2.0
274.0,6.0
218.0,10.0
218.0,5.0
269.0,9.0
266.0,13.0
249.0,5.0
237.0,7.0
214.0,6.0
229.0,5.0
187.0,1.0
195.0,10.0
210.0,4.0
198.0,4.0
153.0,7.0
126.0,6.0
131.0,2.0
126.0,5.0
118.0,3.0
76.0,5.0
81.0,6.0
73.0,3.0
57.0,7.0
57.0,3.0
