34.0,10.0
13.0,3.0
4.0,0.0
14.0,0.0
8.0,0.0
7.0,0.0
8.0,1.0
5.0,0.0
3.0,0.0
3.0,0.0
4.0,0.0
0.0,0.0
1.0,0.0
1.0,2.0
0.0,0.0
1.0,1.0
2.0,0.0
0.0,0.0
1.0,0.0
1.0,0.0
2.0,0.0
2.0,1.0
0.0,0.0
0.0,1.0
1.0,0.0
2.0,2.0
1.0,0.0
0.0,0.0
0.0,1.0
0.0,2.0
0.0,0.0
1.0,0.0
2.0,0.0
1.0,2.0
3.0,0.0
2.0,2.0
6.0,1.0
6.0,1.0
13.0,2.0
16.0,0.0
17.0,1.0
26.0,5.0
59.0,0.0
60.0,0.0
102.0,1.0
154.0,5.0
185.0,6.0
165.0,6.0
220.0,7.0
255.0,11.0
192.0,3.0
213.0,3.0
266.0,13.0
160.0,3.0
118.0,2.0
95.0,2.0
70.0,3.0
80.0,0.0
85.0,5.0
69.0,0.0
55.0,1.0
54.0,3.0
48.0,0.0
50.0,0.0
52.0,1.0
63.0,3.0
51.0,1.0
66.0,2.0
59.0,4.0
77.0,3.0
95.0,1.0
70.0,3.0
90.0,3.0
59.0,1.0
71.0,2.0
86.0,2.0
76.0,1.0
81.0,4.0
84.0,5.0
94.0,0.0
83.0,4.0
76.0,4.0
60.0,1.0
64.0,7.0
76.0,4.0
74.0,2.0
69.0,5.0
66.0,2.0
68.0,6.0
74.0,3.0
82.0,6.0
94.0,14.0
92.0,6.0
77.0,0.0
78.0,1.0
67.0,1.0
96.0,3.0
91.0,4.0
91.0,3.0
97.0,3.0
93.0,0.0
105.0,1.0
99.0,1.0
122.0,5.0
127.0,3.0
163.0,0.0
161.0,3.0
132.0,2.0
200.0,4.0
154.0,6.0
127.0,2.0
140.0,0.0
114.0,7.0
102.0,5.0
119.0,0.0
107.0,4.0
109.0,0.0
101.0,4.0
100.0,4.0
80.0,2.0
103.0,3.0
85.0,4.0
79.0,7.0
87.0,6.0
99.0,3.0
93.0,2.0
102.0,2.0
95.0,0.0
74.0,0.0
90.0,7.0
100.0,4.0
91.0,0.0
67.0,3.0
63.0,3.0
63.0,2.0
55.0,5.0
47.0,1.0
33.0,3.0
30.0,0.0
18.0,3.0
23.0,0.0
13.0,0.0
10.0,0.0
16.0,0.0
