17.0,2.0
22.0,13.0
19.0,5.0
14.0,3.0
17.0,2.0
7.0,0.0
12.0,2.0
8.0,2.0
10.0,4.0
5.0,0.0
8.0,1.0
7.0,0.0
5.0,0.0
3.0,0.0
6.0,0.0
7.0,0.0
3.0,2.0
2.0,2.0
7.0,3.0
4.0,3.0
3.0,0.0
4.0,1.0
3.0,2.0
0.0,0.0
3.0,3.0
0.0,0.0
4.0,5.0
4.0,2.0
2.0,1.0
3.0,0.0
1.0,1.0
3.0,2.0
1.0,2.0
6.0,0.0
2.0,2.0
3.0,1.0
4.0,1.0
5.0,2.0
9.0,4.0
11.0,0.0
35.0,1.0
31.0,2.0
73.0,1.0
90.0,2.0
107.0,2.0
121.0,8.0
110.0,19.0
141.0,66.0
156.0,83.0
161.0,116.0
201.0,40.0
191.0,39.0
172.0,27.0
156.0,7.0
164.0,12.0
144.0,4.0
110.0,5.0
95.0,4.0
101.0,1.0
83.0,5.0
97.0,1.0
79.0,3.0
77.0,1.0
77.0,4.0
72.0,5.0
67.0,0.0
51.0,0.0
79.0,2.0
66.0,2.0
83.0,2.0
73.0,4.0
58.0,0.0
54.0,1.0
58.0,0.0
57.0,1.0
71.0,1.0
61.0,0.0
56.0,0.0
80.0,5.0
85.0,4.0
64.0,1.0
67.0,3.0
70.0,9.0
67.0,5.0
67.0,4.0
71.0,2.0
63.0,2.0
53.0,1.0
61.0,1.0
81.0,2.0
56.0,5.0
82.0,7.0
48.0,11.0
84.0,1.0
68.0,1.0
63.0,1.0
77.0,2.0
76.0,3.0
73.0,2.0
98.0,4.0
85.0,2.0
104.0,3.0
119.0,5.0
106.0,5.0
123.0,7.0
114.0,19.0
116.0,5.0
87.0,7.0
82.0,4.0
92.0,2.0
75.0,2.0
83.0,1.0
71.0,4.0
67.0,1.0
78.0,1.0
73.0,3.0
69.0,0.0
59.0,0.0
60.0,3.0
47.0,3.0
67.0,0.0
74.0,5.0
63.0,3.0
62.0,6.0
53.0,5.0
57.0,1.0
80.0,2.0
54.0,3.0
59.0,2.0
46.0,1.0
56.0,2.0
36.0,3.0
47.0,2.0
39.0,1.0
35.0,2.0
36.0,1.0
34.0,0.0
38.0,2.0
24.0,1.0
24.0,2.0
29.0,3.0
28.0,4.0
29.0,5.0
14.0,3.0
