26.0,1.0
14.0,0.0
9.0,1.0
6.0,1.0
9.0,1.0
10.0,0.0
8.0,1.0
5.0,0.0
5.0,0.0
5.0,0.0
4.0,0.0
5.0,0.0
2.0,0.0
4.0,0.0
3.0,0.0
3.0,0.0
2.0,0.0
0.0,0.0
0.0,0.0
2.0,0.0
0.0,1.0
1.0,0.0
3.0,0.0
2.0,1.0
1.0,0.0
0.0,0.0
3.0,3.0
0.0,1.0
2.0,0.0
0.0,0.0
3.0,1.0
0.0,1.0
3.0,0.0
0.0,1.0
1.0,1.0
0.0,1.0
2.0,1.0
5.0,3.0
5.0,1.0
8.0,1.0
14.0,1.0
5.0,0.0
16.0,1.0
29.0,4.0
21.0,0.0
33.0,1.0
35.0,0.0
39.0,2.0
46.0,0.0
77.0,1.0
49.0,4.0
61.0,4.0
62.0,3.0
51.0,4.0
53.0,0.0
59.0,5.0
70.0,4.0
63.0,6.0
51.0,6.0
56.0,6.0
60.0,3.0
65.0,3.0
68.0,3.0
66.0,15.0
72.0,3.0
58.0,4.0
64.0,10.0
65.0,1.0
65.0,5.0
73.0,4.0
75.0,17.0
60.0,5.0
62.0,6.0
69.0,3.0
77.0,3.0
56.0,5.0
76.0,4.0
89.0,3.0
84.0,3.0
65.0,7.0
69.0,3.0
77.0,0.0
72.0,8.0
59.0,0.0
73.0,2.0
69.0,1.0
74.0,1.0
79.0,5.0
78.0,0.0
66.0,8.0
82.0,5.0
96.0,6.0
57.0,2.0
80.0,3.0
70.0,2.0
71.0,3.0
82.0,2.0
76.0,5.0
87.0,7.0
105.0,2.0
79.0,4.0
81.0,2.0
101.0,2.0
127.0,5.0
82.0,4.0
106.0,5.0
96.0,4.0
107.0,5.0
139.0,1.0
124.0,2.0
89.0,4.0
108.0,6.0
89.0,9.0
87.0,1.0
82.0,1.0
98.0,3.0
79.0,3.0
52.0,3.0
69.0,2.0
72.0,3.0
79.0,5.0
51.0,2.0
60.0,1.0
69.0,2.0
68.0,1.0
74.0,1.0
71.0,3.0
70.0,1.0
70.0,1.0
67.0,2.0
56.0,0.0
55.0,0.0
62.0,4.0
56.0,1.0
40.0,0.0
49.0,1.0
40.0,2.0
43.0,1.0
35.0,3.0
34.0,0.0
19.0,1.0
21.0,1.0
18.0,2.0
13.0,2.0
