37.0,2.0
31.0,4.0
29.0,4.0
29.0,2.0
24.0,4.0
21.0,0.0
18.0,0.0
18.0,0.0
19.0,2.0
9.0,0.0
15.0,2.0
12.0,1.0
13.0,4.0
14.0,1.0
9.0,3.0
10.0,4.0
5.0,0.0
7.0,1.0
6.0,0.0
9.0,0.0
4.0,4.0
7.0,3.0
5.0,6.0
4.0,1.0
3.0,1.0
3.0,1.0
5.0,2.0
3.0,1.0
1.0,0.0
4.0,3.0
1.0,1.0
0.0,3.0
4.0,6.0
5.0,5.0
7.0,7.0
10.0,3.0
12.0,11.0
8.0,12.0
7.0,10.0
46.0,3.0
31.0,2.0
37.0,1.0
94.0,7.0
112.0,12.0
159.0,34.0
194.0,163.0
211.0,286.0
212.0,249.0
182.0,293.0
211.0,301.0
232.0,331.0
245.0,290.0
229.0,215.0
203.0,140.0
221.0,127.0
214.0,76.0
164.0,33.0
162.0,56.0
103.0,32.0
103.0,16.0
83.0,11.0
94.0,2.0
71.0,3.0
78.0,1.0
82.0,17.0
80.0,7.0
79.0,8.0
68.0,6.0
88.0,7.0
76.0,20.0
83.0,14.0
97.0,17.0
93.0,8.0
99.0,4.0
101.0,14.0
90.0,13.0
98.0,27.0
85.0,15.0
115.0,29.0
104.0,13.0
94.0,10.0
94.0,21.0
88.0,4.0
89.0,19.0
91.0,16.0
82.0,29.0
82.0,12.0
79.0,5.0
70.0,1.0
69.0,3.0
90.0,3.0
68.0,0.0
72.0,0.0
93.0,2.0
77.0,3.0
75.0,0.0
86.0,4.0
69.0,2.0
66.0,6.0
125.0,5.0
106.0,6.0
103.0,5.0
167.0,5.0
132.0,5.0
141.0,6.0
255.0,10.0
222.0,8.0
183.0,6.0
227.0,1.0
219.0,6.0
169.0,4.0
172.0,3.0
152.0,4.0
146.0,7.0
122.0,2.0
122.0,1.0
125.0,3.0
116.0,1.0
138.0,3.0
148.0,5.0
156.0,5.0
157.0,6.0
170.0,8.0
144.0,10.0
121.0,2.0
121.0,1.0
153.0,5.0
137.0,5.0
149.0,7.0
123.0,4.0
129.0,3.0
92.0,5.0
104.0,1.0
94.0,2.0
72.0,3.0
58.0,3.0
64.0,2.0
62.0,1.0
51.0,2.0
42.0,2.0
41.0,1.0
33.0,1.0
25.0,2.0
20.0,2.0
