4.0,1.0
4.0,0.0
0.0,0.0
3.0,0.0
1.0,0.0
0.0,0.0
1.0,0.0
0.0,0.0
1.0,1.0
0.0,0.0
0.0,0.0
0.0,0.0
0.0,0.0
0.0,0.0
0.0,0.0
0.0,0.0
0.0,0.0
0.0,0.0
0.0,0.0
0.0,0.0
0.0,0.0
0.0,0.0
0.0,0.0
0.0,0.0
0.0,0.0
1.0,0.0
0.0,0.0
0.0,0.0
0.0,0.0
0.0,0.0
0.0,0.0
1.0,0.0
0.0,0.0
0.0,0.0
0.0,0.0
0.0,0.0
0.0,1.0
0.0,0.0
1.0,2.0
2.0,0.0
4.0,1.0
4.0,1.0
6.0,2.0
8.0,4.0
20.0,1.0
18.0,2.0
20.0,1.0
15.0,4.0
24.0,5.0
30.0,5.0
30.0,15.0
32.0,32.0
20.0,24.0
35.0,16.0
19.0,15.0
26.0,20.0
16.0,12.0
10.0,4.0
6.0,13.0
10.0,1.0
8.0,2.0
14.0,0.0
12.0,0.0
13.0,1.0
5.0,0.0
12.0,0.0
12.0,1.0
7.0,0.0
5.0,1.0
12.0,1.0
10.0,7.0
11.0,7.0
18.0,0.0
9.0,2.0
9.0,3.0
19.0,0.0
15.0,0.0
7.0,0.0
15.0,3.0
12.0,4.0
14.0,2.0
13.0,2.0
4.0,0.0
4.0,3.0
14.0,2.0
11.0,3.0
8.0,1.0
9.0,0.0
9.0,4.0
12.0,4.0
15.0,0.0
10.0,1.0
21.0,6.0
10.0,1.0
8.0,1.0
12.0,1.0
14.0,2.0
6.0,0.0
14.0,2.0
23.0,1.0
22.0,0.0
20.0,2.0
40.0,7.0
30.0,2.0
23.0,2.0
45.0,6.0
33.0,17.0
23.0,10.0
42.0,6.0
23.0,4.0
30.0,9.0
24.0,8.0
25.0,2.0
21.0,3.0
11.0,3.0
21.0,2.0
20.0,4.0
19.0,1.0
17.0,2.0
10.0,0.0
17.0,3.0
22.0,0.0
15.0,1.0
25.0,0.0
19.0,1.0
19.0,0.0
11.0,0.0
7.0,0.0
8.0,2.0
5.0,1.0
5.0,0.0
6.0,1.0
7.0,0.0
5.0,0.0
3.0,0.0
4.0,0.0
7.0,0.0
3.0,0.0
2.0,0.0
2.0,0.0
4.0,0.0
3.0,1.0
1.0,0.0
4.0,0.0
