25.0,6.0
21.0,3.0
21.0,7.0
26.0,7.0
21.0,6.0
27.0,15.0
25.0,15.0
27.0,9.0
18.0,6.0
23.0,3.0
9.0,2.0
11.0,1.0
14.0,1.0
8.0,6.0
13.0,1.0
9.0,3.0
10.0,1.0
9.0,2.0
6.0,4.0
11.0,13.0
6.0,5.0
7.0,5.0
1.0,0.0
9.0,0.0
8.0,2.0
7.0,2.0
5.0,4.0
6.0,3.0
7.0,0.0
5.0,0.0
3.0,2.0
5.0,1.0
7.0,1.0
8.0,3.0
6.0,1.0
3.0,0.0
5.0,11.0
9.0,8.0
14.0,17.0
34.0,2.0
28.0,1.0
35.0,0.0
65.0,3.0
79.0,2.0
91.0,1.0
117.0,6.0
132.0,9.0
142.0,20.0
130.0,159.0
138.0,149.0
135.0,91.0
127.0,125.0
137.0,103.0
113.0,31.0
105.0,7.0
98.0,4.0
76.0,2.0
62.0,0.0
50.0,2.0
63.0,0.0
68.0,2.0
56.0,0.0
61.0,1.0
50.0,2.0
50.0,1.0
55.0,3.0
41.0,2.0
47.0,1.0
58.0,0.0
59.0,4.0
57.0,3.0
60.0,4.0
66.0,2.0
68.0,2.0
72.0,1.0
58.0,5.0
51.0,2.0
78.0,2.0
68.0,4.0
75.0,2.0
59.0,6.0
65.0,5.0
57.0,3.0
53.0,3.0
66.0,2.0
58.0,2.0
64.0,0.0
56.0,2.0
77.0,3.0
63.0,8.0
75.0,1.0
57.0,3.0
59.0,7.0
63.0,0.0
69.0,6.0
57.0,0.0
70.0,5.0
55.0,3.0
57.0,4.0
73.0,1.0
82.0,3.0
79.0,3.0
107.0,0.0
104.0,1.0
100.0,2.0
128.0,3.0
108.0,1.0
96.0,2.0
108.0,2.0
115.0,3.0
93.0,9.0
104.0,4.0
85.0,1.0
80.0,2.0
73.0,3.0
84.0,5.0
68.0,1.0
58.0,0.0
62.0,3.0
59.0,1.0
67.0,0.0
76.0,0.0
61.0,6.0
77.0,2.0
53.0,1.0
53.0,5.0
65.0,0.0
78.0,3.0
90.0,2.0
80.0,1.0
74.0,3.0
54.0,1.0
62.0,3.0
48.0,1.0
58.0,2.0
57.0,1.0
35.0,0.0
37.0,1.0
45.0,5.0
32.0,0.0
40.0,4.0
29.0,1.0
38.0,3.0
22.0,4.0
