74.0,7.0
69.0,6.0
45.0,7.0
52.0,1.0
57.0,2.0
55.0,13.0
61.0,7.0
60.0,11.0
36.0,10.0
42.0,15.0
45.0,13.0
42.0,10.0
34.0,35.0
23.0,50.0
21.0,19.0
27.0,18.0
34.0,26.0
23.0,13.0
29.0,21.0
35.0,9.0
25.0,14.0
33.0,26.0
30.0,18.0
29.0,6.0
23.0,8.0
22.0,1.0
12.0,13.0
13.0,9.0
16.0,6.0
10.0,10.0
12.0,8.0
8.0,8.0
10.0,5.0
5.0,3.0
6.0,4.0
7.0,2.0
9.0,5.0
10.0,1.0
8.0,0.0
19.0,2.0
22.0,4.0
29.0,6.0
39.0,9.0
40.0,5.0
50.0,5.0
60.0,3.0
72.0,5.0
73.0,11.0
87.0,17.0
74.0,17.0
89.0,10.0
103.0,11.0
96.0,10.0
94.0,0.0
99.0,4.0
98.0,1.0
102.0,3.0
90.0,6.0
124.0,4.0
91.0,6.0
108.0,3.0
108.0,5.0
114.0,4.0
111.0,2.0
108.0,2.0
97.0,3.0
132.0,7.0
110.0,0.0
126.0,6.0
150.0,14.0
136.0,10.0
131.0,6.0
135.0,8.0
158.0,11.0
166.0,15.0
154.0,9.0
147.0,16.0
160.0,18.0
155.0,18.0
171.0,26.0
184.0,34.0
191.0,46.0
155.0,39.0
193.0,35.0
178.0,7.0
173.0,10.0
153.0,22.0
168.0,10.0
165.0,14.0
153.0,24.0
190.0,22.0
168.0,12.0
168.0,14.0
184.0,31.0
179.0,69.0
158.0,122.0
226.0,22.0
183.0,32.0
199.0,55.0
215.0,53.0
200.0,42.0
201.0,80.0
249.0,55.0
256.0,53.0
225.0,45.0
268.0,39.0
229.0,20.0
176.0,15.0
183.0,8.0
187.0,6.0
157.0,2.0
143.0,6.0
103.0,4.0
130.0,3.0
140.0,3.0
111.0,4.0
121.0,2.0
126.0,2.0
151.0,6.0
129.0,10.0
164.0,8.0
160.0,3.0
128.0,8.0
142.0,8.0
147.0,7.0
144.0,15.0
166.0,24.0
158.0,11.0
125.0,6.0
120.0,13.0
120.0,6.0
135.0,8.0
120.0,6.0
116.0,9.0
120.0,7.0
96.0,6.0
83.0,4.0
188.0,57.0
189.0,261.0
163.0,270.0
128.0,120.0
98.0,11.0
64.0,5.0
69.0,2.0
