102.0,2.0
92.0,3.0
78.0,4.0
87.0,8.0
79.0,4.0
64.0,2.0
68.0,5.0
51.0,3.0
52.0,5.0
49.0,6.0
49.0,2.0
44.0,5.0
49.0,9.0
56.0,68.0
41.0,71.0
44.0,30.0
46.0,8.0
33.0,8.0
28.0,1.0
19.0,4.0
23.0,1.0
18.0,0.0
20.0,2.0
23.0,4.0
12.0,1.0
13.0,0.0
10.0,1.0
17.0,3.0
12.0,4.0
10.0,0.0
10.0,1.0
9.0,2.0
6.0,2.0
13.0,1.0
12.0,6.0
14.0,4.0
15.0,15.0
18.0,19.0
14.0,26.0
52.0,8.0
58.0,13.0
60.0,10.0
93.0,14.0
121.0,24.0
145.0,30.0
151.0,39.0
146.0,83.0
218.0,90.0
210.0,148.0
231.0,210.0
257.0,109.0
243.0,133.0
252.0,124.0
257.0,18.0
252.0,9.0
240.0,9.0
285.0,8.0
277.0,12.0
264.0,11.0
263.0,6.0
265.0,11.0
229.0,7.0
253.0,10.0
234.0,7.0
229.0,8.0
216.0,9.0
231.0,9.0
217.0,8.0
256.0,10.0
248.0,31.0
265.0,55.0
272.0,37.0
277.0,19.0
254.0,34.0
244.0,21.0
294.0,52.0
314.0,27.0
295.0,63.0
331.0,149.0
293.0,106.0
321.0,90.0
312.0,136.0
270.0,72.0
298.0,36.0
297.0,17.0
335.0,18.0
319.0,23.0
284.0,6.0
306.0,10.0
266.0,16.0
304.0,8.0
272.0,9.0
292.0,15.0
323.0,16.0
306.0,13.0
321.0,86.0
348.0,12.0
294.0,12.0
309.0,8.0
333.0,10.0
353.0,10.0
321.0,10.0
353.0,6.0
388.0,9.0
380.0,10.0
378.0,6.0
362.0,7.0
311.0,14.0
351.0,6.0
324.0,14.0
354.0,12.0
280.0,12.0
331.0,17.0
300.0,10.0
294.0,12.0
269.0,7.0
285.0,14.0
277.0,9.0
256.0,12.0
237.0,12.0
306.0,11.0
310.0,8.0
310.0,6.0
355.0,16.0
327.0,5.0
347.0,13.0
315.0,14.0
306.0,13.0
314.0,14.0
348.0,13.0
328.0,11.0
333.0,9.0
324.0,16.0
259.0,9.0
222.0,8.0
196.0,9.0
189.0,6.0
191.0,8.0
182.0,2.0
157.0,14.0
141.0,7.0
129.0,5.0
123.0,4.0
123.0,10.0
