90.0,6.0
74.0,4.0
62.0,11.0
60.0,7.0
53.0,4.0
46.0,2.0
45.0,3.0
52.0,7.0
28.0,2.0
44.0,1.0
50.0,0.0
38.0,11.0
27.0,9.0
31.0,2.0
25.0,1.0
12.0,2.0
22.0,3.0
21.0,1.0
19.0,0.0
17.0,1.0
17.0,0.0
16.0,0.0
11.0,0.0
11.0,0.0
15.0,0.0
6.0,0.0
11.0,1.0
7.0,0.0
7.0,3.0
10.0,1.0
7.0,2.0
11.0,3.0
14.0,1.0
11.0,1.0
10.0,5.0
11.0,8.0
11.0,4.0
11.0,13.0
16.0,14.0
84.0,1.0
97.0,2.0
108.0,4.0
183.0,14.0
202.0,29.0
249.0,126.0
180.0,309.0
188.0,374.0
185.0,666.0
224.0,703.0
238.0,395.0
291.0,372.0
301.0,299.0
306.0,233.0
386.0,194.0
465.0,123.0
414.0,86.0
388.0,32.0
294.0,47.0
289.0,61.0
273.0,27.0
219.0,10.0
211.0,13.0
184.0,7.0
212.0,7.0
183.0,7.0
165.0,5.0
172.0,7.0
179.0,8.0
193.0,12.0
195.0,5.0
185.0,5.0
186.0,3.0
214.0,3.0
185.0,10.0
185.0,7.0
185.0,4.0
215.0,9.0
223.0,11.0
214.0,16.0
240.0,34.0
256.0,36.0
216.0,31.0
186.0,9.0
199.0,16.0
196.0,13.0
240.0,15.0
188.0,13.0
228.0,12.0
206.0,11.0
223.0,14.0
201.0,22.0
199.0,81.0
206.0,127.0
249.0,14.0
226.0,5.0
223.0,8.0
268.0,7.0
259.0,7.0
257.0,13.0
294.0,13.0
245.0,8.0
279.0,11.0
342.0,39.0
345.0,43.0
366.0,37.0
421.0,100.0
370.0,99.0
345.0,113.0
422.0,144.0
381.0,120.0
388.0,91.0
361.0,6.0
298.0,8.0
299.0,7.0
298.0,12.0
295.0,5.0
266.0,9.0
251.0,8.0
285.0,11.0
286.0,14.0
326.0,7.0
363.0,13.0
315.0,7.0
328.0,14.0
333.0,17.0
307.0,11.0
368.0,32.0
312.0,40.0
315.0,51.0
323.0,60.0
303.0,19.0
248.0,10.0
280.0,9.0
207.0,8.0
193.0,8.0
184.0,1.0
133.0,1.0
164.0,4.0
116.0,7.0
124.0,5.0
98.0,5.0
77.0,4.0
88.0,0.0
67.0,4.0
