7.0,2.0
3.0,3.0
5.0,2.0
5.0,1.0
2.0,1.0
7.0,1.0
1.0,1.0
2.0,0.0
5.0,0.0
3.0,2.0
4.0,0.0
2.0,0.0
0.0,2.0
2.0,1.0
2.0,0.0
1.0,1.0
1.0,4.0
1.0,1.0
1.0,0.0
0.0,0.0
0.0,1.0
1.0,0.0
0.0,2.0
1.0,0.0
0.0,1.0
0.0,0.0
0.0,0.0
1.0,0.0
2.0,2.0
3.0,2.0
2.0,2.0
0.0,0.0
1.0,2.0
0.0,0.0
3.0,0.0
2.0,3.0
7.0,7.0
1.0,3.0
8.0,5.0
16.0,4.0
15.0,0.0
20.0,1.0
46.0,1.0
51.0,0.0
60.0,1.0
70.0,14.0
53.0,14.0
69.0,29.0
69.0,44.0
64.0,30.0
55.0,17.0
45.0,17.0
45.0,9.0
45.0,4.0
39.0,12.0
40.0,10.0
37.0,7.0
31.0,17.0
27.0,4.0
35.0,4.0
25.0,7.0
23.0,1.0
25.0,4.0
17.0,3.0
22.0,5.0
20.0,9.0
19.0,2.0
23.0,1.0
25.0,1.0
17.0,8.0
17.0,3.0
24.0,8.0
20.0,6.0
40.0,3.0
32.0,18.0
30.0,6.0
24.0,4.0
29.0,8.0
25.0,9.0
28.0,1.0
32.0,2.0
27.0,6.0
27.0,2.0
32.0,2.0
14.0,3.0
16.0,2.0
18.0,1.0
16.0,1.0
26.0,3.0
21.0,1.0
16.0,1.0
22.0,3.0
22.0,1.0
23.0,1.0
16.0,1.0
24.0,3.0
18.0,1.0
23.0,1.0
20.0,4.0
28.0,0.0
26.0,2.0
33.0,7.0
41.0,5.0
30.0,1.0
39.0,1.0
45.0,7.0
43.0,9.0
36.0,6.0
38.0,5.0
35.0,4.0
28.0,1.0
35.0,0.0
30.0,1.0
34.0,1.0
25.0,1.0
21.0,1.0
25.0,1.0
19.0,1.0
21.0,1.0
22.0,1.0
19.0,2.0
24.0,3.0
24.0,1.0
21.0,2.0
12.0,2.0
23.0,1.0
17.0,2.0
12.0,1.0
20.0,0.0
22.0,4.0
15.0,0.0
12.0,2.0
24.0,3.0
15.0,1.0
16.0,0.0
15.0,1.0
10.0,2.0
11.0,2.0
10.0,1.0
8.0,2.0
11.0,4.0
8.0,0.0
10.0,2.0
10.0,3.0
