194.0,120.0
159.0,157.0
159.0,159.0
161.0,213.0
141.0,195.0
129.0,74.0
130.0,87.0
129.0,64.0
106.0,38.0
95.0,49.0
106.0,32.0
89.0,28.0
86.0,47.0
77.0,68.0
78.0,36.0
57.0,22.0
64.0,35.0
55.0,39.0
56.0,16.0
54.0,31.0
47.0,21.0
49.0,25.0
42.0,41.0
40.0,41.0
37.0,20.0
23.0,22.0
25.0,29.0
34.0,8.0
26.0,17.0
37.0,11.0
25.0,6.0
37.0,17.0
25.0,10.0
20.0,3.0
39.0,7.0
28.0,16.0
22.0,22.0
34.0,13.0
34.0,16.0
47.0,5.0
50.0,3.0
46.0,2.0
68.0,6.0
82.0,5.0
112.0,2.0
153.0,7.0
132.0,7.0
138.0,7.0
157.0,5.0
201.0,6.0
189.0,5.0
199.0,3.0
217.0,3.0
214.0,9.0
233.0,10.0
213.0,2.0
248.0,2.0
307.0,3.0
278.0,6.0
282.0,5.0
265.0,13.0
272.0,5.0
269.0,10.0
298.0,3.0
305.0,10.0
282.0,9.0
346.0,7.0
329.0,9.0
388.0,6.0
375.0,11.0
382.0,10.0
363.0,6.0
419.0,12.0
391.0,13.0
359.0,11.0
421.0,9.0
416.0,5.0
437.0,8.0
444.0,8.0
435.0,11.0
418.0,17.0
503.0,14.0
525.0,15.0
527.0,12.0
508.0,18.0
567.0,20.0
608.0,42.0
588.0,87.0
631.0,94.0
539.0,89.0
662.0,183.0
558.0,234.0
543.0,288.0
558.0,261.0
510.0,551.0
491.0,584.0
902.0,153.0
716.0,385.0
703.0,617.0
641.0,753.0
573.0,725.0
648.0,726.0
687.0,533.0
628.0,520.0
656.0,398.0
687.0,285.0
679.0,107.0
635.0,28.0
545.0,23.0
531.0,24.0
452.0,19.0
487.0,10.0
474.0,8.0
457.0,14.0
521.0,10.0
474.0,28.0
541.0,26.0
485.0,31.0
464.0,122.0
510.0,259.0
585.0,190.0
497.0,343.0
505.0,329.0
496.0,412.0
449.0,277.0
451.0,263.0
440.0,284.0
422.0,318.0
434.0,185.0
374.0,191.0
421.0,233.0
400.0,104.0
411.0,180.0
325.0,154.0
313.0,39.0
290.0,19.0
293.0,50.0
255.0,26.0
187.0,63.0
208.0,28.0
176.0,43.0
195.0,45.0
160.0,80.0
142.0,85.0
