65.0,5.0
77.0,26.0
77.0,27.0
51.0,16.0
56.0,15.0
43.0,5.0
39.0,7.0
43.0,2.0
46.0,7.0
39.0,9.0
33.0,5.0
30.0,8.0
26.0,12.0
28.0,4.0
18.0,11.0
20.0,17.0
21.0,14.0
17.0,6.0
14.0,3.0
14.0,10.0
6.0,3.0
8.0,20.0
11.0,6.0
8.0,5.0
9.0,3.0
10.0,3.0
16.0,2.0
11.0,2.0
15.0,7.0
9.0,1.0
13.0,1.0
10.0,0.0
16.0,2.0
10.0,0.0
8.0,4.0
14.0,7.0
16.0,12.0
13.0,8.0
24.0,17.0
26.0,1.0
24.0,0.0
29.0,0.0
40.0,0.0
63.0,3.0
70.0,3.0
74.0,2.0
75.0,1.0
84.0,1.0
93.0,2.0
103.0,1.0
99.0,2.0
100.0,1.0
118.0,4.0
103.0,3.0
124.0,4.0
107.0,4.0
105.0,4.0
135.0,2.0
129.0,4.0
119.0,4.0
145.0,2.0
148.0,3.0
146.0,5.0
160.0,5.0
138.0,8.0
145.0,4.0
132.0,6.0
145.0,7.0
151.0,3.0
150.0,6.0
151.0,6.0
146.0,5.0
147.0,7.0
146.0,8.0
150.0,4.0
200.0,5.0
195.0,9.0
176.0,6.0
174.0,6.0
181.0,6.0
221.0,11.0
206.0,13.0
210.0,7.0
219.0,7.0
196.0,10.0
215.0,5.0
232.0,6.0
218.0,14.0
204.0,6.0
225.0,4.0
236.0,10.0
246.0,14.0
194.0,11.0
225.0,8.0
219.0,9.0
197.0,10.0
226.0,9.0
236.0,8.0
286.0,8.0
272.0,5.0
238.0,5.0
252.0,8.0
252.0,10.0
260.0,13.0
244.0,10.0
266.0,22.0
248.0,8.0
196.0,9.0
223.0,10.0
190.0,8.0
178.0,5.0
164.0,2.0
197.0,9.0
171.0,6.0
173.0,6.0
192.0,7.0
156.0,3.0
167.0,9.0
170.0,9.0
188.0,27.0
183.0,6.0
208.0,2.0
163.0,3.0
193.0,10.0
171.0,7.0
177.0,5.0
186.0,5.0
155.0,13.0
131.0,3.0
162.0,6.0
163.0,5.0
170.0,6.0
165.0,11.0
157.0,8.0
140.0,7.0
135.0,11.0
114.0,8.0
90.0,2.0
87.0,8.0
95.0,28.0
86.0,31.0
68.0,13.0
62.0,18.0
55.0,23.0
