64.0,3.0
67.0,3.0
49.0,1.0
49.0,5.0
62.0,1.0
29.0,4.0
42.0,1.0
40.0,1.0
35.0,2.0
41.0,4.0
24.0,0.0
24.0,0.0
26.0,0.0
25.0,1.0
23.0,2.0
24.0,1.0
14.0,0.0
23.0,1.0
21.0,1.0
18.0,4.0
12.0,2.0
12.0,1.0
6.0,0.0
8.0,1.0
7.0,4.0
5.0,2.0
3.0,1.0
4.0,1.0
3.0,0.0
1.0,0.0
6.0,6.0
5.0,2.0
2.0,1.0
3.0,1.0
4.0,0.0
2.0,4.0
4.0,1.0
4.0,3.0
6.0,6.0
10.0,5.0
7.0,4.0
10.0,8.0
15.0,7.0
22.0,8.0
22.0,9.0
42.0,2.0
34.0,6.0
57.0,9.0
64.0,5.0
65.0,19.0
55.0,6.0
66.0,12.0
81.0,13.0
65.0,16.0
57.0,14.0
60.0,8.0
69.0,10.0
56.0,18.0
64.0,14.0
62.0,11.0
62.0,13.0
64.0,14.0
66.0,13.0
48.0,8.0
59.0,13.0
55.0,16.0
60.0,18.0
65.0,16.0
69.0,13.0
73.0,18.0
71.0,15.0
57.0,12.0
74.0,11.0
80.0,13.0
71.0,23.0
75.0,7.0
60.0,9.0
62.0,6.0
66.0,19.0
84.0,11.0
66.0,10.0
56.0,18.0
59.0,21.0
67.0,18.0
66.0,13.0
69.0,10.0
70.0,13.0
71.0,6.0
73.0,16.0
65.0,17.0
70.0,5.0
73.0,13.0
74.0,23.0
73.0,14.0
80.0,10.0
63.0,8.0
73.0,8.0
71.0,11.0
83.0,13.0
115.0,13.0
98.0,10.0
103.0,9.0
113.0,15.0
103.0,21.0
117.0,9.0
90.0,9.0
87.0,5.0
74.0,11.0
86.0,10.0
77.0,6.0
102.0,10.0
106.0,4.0
100.0,7.0
86.0,10.0
92.0,6.0
71.0,14.0
71.0,13.0
88.0,5.0
78.0,9.0
85.0,6.0
83.0,20.0
66.0,7.0
83.0,15.0
83.0,15.0
102.0,9.0
82.0,3.0
85.0,2.0
64.0,5.0
72.0,3.0
85.0,6.0
68.0,3.0
69.0,5.0
64.0,7.0
47.0,5.0
42.0,4.0
49.0,8.0
43.0,3.0
58.0,0.0
40.0,6.0
39.0,2.0
48.0,1.0
43.0,3.0
51.0,1.0
51.0,9.0
