0.0,0.0
2.0,0.0
0.0,0.0
1.0,0.0
0.0,0.0
5.0,0.0
1.0,0.0
0.0,0.0
0.0,0.0
1.0,0.0
1.0,0.0
1.0,1.0
1.0,0.0
1.0,0.0
0.0,0.0
0.0,1.0
0.0,0.0
0.0,0.0
0.0,0.0
0.0,0.0
0.0,0.0
0.0,0.0
0.0,0.0
0.0,0.0
0.0,0.0
0.0,0.0
0.0,0.0
0.0,0.0
0.0,0.0
1.0,0.0
0.0,0.0
0.0,0.0
0.0,0.0
0.0,0.0
1.0,0.0
0.0,0.0
0.0,0.0
0.0,0.0
2.0,0.0
4.0,2.0
0.0,0.0
4.0,2.0
8.0,0.0
8.0,1.0
18.0,0.0
7.0,2.0
20.0,1.0
26.0,4.0
19.0,5.0
13.0,14.0
15.0,6.0
19.0,7.0
10.0,3.0
11.0,7.0
10.0,11.0
8.0,5.0
10.0,11.0
6.0,12.0
3.0,11.0
4.0,3.0
6.0,2.0
6.0,3.0
10.0,3.0
5.0,5.0
12.0,0.0
9.0,4.0
8.0,0.0
11.0,6.0
8.0,0.0
3.0,1.0
6.0,3.0
11.0,4.0
11.0,1.0
7.0,1.0
14.0,3.0
11.0,0.0
9.0,1.0
7.0,10.0
3.0,0.0
4.0,0.0
8.0,0.0
2.0,0.0
11.0,1.0
8.0,0.0
5.0,1.0
6.0,0.0
8.0,0.0
7.0,2.0
11.0,4.0
9.0,1.0
9.0,0.0
7.0,1.0
10.0,1.0
7.0,1.0
6.0,0.0
7.0,0.0
7.0,0.0
3.0,0.0
11.0,1.0
11.0,0.0
8.0,1.0
16.0,0.0
20.0,1.0
8.0,1.0
18.0,0.0
9.0,0.0
8.0,0.0
11.0,0.0
12.0,0.0
10.0,0.0
12.0,0.0
9.0,1.0
9.0,2.0
4.0,0.0
7.0,0.0
5.0,0.0
10.0,1.0
11.0,0.0
10.0,0.0
6.0,0.0
8.0,1.0
5.0,0.0
8.0,1.0
5.0,0.0
7.0,0.0
8.0,0.0
6.0,2.0
2.0,0.0
4.0,0.0
10.0,0.0
10.0,0.0
4.0,0.0
5.0,0.0
2.0,1.0
3.0,0.0
1.0,0.0
5.0,0.0
4.0,0.0
8.0,1.0
3.0,0.0
3.0,0.0
2.0,0.0
4.0,0.0
4.0,0.0
