3.0,1.0
2.0,0.0
3.0,0.0
4.0,0.0
3.0,1.0
4.0,0.0
3.0,0.0
3.0,1.0
1.0,0.0
2.0,0.0
1.0,0.0
0.0,0.0
0.0,0.0
0.0,0.0
0.0,0.0
1.0,0.0
0.0,0.0
1.0,1.0
0.0,0.0
1.0,0.0
0.0,0.0
0.0,2.0
0.0,0.0
1.0,0.0
0.0,0.0
0.0,2.0
0.0,0.0
0.0,0.0
0.0,0.0
0.0,0.0
0.0,0.0
0.0,0.0
1.0,0.0
2.0,0.0
0.0,0.0
1.0,0.0
0.0,0.0
1.0,4.0
2.0,5.0
6.0,2.0
7.0,1.0
5.0,0.0
13.0,1.0
19.0,0.0
25.0,2.0
43.0,1.0
42.0,7.0
37.0,8.0
27.0,28.0
30.0,41.0
21.0,35.0
18.0,34.0
17.0,38.0
14.0,19.0
18.0,21.0
13.0,30.0
21.0,28.0
12.0,17.0
5.0,11.0
8.0,6.0
11.0,8.0
14.0,22.0
9.0,18.0
12.0,7.0
12.0,12.0
7.0,10.0
17.0,12.0
7.0,11.0
18.0,6.0
6.0,6.0
13.0,11.0
9.0,12.0
10.0,9.0
17.0,6.0
19.0,9.0
7.0,2.0
14.0,2.0
9.0,6.0
10.0,16.0
12.0,18.0
12.0,11.0
6.0,37.0
8.0,28.0
13.0,16.0
9.0,26.0
12.0,34.0
14.0,6.0
5.0,15.0
8.0,15.0
11.0,21.0
14.0,18.0
9.0,27.0
17.0,14.0
40.0,2.0
17.0,0.0
12.0,1.0
27.0,4.0
18.0,1.0
28.0,2.0
23.0,2.0
26.0,4.0
22.0,4.0
18.0,14.0
15.0,6.0
25.0,22.0
22.0,8.0
16.0,3.0
21.0,5.0
20.0,3.0
22.0,1.0
14.0,0.0
21.0,2.0
15.0,0.0
13.0,0.0
20.0,0.0
17.0,0.0
12.0,0.0
11.0,0.0
10.0,0.0
16.0,1.0
18.0,1.0
16.0,2.0
14.0,0.0
12.0,0.0
12.0,1.0
21.0,0.0
11.0,0.0
12.0,0.0
14.0,1.0
14.0,1.0
13.0,0.0
14.0,1.0
12.0,1.0
8.0,0.0
13.0,1.0
8.0,0.0
2.0,2.0
6.0,0.0
6.0,0.0
3.0,1.0
9.0,0.0
2.0,1.0
5.0,0.0
2.0,0.0
