5.0,0.0
4.0,0.0
2.0,0.0
2.0,0.0
2.0,0.0
7.0,1.0
3.0,0.0
0.0,0.0
2.0,0.0
2.0,0.0
0.0,0.0
3.0,0.0
0.0,0.0
0.0,0.0
0.0,0.0
0.0,0.0
1.0,0.0
1.0,0.0
0.0,0.0
0.0,0.0
0.0,0.0
0.0,0.0
0.0,0.0
1.0,0.0
0.0,0.0
0.0,0.0
1.0,0.0
1.0,0.0
0.0,0.0
0.0,0.0
0.0,0.0
0.0,0.0
0.0,0.0
1.0,0.0
1.0,0.0
1.0,0.0
0.0,0.0
0.0,0.0
0.0,1.0
7.0,1.0
10.0,1.0
8.0,0.0
15.0,1.0
33.0,4.0
33.0,3.0
35.0,4.0
43.0,14.0
30.0,33.0
28.0,25.0
27.0,39.0
21.0,44.0
18.0,56.0
20.0,39.0
20.0,19.0
21.0,27.0
21.0,19.0
15.0,32.0
6.0,16.0
8.0,24.0
8.0,20.0
9.0,9.0
5.0,12.0
13.0,19.0
17.0,23.0
13.0,8.0
10.0,8.0
11.0,28.0
11.0,10.0
9.0,10.0
14.0,17.0
13.0,3.0
15.0,13.0
14.0,6.0
12.0,11.0
21.0,8.0
14.0,3.0
22.0,9.0
13.0,5.0
8.0,7.0
22.0,13.0
13.0,7.0
14.0,5.0
16.0,6.0
19.0,14.0
13.0,12.0
13.0,13.0
13.0,5.0
16.0,5.0
12.0,3.0
19.0,0.0
19.0,4.0
11.0,12.0
18.0,2.0
16.0,8.0
17.0,4.0
14.0,11.0
18.0,6.0
23.0,10.0
15.0,8.0
15.0,14.0
12.0,2.0
24.0,6.0
18.0,11.0
31.0,4.0
20.0,1.0
20.0,7.0
26.0,7.0
17.0,4.0
20.0,3.0
25.0,6.0
14.0,1.0
10.0,0.0
11.0,1.0
14.0,1.0
16.0,3.0
9.0,1.0
9.0,0.0
18.0,2.0
20.0,1.0
14.0,2.0
5.0,0.0
9.0,1.0
11.0,0.0
7.0,0.0
12.0,0.0
6.0,0.0
11.0,2.0
13.0,0.0
13.0,0.0
8.0,0.0
19.0,3.0
10.0,2.0
9.0,0.0
9.0,0.0
9.0,0.0
6.0,0.0
1.0,0.0
6.0,1.0
5.0,0.0
4.0,0.0
6.0,1.0
5.0,0.0
5.0,0.0
5.0,0.0
