73.0,11.0
54.0,8.0
49.0,1.0
56.0,6.0
56.0,4.0
30.0,5.0
42.0,1.0
23.0,1.0
26.0,1.0
28.0,4.0
21.0,7.0
25.0,5.0
29.0,3.0
24.0,4.0
16.0,7.0
14.0,1.0
17.0,1.0
14.0,4.0
16.0,0.0
16.0,1.0
10.0,0.0
7.0,1.0
15.0,1.0
10.0,1.0
9.0,0.0
7.0,0.0
10.0,3.0
12.0,0.0
8.0,1.0
10.0,1.0
2.0,1.0
6.0,0.0
6.0,0.0
11.0,1.0
10.0,2.0
6.0,13.0
20.0,11.0
18.0,2.0
25.0,5.0
37.0,0.0
47.0,2.0
76.0,1.0
100.0,3.0
119.0,0.0
168.0,3.0
218.0,2.0
306.0,11.0
280.0,12.0
339.0,54.0
413.0,303.0
341.0,142.0
412.0,149.0
420.0,197.0
350.0,59.0
264.0,5.0
266.0,3.0
195.0,4.0
195.0,5.0
209.0,3.0
159.0,2.0
137.0,4.0
169.0,5.0
153.0,6.0
164.0,0.0
133.0,2.0
140.0,5.0
179.0,6.0
149.0,3.0
137.0,6.0
163.0,5.0
189.0,5.0
186.0,7.0
169.0,8.0
159.0,5.0
152.0,6.0
186.0,4.0
189.0,4.0
156.0,4.0
190.0,8.0
167.0,4.0
171.0,7.0
192.0,5.0
199.0,4.0
193.0,8.0
200.0,6.0
191.0,6.0
182.0,6.0
166.0,5.0
174.0,9.0
177.0,4.0
181.0,5.0
182.0,5.0
195.0,6.0
211.0,5.0
169.0,6.0
232.0,3.0
239.0,3.0
229.0,4.0
225.0,3.0
228.0,7.0
232.0,3.0
240.0,8.0
291.0,9.0
277.0,4.0
239.0,4.0
332.0,5.0
325.0,8.0
326.0,10.0
324.0,12.0
280.0,10.0
272.0,7.0
257.0,3.0
250.0,6.0
237.0,11.0
251.0,6.0
225.0,4.0
202.0,10.0
252.0,8.0
202.0,4.0
233.0,6.0
255.0,7.0
249.0,6.0
257.0,9.0
283.0,11.0
265.0,2.0
239.0,15.0
287.0,6.0
210.0,2.0
230.0,8.0
238.0,5.0
227.0,4.0
238.0,5.0
258.0,4.0
214.0,7.0
161.0,6.0
152.0,7.0
105.0,3.0
116.0,5.0
73.0,1.0
77.0,4.0
74.0,1.0
67.0,3.0
56.0,4.0
47.0,2.0
