133.0,59.0
122.0,97.0
108.0,86.0
101.0,102.0
98.0,107.0
66.0,100.0
76.0,44.0
66.0,54.0
79.0,57.0
55.0,76.0
50.0,66.0
61.0,56.0
47.0,50.0
43.0,41.0
41.0,28.0
48.0,38.0
35.0,17.0
38.0,31.0
29.0,36.0
26.0,20.0
34.0,14.0
29.0,27.0
22.0,14.0
25.0,20.0
34.0,22.0
23.0,26.0
23.0,20.0
16.0,18.0
25.0,12.0
24.0,2.0
22.0,5.0
29.0,3.0
20.0,9.0
26.0,7.0
23.0,12.0
21.0,10.0
18.0,18.0
28.0,24.0
18.0,18.0
76.0,5.0
104.0,5.0
124.0,3.0
196.0,11.0
274.0,8.0
325.0,12.0
397.0,41.0
484.0,100.0
544.0,102.0
559.0,123.0
574.0,110.0
615.0,85.0
571.0,58.0
492.0,30.0
496.0,19.0
517.0,11.0
466.0,10.0
434.0,11.0
430.0,7.0
429.0,16.0
409.0,16.0
465.0,15.0
421.0,17.0
418.0,14.0
458.0,10.0
443.0,12.0
425.0,5.0
442.0,16.0
427.0,13.0
461.0,15.0
491.0,8.0
456.0,21.0
449.0,16.0
454.0,11.0
441.0,17.0
438.0,17.0
407.0,10.0
415.0,10.0
475.0,12.0
436.0,12.0
502.0,22.0
499.0,18.0
473.0,14.0
504.0,19.0
518.0,11.0
527.0,15.0
532.0,15.0
524.0,21.0
588.0,18.0
511.0,15.0
538.0,23.0
597.0,26.0
634.0,17.0
654.0,75.0
626.0,84.0
564.0,106.0
521.0,204.0
693.0,22.0
635.0,20.0
659.0,26.0
710.0,29.0
756.0,69.0
831.0,291.0
767.0,1046.0
648.0,1215.0
624.0,657.0
655.0,1109.0
515.0,387.0
580.0,480.0
613.0,520.0
671.0,274.0
651.0,304.0
582.0,40.0
548.0,31.0
515.0,19.0
505.0,18.0
544.0,23.0
539.0,24.0
539.0,26.0
518.0,28.0
506.0,23.0
630.0,65.0
542.0,110.0
598.0,133.0
524.0,218.0
513.0,363.0
472.0,488.0
421.0,565.0
416.0,613.0
381.0,643.0
374.0,421.0
437.0,708.0
371.0,452.0
330.0,430.0
335.0,192.0
287.0,100.0
273.0,80.0
242.0,80.0
202.0,17.0
200.0,25.0
168.0,40.0
166.0,52.0
158.0,89.0
141.0,102.0
113.0,144.0
