65.0,8.0
83.0,23.0
63.0,10.0
68.0,19.0
55.0,10.0
50.0,12.0
50.0,12.0
44.0,8.0
51.0,6.0
47.0,23.0
54.0,24.0
43.0,23.0
39.0,21.0
35.0,9.0
33.0,14.0
32.0,3.0
20.0,6.0
21.0,6.0
19.0,4.0
21.0,7.0
20.0,14.0
19.0,11.0
8.0,0.0
15.0,3.0
23.0,1.0
14.0,3.0
19.0,6.0
18.0,5.0
15.0,3.0
22.0,4.0
16.0,6.0
24.0,8.0
11.0,7.0
13.0,2.0
13.0,2.0
22.0,10.0
21.0,5.0
23.0,5.0
29.0,5.0
32.0,7.0
37.0,10.0
51.0,7.0
48.0,8.0
70.0,7.0
88.0,26.0
89.0,10.0
132.0,21.0
119.0,7.0
143.0,8.0
147.0,7.0
166.0,9.0
146.0,6.0
160.0,4.0
139.0,2.0
146.0,3.0
161.0,5.0
174.0,8.0
190.0,2.0
189.0,2.0
158.0,3.0
178.0,5.0
168.0,5.0
192.0,10.0
194.0,2.0
170.0,3.0
171.0,5.0
180.0,8.0
194.0,9.0
188.0,11.0
221.0,11.0
226.0,7.0
219.0,14.0
223.0,5.0
260.0,11.0
229.0,4.0
241.0,6.0
253.0,5.0
289.0,11.0
281.0,5.0
250.0,12.0
263.0,11.0
282.0,16.0
289.0,14.0
291.0,11.0
313.0,25.0
267.0,22.0
286.0,35.0
312.0,17.0
326.0,23.0
300.0,46.0
284.0,50.0
286.0,38.0
310.0,128.0
298.0,186.0
277.0,258.0
302.0,274.0
427.0,26.0
357.0,14.0
373.0,15.0
373.0,18.0
326.0,18.0
359.0,10.0
415.0,16.0
384.0,17.0
333.0,17.0
326.0,7.0
293.0,8.0
260.0,10.0
212.0,5.0
235.0,7.0
216.0,4.0
203.0,5.0
198.0,4.0
224.0,7.0
219.0,4.0
168.0,3.0
175.0,4.0
184.0,6.0
187.0,13.0
197.0,44.0
221.0,20.0
221.0,21.0
187.0,34.0
203.0,59.0
174.0,30.0
195.0,36.0
189.0,38.0
175.0,27.0
155.0,15.0
180.0,39.0
155.0,18.0
156.0,18.0
136.0,11.0
161.0,21.0
118.0,8.0
95.0,2.0
87.0,5.0
87.0,4.0
71.0,2.0
89.0,4.0
77.0,3.0
84.0,17.0
74.0,7.0
69.0,7.0
