115.0,5.0
94.0,8.0
94.0,7.0
103.0,6.0
87.0,17.0
70.0,10.0
82.0,7.0
68.0,9.0
55.0,5.0
61.0,2.0
81.0,9.0
70.0,6.0
55.0,5.0
43.0,10.0
49.0,2.0
46.0,3.0
46.0,5.0
44.0,6.0
40.0,1.0
37.0,3.0
25.0,1.0
34.0,0.0
24.0,2.0
30.0,3.0
17.0,2.0
23.0,2.0
28.0,1.0
30.0,2.0
18.0,5.0
21.0,2.0
15.0,4.0
18.0,6.0
18.0,8.0
13.0,1.0
20.0,3.0
15.0,8.0
19.0,18.0
23.0,19.0
33.0,18.0
87.0,4.0
105.0,1.0
135.0,2.0
197.0,7.0
230.0,4.0
287.0,10.0
309.0,26.0
368.0,107.0
309.0,268.0
300.0,404.0
293.0,296.0
364.0,226.0
351.0,160.0
380.0,103.0
354.0,22.0
345.0,13.0
347.0,8.0
313.0,3.0
295.0,23.0
291.0,29.0
281.0,33.0
229.0,11.0
233.0,27.0
253.0,24.0
229.0,11.0
232.0,25.0
230.0,19.0
217.0,21.0
212.0,16.0
240.0,20.0
240.0,24.0
232.0,23.0
214.0,12.0
243.0,14.0
217.0,20.0
220.0,18.0
227.0,19.0
235.0,21.0
275.0,28.0
241.0,29.0
260.0,95.0
262.0,93.0
244.0,128.0
235.0,144.0
236.0,131.0
245.0,102.0
223.0,113.0
215.0,93.0
241.0,82.0
239.0,102.0
235.0,93.0
243.0,82.0
221.0,103.0
204.0,103.0
333.0,7.0
235.0,6.0
256.0,6.0
238.0,7.0
262.0,6.0
279.0,6.0
274.0,5.0
264.0,6.0
328.0,10.0
426.0,12.0
345.0,14.0
350.0,41.0
392.0,56.0
399.0,122.0
342.0,138.0
380.0,136.0
368.0,83.0
328.0,16.0
343.0,16.0
325.0,8.0
348.0,13.0
309.0,6.0
301.0,7.0
275.0,11.0
298.0,7.0
254.0,9.0
284.0,8.0
289.0,8.0
266.0,7.0
262.0,4.0
318.0,16.0
324.0,8.0
308.0,14.0
307.0,17.0
306.0,15.0
283.0,28.0
269.0,15.0
273.0,20.0
255.0,19.0
241.0,11.0
237.0,6.0
218.0,6.0
210.0,14.0
197.0,10.0
141.0,8.0
148.0,6.0
130.0,5.0
110.0,1.0
137.0,8.0
93.0,5.0
119.0,5.0
