25.0,4.0
25.0,4.0
16.0,0.0
21.0,7.0
23.0,0.0
23.0,3.0
19.0,4.0
12.0,7.0
14.0,6.0
12.0,1.0
7.0,1.0
9.0,0.0
10.0,1.0
7.0,1.0
12.0,6.0
7.0,0.0
2.0,2.0
3.0,0.0
5.0,0.0
4.0,2.0
2.0,4.0
2.0,2.0
4.0,1.0
0.0,0.0
2.0,4.0
3.0,2.0
1.0,1.0
1.0,0.0
1.0,2.0
2.0,1.0
3.0,0.0
1.0,1.0
2.0,0.0
5.0,1.0
3.0,0.0
4.0,1.0
4.0,5.0
7.0,8.0
9.0,0.0
29.0,1.0
22.0,1.0
50.0,1.0
73.0,2.0
95.0,2.0
174.0,2.0
225.0,9.0
251.0,74.0
239.0,315.0
235.0,500.0
196.0,460.0
249.0,408.0
314.0,363.0
274.0,262.0
247.0,211.0
209.0,98.0
199.0,107.0
180.0,89.0
141.0,77.0
137.0,26.0
103.0,20.0
78.0,2.0
83.0,5.0
77.0,4.0
61.0,3.0
52.0,2.0
57.0,5.0
54.0,2.0
77.0,1.0
91.0,0.0
84.0,4.0
84.0,2.0
93.0,6.0
95.0,4.0
93.0,4.0
88.0,4.0
99.0,7.0
112.0,16.0
87.0,15.0
86.0,17.0
105.0,5.0
90.0,3.0
97.0,2.0
78.0,7.0
78.0,4.0
85.0,2.0
60.0,4.0
77.0,4.0
77.0,2.0
64.0,4.0
73.0,2.0
79.0,0.0
70.0,3.0
73.0,3.0
76.0,4.0
80.0,1.0
85.0,4.0
74.0,1.0
72.0,1.0
90.0,8.0
97.0,5.0
105.0,6.0
104.0,5.0
172.0,4.0
170.0,4.0
187.0,7.0
290.0,11.0
256.0,10.0
217.0,6.0
255.0,10.0
202.0,10.0
218.0,7.0
151.0,3.0
163.0,4.0
124.0,1.0
122.0,4.0
126.0,6.0
103.0,0.0
129.0,6.0
114.0,2.0
120.0,6.0
152.0,5.0
164.0,10.0
192.0,9.0
167.0,9.0
173.0,7.0
142.0,9.0
160.0,4.0
141.0,6.0
128.0,5.0
119.0,2.0
105.0,4.0
127.0,7.0
126.0,1.0
92.0,8.0
94.0,5.0
68.0,2.0
84.0,3.0
61.0,3.0
51.0,1.0
37.0,2.0
35.0,3.0
44.0,4.0
20.0,1.0
18.0,0.0
