66.0,3.0
88.0,10.0
81.0,1.0
107.0,3.0
98.0,5.0
69.0,4.0
51.0,0.0
60.0,2.0
46.0,3.0
31.0,2.0
32.0,1.0
31.0,6.0
40.0,2.0
29.0,1.0
21.0,2.0
21.0,0.0
17.0,3.0
25.0,6.0
19.0,6.0
13.0,10.0
17.0,7.0
16.0,16.0
7.0,2.0
5.0,7.0
8.0,6.0
6.0,9.0
5.0,5.0
5.0,5.0
7.0,5.0
5.0,20.0
4.0,18.0
1.0,0.0
1.0,2.0
3.0,5.0
6.0,3.0
1.0,5.0
1.0,0.0
3.0,5.0
7.0,11.0
8.0,6.0
8.0,2.0
8.0,2.0
12.0,5.0
17.0,12.0
15.0,8.0
19.0,9.0
33.0,9.0
26.0,6.0
29.0,7.0
42.0,10.0
37.0,12.0
33.0,6.0
56.0,8.0
41.0,11.0
40.0,13.0
33.0,12.0
33.0,10.0
39.0,20.0
43.0,16.0
42.0,5.0
30.0,9.0
27.0,12.0
39.0,22.0
46.0,10.0
48.0,13.0
67.0,33.0
55.0,11.0
38.0,15.0
38.0,19.0
39.0,12.0
52.0,10.0
57.0,17.0
45.0,8.0
55.0,10.0
64.0,27.0
71.0,31.0
78.0,31.0
57.0,22.0
58.0,11.0
62.0,14.0
70.0,15.0
64.0,9.0
69.0,20.0
65.0,18.0
56.0,11.0
59.0,20.0
55.0,21.0
74.0,8.0
63.0,18.0
76.0,22.0
63.0,14.0
80.0,10.0
68.0,19.0
64.0,22.0
85.0,22.0
80.0,25.0
75.0,23.0
74.0,23.0
92.0,10.0
87.0,19.0
89.0,17.0
110.0,24.0
143.0,14.0
123.0,30.0
105.0,24.0
100.0,25.0
109.0,17.0
78.0,13.0
81.0,8.0
76.0,4.0
72.0,4.0
80.0,10.0
91.0,10.0
71.0,5.0
76.0,2.0
82.0,14.0
73.0,11.0
69.0,5.0
73.0,13.0
72.0,9.0
64.0,6.0
79.0,5.0
62.0,11.0
69.0,14.0
64.0,9.0
75.0,10.0
73.0,6.0
78.0,2.0
75.0,9.0
64.0,2.0
71.0,8.0
63.0,10.0
59.0,4.0
50.0,6.0
50.0,8.0
52.0,2.0
45.0,3.0
44.0,1.0
33.0,2.0
45.0,0.0
44.0,1.0
31.0,6.0
48.0,2.0
38.0,4.0
