18.0,1.0
20.0,4.0
16.0,1.0
22.0,2.0
18.0,2.0
18.0,12.0
8.0,1.0
10.0,2.0
8.0,1.0
13.0,0.0
6.0,0.0
4.0,0.0
17.0,1.0
5.0,0.0
7.0,3.0
2.0,3.0
6.0,1.0
1.0,1.0
3.0,0.0
1.0,1.0
4.0,1.0
3.0,0.0
6.0,0.0
2.0,0.0
6.0,0.0
4.0,2.0
7.0,0.0
0.0,0.0
0.0,0.0
1.0,0.0
3.0,0.0
7.0,3.0
3.0,8.0
5.0,1.0
2.0,2.0
5.0,4.0
4.0,3.0
4.0,4.0
6.0,10.0
34.0,3.0
44.0,3.0
46.0,2.0
87.0,7.0
106.0,22.0
135.0,45.0
127.0,108.0
120.0,175.0
125.0,173.0
111.0,236.0
126.0,172.0
153.0,163.0
136.0,229.0
190.0,188.0
173.0,110.0
180.0,24.0
163.0,14.0
162.0,9.0
125.0,3.0
124.0,3.0
103.0,6.0
104.0,7.0
86.0,8.0
96.0,7.0
77.0,5.0
62.0,4.0
58.0,3.0
81.0,5.0
77.0,9.0
85.0,14.0
55.0,24.0
61.0,28.0
88.0,28.0
87.0,10.0
78.0,5.0
93.0,13.0
79.0,4.0
87.0,16.0
92.0,7.0
78.0,6.0
92.0,9.0
82.0,10.0
86.0,14.0
94.0,22.0
78.0,17.0
73.0,17.0
90.0,30.0
73.0,10.0
83.0,2.0
92.0,14.0
76.0,21.0
84.0,8.0
94.0,17.0
80.0,18.0
83.0,25.0
77.0,14.0
79.0,29.0
98.0,23.0
82.0,29.0
117.0,28.0
104.0,41.0
114.0,59.0
123.0,56.0
146.0,89.0
102.0,114.0
95.0,139.0
98.0,165.0
74.0,157.0
76.0,110.0
78.0,147.0
104.0,140.0
94.0,92.0
111.0,66.0
88.0,28.0
93.0,15.0
96.0,24.0
94.0,19.0
88.0,21.0
80.0,10.0
78.0,1.0
101.0,4.0
85.0,4.0
127.0,6.0
80.0,10.0
96.0,5.0
104.0,7.0
78.0,8.0
111.0,7.0
83.0,15.0
98.0,10.0
81.0,2.0
75.0,3.0
67.0,2.0
63.0,3.0
43.0,2.0
41.0,2.0
31.0,0.0
35.0,1.0
47.0,1.0
41.0,2.0
30.0,2.0
26.0,1.0
33.0,1.0
20.0,5.0
13.0,4.0
