55.0,4.0
32.0,9.0
32.0,3.0
31.0,7.0
28.0,11.0
26.0,4.0
30.0,12.0
16.0,5.0
17.0,2.0
22.0,2.0
27.0,2.0
13.0,2.0
13.0,0.0
15.0,3.0
15.0,3.0
9.0,7.0
11.0,4.0
14.0,4.0
12.0,7.0
8.0,0.0
9.0,8.0
7.0,0.0
4.0,0.0
5.0,1.0
5.0,2.0
5.0,1.0
6.0,2.0
5.0,3.0
6.0,6.0
2.0,1.0
4.0,4.0
4.0,3.0
6.0,5.0
4.0,3.0
5.0,1.0
6.0,1.0
8.0,5.0
11.0,5.0
16.0,11.0
49.0,4.0
38.0,1.0
48.0,2.0
91.0,4.0
99.0,6.0
136.0,4.0
159.0,10.0
145.0,11.0
139.0,11.0
181.0,31.0
142.0,22.0
161.0,19.0
162.0,35.0
147.0,7.0
120.0,5.0
102.0,6.0
87.0,1.0
85.0,0.0
65.0,2.0
69.0,3.0
66.0,0.0
79.0,5.0
63.0,2.0
65.0,2.0
86.0,1.0
80.0,1.0
92.0,3.0
71.0,1.0
81.0,1.0
102.0,1.0
90.0,2.0
78.0,3.0
83.0,2.0
76.0,0.0
69.0,2.0
58.0,3.0
96.0,1.0
94.0,4.0
101.0,5.0
93.0,3.0
94.0,2.0
95.0,0.0
74.0,1.0
104.0,6.0
88.0,3.0
95.0,2.0
80.0,3.0
113.0,2.0
104.0,0.0
86.0,4.0
94.0,4.0
86.0,1.0
88.0,2.0
88.0,4.0
119.0,1.0
93.0,1.0
94.0,2.0
93.0,1.0
105.0,4.0
100.0,2.0
127.0,4.0
129.0,7.0
127.0,4.0
148.0,4.0
163.0,7.0
135.0,3.0
131.0,3.0
146.0,3.0
105.0,3.0
117.0,7.0
119.0,3.0
88.0,3.0
96.0,4.0
95.0,4.0
96.0,3.0
72.0,3.0
90.0,3.0
90.0,3.0
91.0,2.0
97.0,2.0
86.0,4.0
112.0,7.0
121.0,5.0
105.0,6.0
115.0,2.0
121.0,2.0
111.0,2.0
119.0,2.0
99.0,0.0
107.0,6.0
135.0,2.0
119.0,3.0
103.0,2.0
98.0,1.0
74.0,5.0
71.0,5.0
79.0,3.0
78.0,5.0
77.0,2.0
67.0,6.0
63.0,9.0
64.0,8.0
67.0,2.0
52.0,9.0
50.0,6.0
