30.0,3.0
38.0,2.0
28.0,3.0
31.0,2.0
23.0,3.0
24.0,2.0
24.0,4.0
13.0,2.0
21.0,2.0
18.0,3.0
9.0,0.0
13.0,5.0
13.0,3.0
10.0,1.0
13.0,1.0
9.0,2.0
7.0,0.0
8.0,3.0
6.0,3.0
3.0,0.0
10.0,1.0
8.0,3.0
9.0,1.0
5.0,1.0
4.0,0.0
4.0,2.0
1.0,0.0
2.0,2.0
3.0,1.0
2.0,1.0
1.0,3.0
1.0,0.0
2.0,0.0
0.0,1.0
2.0,1.0
3.0,1.0
6.0,2.0
4.0,0.0
4.0,0.0
17.0,5.0
16.0,3.0
13.0,1.0
34.0,18.0
45.0,14.0
66.0,8.0
96.0,14.0
99.0,3.0
78.0,10.0
129.0,11.0
122.0,3.0
100.0,22.0
91.0,16.0
86.0,11.0
66.0,12.0
60.0,12.0
53.0,13.0
59.0,6.0
42.0,11.0
35.0,10.0
29.0,4.0
36.0,4.0
36.0,9.0
27.0,10.0
36.0,11.0
30.0,11.0
46.0,12.0
35.0,3.0
35.0,3.0
43.0,6.0
38.0,10.0
43.0,3.0
21.0,10.0
39.0,11.0
44.0,8.0
39.0,5.0
44.0,13.0
41.0,8.0
40.0,7.0
61.0,4.0
49.0,6.0
51.0,9.0
36.0,7.0
42.0,6.0
34.0,0.0
64.0,8.0
39.0,12.0
40.0,6.0
43.0,10.0
54.0,13.0
50.0,14.0
48.0,3.0
36.0,3.0
41.0,5.0
55.0,9.0
60.0,9.0
47.0,5.0
55.0,4.0
67.0,17.0
68.0,7.0
76.0,14.0
85.0,9.0
76.0,4.0
130.0,8.0
98.0,15.0
88.0,12.0
86.0,2.0
61.0,3.0
72.0,6.0
79.0,3.0
72.0,16.0
72.0,2.0
73.0,6.0
86.0,3.0
74.0,9.0
68.0,9.0
54.0,5.0
59.0,7.0
44.0,3.0
61.0,10.0
45.0,12.0
72.0,11.0
70.0,9.0
66.0,4.0
73.0,22.0
56.0,5.0
58.0,9.0
50.0,7.0
57.0,11.0
69.0,2.0
56.0,2.0
52.0,3.0
53.0,4.0
54.0,6.0
38.0,2.0
37.0,3.0
42.0,0.0
43.0,2.0
21.0,0.0
30.0,0.0
23.0,0.0
28.0,1.0
25.0,3.0
30.0,1.0
41.0,3.0
