56.0,10.0
41.0,17.0
56.0,9.0
39.0,6.0
51.0,11.0
35.0,5.0
39.0,9.0
41.0,3.0
42.0,15.0
31.0,10.0
35.0,8.0
31.0,4.0
20.0,3.0
31.0,6.0
29.0,7.0
25.0,7.0
22.0,6.0
18.0,11.0
19.0,7.0
19.0,3.0
15.0,5.0
13.0,0.0
13.0,1.0
16.0,3.0
9.0,5.0
11.0,4.0
14.0,1.0
7.0,1.0
16.0,1.0
18.0,1.0
12.0,2.0
22.0,2.0
22.0,9.0
16.0,3.0
17.0,7.0
24.0,4.0
19.0,2.0
24.0,8.0
26.0,10.0
45.0,1.0
65.0,1.0
81.0,1.0
132.0,2.0
154.0,3.0
195.0,13.0
235.0,8.0
243.0,17.0
242.0,115.0
209.0,209.0
231.0,165.0
329.0,107.0
293.0,94.0
256.0,29.0
209.0,5.0
213.0,7.0
207.0,3.0
220.0,3.0
215.0,4.0
200.0,6.0
165.0,3.0
164.0,3.0
174.0,6.0
179.0,4.0
168.0,6.0
175.0,3.0
180.0,5.0
203.0,7.0
158.0,2.0
208.0,10.0
175.0,1.0
200.0,10.0
207.0,20.0
199.0,10.0
176.0,5.0
188.0,6.0
177.0,5.0
191.0,5.0
201.0,5.0
202.0,5.0
215.0,4.0
248.0,4.0
203.0,5.0
236.0,13.0
245.0,33.0
250.0,31.0
243.0,58.0
255.0,70.0
252.0,82.0
254.0,73.0
236.0,51.0
242.0,75.0
232.0,144.0
188.0,170.0
356.0,14.0
265.0,11.0
269.0,20.0
248.0,103.0
307.0,148.0
287.0,169.0
299.0,143.0
275.0,86.0
345.0,138.0
346.0,205.0
305.0,235.0
300.0,269.0
347.0,297.0
318.0,308.0
317.0,275.0
297.0,303.0
267.0,243.0
299.0,147.0
306.0,33.0
279.0,21.0
252.0,16.0
249.0,14.0
207.0,17.0
194.0,8.0
231.0,23.0
209.0,43.0
238.0,61.0
282.0,8.0
216.0,28.0
242.0,25.0
231.0,62.0
252.0,142.0
212.0,98.0
219.0,190.0
206.0,177.0
213.0,194.0
209.0,113.0
210.0,60.0
206.0,54.0
188.0,97.0
161.0,67.0
167.0,32.0
150.0,42.0
142.0,40.0
129.0,10.0
125.0,10.0
114.0,10.0
94.0,9.0
86.0,2.0
89.0,5.0
71.0,5.0
