41.0,3.0
26.0,3.0
28.0,0.0
28.0,1.0
28.0,2.0
30.0,2.0
20.0,0.0
17.0,1.0
27.0,5.0
14.0,1.0
9.0,1.0
13.0,0.0
16.0,0.0
9.0,2.0
9.0,3.0
10.0,1.0
9.0,0.0
12.0,1.0
5.0,1.0
7.0,0.0
4.0,1.0
7.0,1.0
1.0,0.0
5.0,4.0
5.0,0.0
4.0,1.0
2.0,0.0
8.0,0.0
4.0,1.0
3.0,5.0
4.0,5.0
4.0,8.0
1.0,2.0
0.0,3.0
6.0,3.0
7.0,7.0
5.0,3.0
11.0,8.0
11.0,5.0
21.0,2.0
30.0,1.0
37.0,2.0
70.0,4.0
85.0,2.0
109.0,0.0
147.0,5.0
157.0,35.0
178.0,69.0
168.0,56.0
159.0,68.0
192.0,40.0
178.0,35.0
140.0,29.0
130.0,6.0
133.0,3.0
131.0,5.0
121.0,5.0
85.0,7.0
79.0,8.0
78.0,1.0
73.0,4.0
77.0,2.0
73.0,1.0
69.0,4.0
52.0,8.0
66.0,3.0
73.0,0.0
79.0,0.0
74.0,9.0
91.0,8.0
84.0,9.0
73.0,5.0
80.0,6.0
72.0,6.0
80.0,7.0
89.0,9.0
81.0,2.0
94.0,4.0
83.0,5.0
87.0,4.0
87.0,2.0
97.0,2.0
82.0,5.0
89.0,2.0
84.0,5.0
68.0,1.0
78.0,2.0
61.0,0.0
72.0,2.0
70.0,2.0
70.0,1.0
83.0,2.0
87.0,4.0
78.0,3.0
98.0,1.0
84.0,3.0
81.0,4.0
92.0,2.0
92.0,1.0
87.0,4.0
111.0,1.0
108.0,2.0
139.0,5.0
127.0,7.0
144.0,2.0
215.0,6.0
147.0,9.0
160.0,6.0
147.0,5.0
165.0,5.0
135.0,6.0
148.0,4.0
93.0,6.0
126.0,3.0
75.0,7.0
102.0,4.0
97.0,3.0
88.0,3.0
88.0,3.0
98.0,3.0
104.0,4.0
98.0,2.0
87.0,1.0
103.0,3.0
95.0,6.0
78.0,3.0
102.0,5.0
89.0,4.0
104.0,1.0
84.0,3.0
85.0,1.0
74.0,3.0
74.0,2.0
59.0,0.0
56.0,0.0
62.0,0.0
46.0,4.0
44.0,4.0
49.0,2.0
54.0,2.0
57.0,1.0
41.0,3.0
45.0,3.0
40.0,4.0
