43.0,5.0
25.0,5.0
29.0,2.0
22.0,2.0
27.0,5.0
24.0,2.0
23.0,0.0
23.0,0.0
12.0,1.0
12.0,2.0
9.0,1.0
11.0,2.0
13.0,2.0
7.0,4.0
11.0,2.0
8.0,1.0
6.0,1.0
6.0,0.0
6.0,1.0
5.0,1.0
6.0,1.0
4.0,0.0
2.0,0.0
8.0,1.0
2.0,0.0
4.0,0.0
6.0,0.0
4.0,0.0
2.0,0.0
4.0,2.0
2.0,0.0
3.0,0.0
6.0,1.0
1.0,4.0
7.0,3.0
4.0,2.0
5.0,13.0
1.0,11.0
12.0,12.0
44.0,2.0
49.0,0.0
60.0,4.0
81.0,0.0
111.0,5.0
164.0,16.0
152.0,58.0
171.0,153.0
154.0,234.0
161.0,328.0
174.0,275.0
184.0,281.0
164.0,306.0
198.0,295.0
254.0,184.0
242.0,73.0
257.0,52.0
236.0,16.0
207.0,21.0
194.0,38.0
179.0,16.0
132.0,9.0
142.0,4.0
97.0,3.0
115.0,1.0
111.0,3.0
96.0,3.0
88.0,1.0
70.0,1.0
97.0,4.0
90.0,2.0
99.0,2.0
96.0,4.0
98.0,4.0
92.0,11.0
93.0,3.0
82.0,6.0
111.0,4.0
105.0,2.0
115.0,8.0
120.0,5.0
102.0,8.0
94.0,4.0
90.0,3.0
96.0,3.0
111.0,6.0
87.0,6.0
98.0,5.0
104.0,7.0
88.0,9.0
90.0,4.0
97.0,0.0
77.0,8.0
94.0,23.0
111.0,2.0
101.0,2.0
87.0,3.0
113.0,3.0
127.0,4.0
103.0,3.0
151.0,2.0
130.0,7.0
147.0,4.0
221.0,13.0
211.0,12.0
192.0,8.0
227.0,8.0
223.0,6.0
154.0,5.0
221.0,17.0
218.0,15.0
215.0,7.0
195.0,5.0
158.0,5.0
164.0,6.0
155.0,7.0
131.0,6.0
145.0,5.0
148.0,5.0
140.0,6.0
121.0,8.0
131.0,5.0
144.0,4.0
114.0,3.0
125.0,6.0
124.0,2.0
108.0,8.0
159.0,5.0
145.0,8.0
171.0,5.0
136.0,3.0
115.0,2.0
133.0,4.0
155.0,6.0
121.0,4.0
115.0,5.0
90.0,4.0
83.0,2.0
76.0,2.0
57.0,1.0
42.0,0.0
55.0,0.0
45.0,1.0
49.0,2.0
41.0,5.0
