115.0,27.0
115.0,66.0
113.0,41.0
87.0,32.0
91.0,17.0
67.0,23.0
80.0,25.0
68.0,33.0
85.0,44.0
70.0,41.0
68.0,17.0
44.0,7.0
48.0,17.0
43.0,28.0
47.0,28.0
35.0,14.0
39.0,12.0
35.0,24.0
32.0,14.0
35.0,16.0
27.0,6.0
34.0,0.0
25.0,3.0
34.0,12.0
19.0,2.0
23.0,5.0
17.0,13.0
17.0,10.0
18.0,5.0
13.0,8.0
21.0,6.0
15.0,5.0
12.0,8.0
14.0,12.0
15.0,13.0
13.0,11.0
15.0,31.0
18.0,22.0
29.0,23.0
115.0,8.0
114.0,2.0
162.0,4.0
233.0,19.0
306.0,36.0
318.0,199.0
327.0,443.0
279.0,291.0
305.0,288.0
330.0,197.0
360.0,195.0
380.0,174.0
373.0,157.0
405.0,145.0
398.0,82.0
406.0,54.0
452.0,78.0
372.0,43.0
321.0,67.0
321.0,111.0
282.0,129.0
311.0,125.0
291.0,117.0
310.0,113.0
291.0,104.0
255.0,78.0
272.0,55.0
276.0,52.0
252.0,33.0
251.0,39.0
260.0,18.0
285.0,28.0
246.0,15.0
300.0,18.0
272.0,14.0
267.0,11.0
279.0,10.0
290.0,16.0
282.0,8.0
330.0,12.0
316.0,23.0
305.0,10.0
317.0,7.0
307.0,8.0
308.0,16.0
297.0,7.0
310.0,8.0
287.0,10.0
299.0,7.0
302.0,9.0
310.0,8.0
332.0,7.0
349.0,13.0
339.0,12.0
358.0,23.0
304.0,18.0
339.0,42.0
371.0,13.0
350.0,11.0
343.0,9.0
430.0,17.0
457.0,10.0
494.0,43.0
543.0,122.0
472.0,132.0
451.0,112.0
522.0,327.0
455.0,138.0
453.0,171.0
503.0,160.0
440.0,73.0
416.0,67.0
388.0,18.0
368.0,24.0
353.0,8.0
342.0,13.0
336.0,15.0
284.0,15.0
311.0,18.0
295.0,10.0
314.0,13.0
365.0,12.0
340.0,8.0
335.0,20.0
324.0,22.0
308.0,10.0
342.0,36.0
341.0,37.0
310.0,47.0
316.0,72.0
284.0,27.0
267.0,48.0
275.0,29.0
263.0,17.0
261.0,25.0
199.0,8.0
178.0,6.0
168.0,5.0
144.0,7.0
156.0,7.0
139.0,6.0
120.0,9.0
138.0,16.0
96.0,16.0
117.0,26.0
