58.0,11.0
60.0,21.0
59.0,64.0
56.0,21.0
44.0,28.0
48.0,24.0
49.0,17.0
41.0,12.0
28.0,18.0
34.0,8.0
28.0,2.0
31.0,5.0
21.0,3.0
25.0,6.0
33.0,11.0
26.0,12.0
14.0,7.0
22.0,11.0
13.0,7.0
11.0,0.0
19.0,5.0
14.0,10.0
12.0,10.0
10.0,8.0
15.0,7.0
16.0,1.0
9.0,1.0
14.0,1.0
12.0,3.0
14.0,4.0
14.0,2.0
14.0,7.0
16.0,7.0
7.0,12.0
12.0,6.0
14.0,3.0
22.0,8.0
15.0,14.0
21.0,10.0
27.0,1.0
27.0,0.0
33.0,1.0
35.0,2.0
63.0,0.0
70.0,1.0
68.0,7.0
95.0,2.0
85.0,2.0
89.0,2.0
110.0,3.0
106.0,6.0
120.0,3.0
105.0,3.0
100.0,3.0
111.0,2.0
122.0,3.0
120.0,3.0
117.0,5.0
117.0,1.0
123.0,2.0
128.0,5.0
109.0,0.0
165.0,8.0
132.0,1.0
123.0,1.0
123.0,4.0
156.0,5.0
135.0,4.0
164.0,3.0
155.0,3.0
173.0,3.0
159.0,2.0
151.0,6.0
180.0,9.0
161.0,7.0
196.0,3.0
190.0,3.0
185.0,4.0
189.0,2.0
175.0,5.0
194.0,7.0
213.0,5.0
184.0,4.0
191.0,3.0
213.0,7.0
217.0,3.0
197.0,2.0
218.0,8.0
201.0,10.0
229.0,8.0
218.0,11.0
213.0,49.0
195.0,90.0
266.0,15.0
223.0,1.0
230.0,7.0
248.0,10.0
241.0,9.0
244.0,6.0
243.0,10.0
275.0,11.0
262.0,9.0
270.0,11.0
274.0,12.0
221.0,9.0
291.0,9.0
272.0,6.0
213.0,9.0
245.0,16.0
210.0,10.0
180.0,3.0
191.0,3.0
173.0,4.0
198.0,5.0
184.0,5.0
178.0,18.0
170.0,33.0
136.0,26.0
188.0,67.0
175.0,61.0
194.0,14.0
161.0,9.0
164.0,34.0
190.0,21.0
151.0,25.0
175.0,19.0
170.0,40.0
154.0,65.0
144.0,77.0
153.0,54.0
145.0,75.0
125.0,36.0
136.0,59.0
126.0,33.0
133.0,41.0
125.0,33.0
103.0,42.0
86.0,23.0
74.0,37.0
64.0,24.0
85.0,47.0
59.0,60.0
57.0,39.0
47.0,30.0
