27.0,7.0
11.0,0.0
15.0,1.0
11.0,0.0
10.0,0.0
13.0,0.0
20.0,0.0
4.0,0.0
7.0,0.0
6.0,0.0
1.0,0.0
2.0,0.0
3.0,0.0
0.0,0.0
0.0,1.0
2.0,0.0
2.0,0.0
2.0,0.0
1.0,0.0
1.0,0.0
0.0,0.0
2.0,0.0
2.0,0.0
0.0,0.0
1.0,0.0
0.0,0.0
2.0,0.0
0.0,0.0
0.0,0.0
0.0,1.0
2.0,0.0
0.0,0.0
3.0,0.0
3.0,0.0
2.0,0.0
5.0,2.0
6.0,2.0
6.0,1.0
5.0,3.0
19.0,3.0
18.0,0.0
30.0,0.0
51.0,0.0
83.0,1.0
98.0,0.0
127.0,3.0
144.0,3.0
141.0,0.0
228.0,4.0
229.0,148.0
196.0,35.0
208.0,6.0
252.0,54.0
170.0,13.0
116.0,1.0
107.0,4.0
70.0,2.0
73.0,0.0
88.0,2.0
54.0,2.0
48.0,0.0
44.0,1.0
44.0,1.0
41.0,1.0
55.0,1.0
53.0,4.0
46.0,1.0
43.0,0.0
58.0,3.0
59.0,6.0
51.0,1.0
53.0,4.0
72.0,3.0
45.0,1.0
56.0,1.0
70.0,0.0
70.0,4.0
72.0,11.0
71.0,1.0
56.0,2.0
55.0,1.0
48.0,1.0
50.0,1.0
39.0,1.0
50.0,2.0
46.0,2.0
32.0,3.0
49.0,0.0
47.0,1.0
38.0,1.0
54.0,3.0
45.0,3.0
50.0,3.0
46.0,2.0
50.0,1.0
58.0,1.0
52.0,1.0
59.0,0.0
57.0,4.0
98.0,4.0
75.0,2.0
48.0,4.0
97.0,7.0
94.0,3.0
101.0,6.0
135.0,2.0
149.0,7.0
97.0,1.0
143.0,2.0
139.0,1.0
93.0,8.0
101.0,0.0
97.0,4.0
78.0,1.0
70.0,0.0
93.0,1.0
78.0,5.0
85.0,3.0
69.0,2.0
62.0,0.0
86.0,1.0
60.0,1.0
64.0,5.0
74.0,4.0
83.0,0.0
56.0,1.0
97.0,2.0
81.0,2.0
68.0,2.0
63.0,1.0
63.0,1.0
57.0,0.0
54.0,2.0
43.0,1.0
48.0,2.0
41.0,0.0
36.0,0.0
23.0,0.0
29.0,0.0
29.0,2.0
8.0,0.0
21.0,0.0
15.0,0.0
16.0,1.0
