119.0,2.0
80.0,3.0
101.0,9.0
93.0,11.0
81.0,6.0
91.0,11.0
92.0,7.0
75.0,8.0
80.0,17.0
79.0,15.0
58.0,7.0
55.0,6.0
63.0,5.0
39.0,3.0
44.0,4.0
48.0,2.0
36.0,0.0
37.0,1.0
43.0,2.0
36.0,1.0
18.0,0.0
22.0,2.0
24.0,2.0
28.0,1.0
27.0,2.0
25.0,2.0
20.0,0.0
21.0,2.0
22.0,1.0
13.0,3.0
18.0,3.0
17.0,6.0
19.0,5.0
13.0,0.0
20.0,4.0
15.0,4.0
13.0,5.0
18.0,14.0
19.0,14.0
102.0,6.0
106.0,5.0
166.0,2.0
201.0,3.0
250.0,8.0
298.0,60.0
286.0,153.0
291.0,324.0
266.0,389.0
269.0,381.0
302.0,259.0
329.0,238.0
311.0,226.0
371.0,192.0
343.0,89.0
348.0,15.0
382.0,23.0
341.0,16.0
289.0,70.0
256.0,170.0
266.0,103.0
277.0,67.0
254.0,102.0
262.0,48.0
286.0,44.0
240.0,28.0
248.0,22.0
237.0,41.0
226.0,44.0
208.0,52.0
249.0,73.0
237.0,73.0
216.0,66.0
236.0,32.0
213.0,4.0
230.0,9.0
238.0,3.0
258.0,17.0
247.0,25.0
263.0,41.0
232.0,24.0
282.0,54.0
249.0,117.0
264.0,129.0
266.0,70.0
264.0,129.0
263.0,150.0
246.0,121.0
258.0,112.0
257.0,100.0
239.0,118.0
261.0,143.0
228.0,180.0
220.0,152.0
347.0,12.0
304.0,12.0
298.0,13.0
314.0,29.0
320.0,23.0
323.0,55.0
368.0,83.0
348.0,60.0
352.0,81.0
389.0,133.0
360.0,178.0
354.0,264.0
386.0,276.0
375.0,309.0
359.0,360.0
389.0,299.0
380.0,220.0
413.0,163.0
415.0,35.0
439.0,24.0
421.0,12.0
321.0,17.0
342.0,43.0
343.0,17.0
302.0,15.0
283.0,26.0
317.0,23.0
379.0,21.0
348.0,21.0
397.0,37.0
313.0,22.0
355.0,40.0
419.0,72.0
343.0,72.0
354.0,91.0
343.0,117.0
324.0,63.0
319.0,71.0
354.0,113.0
327.0,138.0
293.0,108.0
273.0,76.0
254.0,48.0
224.0,22.0
191.0,13.0
197.0,17.0
159.0,11.0
175.0,4.0
162.0,10.0
160.0,17.0
144.0,14.0
