110.0,49.0
81.0,38.0
84.0,40.0
83.0,47.0
69.0,26.0
68.0,47.0
52.0,39.0
59.0,28.0
58.0,35.0
46.0,33.0
44.0,16.0
39.0,16.0
38.0,17.0
39.0,12.0
33.0,12.0
36.0,12.0
26.0,8.0
36.0,12.0
24.0,11.0
18.0,2.0
18.0,5.0
23.0,4.0
23.0,11.0
17.0,11.0
19.0,12.0
17.0,20.0
8.0,4.0
16.0,10.0
13.0,10.0
15.0,10.0
14.0,9.0
16.0,5.0
23.0,6.0
18.0,17.0
18.0,21.0
20.0,20.0
13.0,27.0
21.0,25.0
24.0,23.0
96.0,2.0
106.0,5.0
144.0,7.0
176.0,4.0
262.0,7.0
289.0,36.0
302.0,83.0
291.0,146.0
279.0,382.0
278.0,495.0
290.0,491.0
336.0,523.0
333.0,459.0
334.0,427.0
408.0,262.0
392.0,67.0
351.0,25.0
272.0,9.0
301.0,27.0
245.0,14.0
245.0,12.0
249.0,12.0
232.0,4.0
205.0,6.0
210.0,2.0
204.0,7.0
196.0,3.0
190.0,5.0
203.0,5.0
204.0,8.0
219.0,3.0
209.0,2.0
180.0,11.0
218.0,4.0
207.0,6.0
201.0,6.0
205.0,8.0
208.0,3.0
239.0,6.0
238.0,6.0
269.0,10.0
264.0,5.0
258.0,9.0
223.0,6.0
228.0,7.0
271.0,6.0
245.0,11.0
262.0,6.0
226.0,5.0
251.0,12.0
229.0,7.0
226.0,7.0
225.0,8.0
270.0,52.0
274.0,7.0
220.0,6.0
238.0,9.0
240.0,7.0
249.0,3.0
278.0,6.0
268.0,8.0
253.0,6.0
306.0,4.0
395.0,16.0
396.0,15.0
381.0,25.0
455.0,71.0
417.0,69.0
397.0,53.0
372.0,48.0
336.0,16.0
338.0,8.0
310.0,9.0
287.0,10.0
316.0,7.0
295.0,7.0
266.0,12.0
244.0,5.0
269.0,3.0
280.0,8.0
268.0,8.0
269.0,11.0
266.0,7.0
243.0,2.0
317.0,11.0
253.0,9.0
264.0,9.0
274.0,6.0
324.0,11.0
316.0,22.0
297.0,20.0
268.0,19.0
250.0,10.0
237.0,11.0
201.0,12.0
184.0,6.0
183.0,9.0
162.0,4.0
145.0,3.0
115.0,4.0
110.0,3.0
106.0,11.0
123.0,13.0
119.0,18.0
99.0,11.0
