132.0,120.0
127.0,125.0
126.0,160.0
104.0,102.0
105.0,56.0
88.0,56.0
84.0,38.0
55.0,21.0
77.0,17.0
59.0,18.0
69.0,25.0
52.0,13.0
49.0,22.0
53.0,34.0
49.0,46.0
37.0,16.0
44.0,10.0
47.0,17.0
33.0,28.0
45.0,17.0
34.0,15.0
39.0,17.0
30.0,16.0
19.0,25.0
34.0,19.0
23.0,5.0
20.0,5.0
25.0,8.0
20.0,13.0
18.0,10.0
15.0,5.0
34.0,5.0
26.0,9.0
26.0,10.0
24.0,11.0
27.0,5.0
23.0,9.0
25.0,13.0
18.0,11.0
89.0,2.0
102.0,7.0
144.0,16.0
220.0,37.0
277.0,49.0
318.0,104.0
344.0,172.0
361.0,344.0
390.0,459.0
420.0,557.0
454.0,398.0
524.0,333.0
519.0,339.0
462.0,274.0
466.0,75.0
490.0,31.0
460.0,26.0
428.0,11.0
411.0,19.0
394.0,15.0
402.0,20.0
334.0,8.0
363.0,18.0
346.0,7.0
370.0,14.0
356.0,4.0
366.0,4.0
368.0,8.0
388.0,15.0
418.0,14.0
407.0,9.0
400.0,7.0
377.0,7.0
339.0,9.0
361.0,6.0
406.0,12.0
383.0,13.0
367.0,11.0
435.0,14.0
385.0,10.0
398.0,9.0
354.0,12.0
436.0,10.0
498.0,14.0
435.0,18.0
516.0,15.0
512.0,26.0
521.0,32.0
530.0,38.0
487.0,57.0
458.0,243.0
440.0,390.0
392.0,568.0
444.0,517.0
738.0,44.0
607.0,76.0
617.0,163.0
561.0,338.0
543.0,480.0
552.0,468.0
545.0,479.0
574.0,333.0
617.0,362.0
603.0,657.0
517.0,881.0
440.0,1069.0
454.0,946.0
423.0,846.0
392.0,632.0
476.0,445.0
525.0,501.0
635.0,372.0
606.0,59.0
513.0,28.0
513.0,19.0
435.0,12.0
461.0,26.0
467.0,9.0
478.0,14.0
484.0,25.0
461.0,82.0
542.0,50.0
508.0,116.0
525.0,161.0
464.0,293.0
431.0,323.0
394.0,403.0
400.0,637.0
372.0,568.0
361.0,367.0
355.0,405.0
333.0,484.0
327.0,288.0
343.0,452.0
303.0,363.0
312.0,141.0
270.0,59.0
233.0,12.0
209.0,9.0
201.0,12.0
178.0,17.0
172.0,15.0
156.0,34.0
144.0,25.0
124.0,36.0
