156.0,40.0
127.0,30.0
142.0,26.0
129.0,26.0
123.0,23.0
104.0,42.0
90.0,48.0
83.0,42.0
77.0,53.0
63.0,26.0
63.0,23.0
64.0,38.0
61.0,19.0
77.0,18.0
63.0,31.0
63.0,5.0
60.0,6.0
55.0,19.0
41.0,5.0
53.0,9.0
42.0,5.0
44.0,3.0
37.0,2.0
38.0,13.0
41.0,15.0
36.0,10.0
38.0,9.0
24.0,19.0
22.0,7.0
27.0,4.0
24.0,2.0
24.0,2.0
20.0,11.0
21.0,0.0
20.0,2.0
27.0,2.0
31.0,22.0
16.0,20.0
25.0,20.0
53.0,2.0
67.0,2.0
137.0,7.0
159.0,3.0
206.0,3.0
277.0,10.0
349.0,25.0
394.0,46.0
425.0,79.0
491.0,177.0
474.0,87.0
536.0,60.0
509.0,81.0
452.0,61.0
368.0,18.0
383.0,11.0
441.0,13.0
444.0,7.0
440.0,11.0
412.0,14.0
385.0,12.0
388.0,12.0
414.0,16.0
386.0,17.0
377.0,10.0
360.0,9.0
385.0,15.0
449.0,27.0
433.0,23.0
437.0,30.0
457.0,32.0
445.0,51.0
416.0,56.0
438.0,20.0
378.0,11.0
404.0,14.0
406.0,14.0
393.0,9.0
419.0,12.0
499.0,30.0
512.0,23.0
450.0,38.0
491.0,40.0
531.0,95.0
506.0,62.0
509.0,183.0
522.0,154.0
503.0,113.0
492.0,170.0
489.0,230.0
490.0,215.0
476.0,329.0
410.0,334.0
402.0,329.0
741.0,109.0
626.0,113.0
587.0,104.0
552.0,374.0
542.0,367.0
493.0,435.0
539.0,445.0
499.0,360.0
592.0,572.0
562.0,949.0
504.0,765.0
505.0,758.0
493.0,742.0
482.0,624.0
490.0,629.0
577.0,543.0
585.0,341.0
624.0,279.0
659.0,91.0
627.0,63.0
568.0,32.0
567.0,51.0
565.0,76.0
558.0,34.0
596.0,97.0
536.0,110.0
493.0,168.0
677.0,65.0
602.0,141.0
640.0,175.0
580.0,220.0
558.0,410.0
568.0,522.0
460.0,670.0
473.0,517.0
453.0,528.0
458.0,488.0
463.0,448.0
436.0,493.0
428.0,603.0
412.0,589.0
403.0,475.0
407.0,424.0
397.0,380.0
372.0,165.0
318.0,83.0
280.0,82.0
220.0,26.0
216.0,46.0
213.0,41.0
206.0,56.0
