111.0,13.0
97.0,13.0
88.0,7.0
92.0,9.0
83.0,9.0
93.0,10.0
82.0,11.0
68.0,9.0
73.0,7.0
55.0,5.0
56.0,13.0
47.0,14.0
49.0,9.0
44.0,6.0
46.0,2.0
41.0,6.0
35.0,6.0
37.0,5.0
32.0,1.0
18.0,1.0
33.0,3.0
19.0,2.0
16.0,1.0
22.0,2.0
20.0,1.0
19.0,1.0
27.0,3.0
23.0,8.0
14.0,6.0
21.0,5.0
24.0,8.0
9.0,3.0
25.0,3.0
13.0,5.0
18.0,6.0
22.0,7.0
29.0,19.0
20.0,22.0
20.0,22.0
99.0,3.0
105.0,1.0
162.0,4.0
222.0,24.0
253.0,68.0
257.0,306.0
238.0,435.0
196.0,486.0
228.0,466.0
226.0,491.0
237.0,401.0
257.0,396.0
299.0,349.0
295.0,290.0
341.0,138.0
342.0,27.0
360.0,23.0
316.0,25.0
276.0,35.0
278.0,62.0
241.0,34.0
244.0,21.0
224.0,33.0
240.0,24.0
231.0,26.0
231.0,30.0
211.0,17.0
226.0,16.0
209.0,6.0
200.0,14.0
237.0,9.0
221.0,23.0
241.0,23.0
230.0,32.0
221.0,38.0
235.0,28.0
239.0,29.0
234.0,30.0
242.0,30.0
230.0,64.0
227.0,73.0
239.0,177.0
260.0,159.0
249.0,125.0
243.0,130.0
268.0,74.0
264.0,96.0
245.0,68.0
255.0,27.0
273.0,33.0
255.0,53.0
279.0,31.0
268.0,60.0
291.0,97.0
292.0,56.0
255.0,34.0
257.0,74.0
317.0,8.0
304.0,5.0
324.0,16.0
341.0,23.0
323.0,12.0
351.0,21.0
392.0,89.0
399.0,85.0
402.0,166.0
431.0,219.0
381.0,153.0
424.0,221.0
390.0,235.0
360.0,86.0
370.0,27.0
337.0,2.0
346.0,11.0
358.0,11.0
330.0,11.0
337.0,12.0
288.0,12.0
341.0,13.0
299.0,14.0
330.0,41.0
287.0,14.0
291.0,20.0
320.0,19.0
323.0,19.0
276.0,13.0
310.0,24.0
291.0,12.0
290.0,15.0
300.0,11.0
254.0,17.0
279.0,16.0
217.0,19.0
251.0,13.0
247.0,12.0
203.0,7.0
158.0,6.0
153.0,5.0
143.0,7.0
138.0,3.0
143.0,3.0
109.0,1.0
120.0,5.0
117.0,4.0
102.0,5.0
