163.0,52.0
124.0,105.0
120.0,81.0
110.0,68.0
106.0,26.0
99.0,24.0
86.0,40.0
89.0,22.0
89.0,23.0
80.0,24.0
70.0,13.0
73.0,58.0
64.0,46.0
65.0,14.0
53.0,8.0
56.0,9.0
47.0,26.0
47.0,16.0
46.0,36.0
30.0,4.0
42.0,3.0
38.0,7.0
42.0,11.0
36.0,10.0
34.0,29.0
23.0,11.0
32.0,15.0
34.0,6.0
23.0,1.0
22.0,4.0
21.0,3.0
32.0,1.0
34.0,6.0
37.0,6.0
25.0,9.0
23.0,3.0
38.0,5.0
33.0,24.0
40.0,33.0
74.0,1.0
99.0,3.0
119.0,5.0
174.0,5.0
256.0,9.0
307.0,8.0
400.0,41.0
400.0,137.0
443.0,171.0
449.0,268.0
478.0,322.0
523.0,200.0
496.0,199.0
457.0,106.0
469.0,21.0
471.0,7.0
489.0,17.0
496.0,10.0
460.0,9.0
427.0,17.0
425.0,11.0
413.0,12.0
381.0,9.0
380.0,9.0
379.0,4.0
472.0,8.0
410.0,16.0
442.0,18.0
449.0,10.0
403.0,10.0
496.0,15.0
536.0,30.0
436.0,18.0
457.0,19.0
418.0,17.0
428.0,15.0
464.0,25.0
413.0,13.0
477.0,25.0
469.0,106.0
444.0,128.0
452.0,165.0
497.0,170.0
524.0,199.0
491.0,205.0
485.0,244.0
461.0,278.0
495.0,302.0
579.0,249.0
535.0,263.0
510.0,353.0
456.0,344.0
430.0,409.0
494.0,599.0
470.0,345.0
369.0,377.0
470.0,463.0
778.0,286.0
600.0,578.0
573.0,705.0
594.0,380.0
633.0,450.0
589.0,643.0
680.0,994.0
501.0,654.0
527.0,832.0
507.0,1013.0
513.0,977.0
482.0,866.0
513.0,745.0
541.0,469.0
660.0,479.0
719.0,219.0
666.0,77.0
649.0,51.0
569.0,101.0
584.0,138.0
547.0,239.0
549.0,165.0
548.0,239.0
508.0,376.0
730.0,150.0
563.0,526.0
536.0,787.0
510.0,922.0
471.0,716.0
441.0,907.0
438.0,883.0
421.0,703.0
400.0,754.0
394.0,734.0
359.0,753.0
349.0,748.0
336.0,742.0
370.0,657.0
361.0,363.0
328.0,257.0
298.0,170.0
283.0,35.0
185.0,30.0
200.0,33.0
177.0,16.0
185.0,15.0
196.0,29.0
157.0,41.0
