46.0,6.0
28.0,1.0
49.0,0.0
34.0,9.0
39.0,2.0
27.0,3.0
28.0,3.0
20.0,9.0
24.0,5.0
19.0,4.0
25.0,0.0
11.0,3.0
20.0,5.0
16.0,6.0
16.0,4.0
9.0,0.0
7.0,1.0
7.0,1.0
15.0,4.0
7.0,1.0
5.0,0.0
7.0,1.0
5.0,1.0
7.0,5.0
4.0,2.0
3.0,0.0
4.0,0.0
10.0,0.0
5.0,3.0
3.0,0.0
3.0,0.0
6.0,1.0
6.0,2.0
12.0,3.0
6.0,7.0
12.0,9.0
14.0,2.0
7.0,10.0
15.0,8.0
35.0,1.0
41.0,0.0
58.0,0.0
83.0,2.0
119.0,2.0
201.0,8.0
227.0,10.0
316.0,27.0
440.0,65.0
425.0,523.0
431.0,694.0
501.0,552.0
522.0,743.0
527.0,561.0
539.0,135.0
536.0,18.0
523.0,16.0
323.0,5.0
247.0,5.0
218.0,5.0
212.0,5.0
155.0,2.0
160.0,2.0
144.0,4.0
135.0,0.0
126.0,1.0
134.0,2.0
124.0,5.0
138.0,3.0
148.0,9.0
161.0,6.0
151.0,5.0
141.0,8.0
157.0,12.0
145.0,6.0
137.0,7.0
160.0,4.0
149.0,5.0
165.0,6.0
193.0,13.0
182.0,8.0
183.0,12.0
174.0,16.0
185.0,20.0
171.0,29.0
171.0,23.0
150.0,11.0
133.0,19.0
177.0,5.0
147.0,14.0
137.0,15.0
142.0,9.0
161.0,10.0
151.0,21.0
180.0,7.0
144.0,6.0
172.0,13.0
185.0,7.0
188.0,1.0
190.0,13.0
173.0,7.0
149.0,3.0
205.0,21.0
294.0,39.0
246.0,39.0
251.0,49.0
343.0,54.0
345.0,29.0
292.0,13.0
347.0,27.0
314.0,74.0
327.0,48.0
245.0,24.0
232.0,5.0
201.0,5.0
202.0,4.0
228.0,12.0
215.0,5.0
216.0,18.0
255.0,11.0
195.0,14.0
266.0,9.0
252.0,14.0
270.0,13.0
287.0,18.0
260.0,32.0
256.0,26.0
251.0,129.0
257.0,118.0
275.0,113.0
205.0,120.0
228.0,21.0
205.0,24.0
209.0,20.0
150.0,12.0
125.0,3.0
123.0,2.0
80.0,1.0
97.0,0.0
87.0,2.0
59.0,2.0
77.0,2.0
59.0,2.0
71.0,5.0
64.0,4.0
