137.0,58.0
122.0,48.0
119.0,80.0
101.0,54.0
103.0,48.0
100.0,19.0
71.0,21.0
83.0,23.0
82.0,29.0
83.0,16.0
64.0,12.0
67.0,11.0
53.0,14.0
48.0,30.0
55.0,9.0
43.0,9.0
53.0,15.0
48.0,11.0
28.0,33.0
40.0,9.0
35.0,6.0
33.0,4.0
34.0,14.0
40.0,18.0
29.0,4.0
32.0,7.0
26.0,7.0
25.0,7.0
22.0,3.0
24.0,8.0
27.0,4.0
27.0,2.0
22.0,2.0
25.0,3.0
25.0,4.0
32.0,2.0
27.0,5.0
31.0,10.0
33.0,21.0
71.0,1.0
80.0,6.0
127.0,3.0
149.0,4.0
192.0,5.0
299.0,13.0
336.0,19.0
357.0,34.0
440.0,79.0
452.0,159.0
462.0,122.0
505.0,64.0
459.0,38.0
404.0,17.0
370.0,14.0
375.0,7.0
370.0,10.0
365.0,4.0
375.0,11.0
366.0,8.0
355.0,12.0
339.0,10.0
354.0,9.0
315.0,4.0
304.0,3.0
377.0,4.0
308.0,4.0
347.0,8.0
373.0,11.0
355.0,8.0
358.0,9.0
362.0,14.0
345.0,9.0
396.0,6.0
325.0,9.0
337.0,11.0
335.0,10.0
324.0,8.0
353.0,15.0
384.0,15.0
396.0,7.0
424.0,12.0
411.0,10.0
417.0,10.0
461.0,9.0
394.0,15.0
483.0,17.0
454.0,18.0
446.0,19.0
384.0,19.0
445.0,16.0
504.0,38.0
401.0,255.0
404.0,371.0
636.0,24.0
566.0,24.0
537.0,15.0
571.0,33.0
546.0,46.0
523.0,24.0
586.0,21.0
585.0,22.0
639.0,85.0
664.0,221.0
588.0,479.0
578.0,606.0
565.0,893.0
531.0,788.0
529.0,490.0
576.0,615.0
575.0,262.0
591.0,58.0
529.0,13.0
492.0,14.0
439.0,12.0
472.0,12.0
484.0,16.0
401.0,11.0
444.0,16.0
419.0,12.0
461.0,28.0
504.0,15.0
527.0,25.0
629.0,49.0
530.0,55.0
524.0,105.0
538.0,167.0
508.0,109.0
472.0,167.0
470.0,294.0
409.0,258.0
432.0,404.0
450.0,222.0
457.0,199.0
376.0,91.0
329.0,16.0
309.0,17.0
249.0,14.0
214.0,5.0
214.0,8.0
188.0,4.0
195.0,11.0
194.0,13.0
146.0,13.0
169.0,34.0
