50.0,10.0
31.0,9.0
33.0,2.0
40.0,10.0
35.0,8.0
31.0,7.0
28.0,7.0
22.0,6.0
23.0,15.0
11.0,5.0
16.0,8.0
17.0,10.0
11.0,1.0
11.0,0.0
12.0,1.0
5.0,1.0
8.0,8.0
9.0,2.0
7.0,1.0
12.0,3.0
5.0,0.0
4.0,0.0
6.0,3.0
4.0,2.0
2.0,0.0
3.0,0.0
9.0,0.0
5.0,2.0
6.0,0.0
0.0,0.0
5.0,2.0
6.0,0.0
3.0,1.0
4.0,2.0
7.0,5.0
6.0,5.0
9.0,4.0
8.0,7.0
13.0,11.0
29.0,1.0
44.0,0.0
45.0,2.0
93.0,3.0
132.0,8.0
198.0,7.0
247.0,10.0
316.0,11.0
424.0,24.0
479.0,275.0
484.0,476.0
487.0,293.0
556.0,318.0
538.0,276.0
542.0,106.0
469.0,11.0
513.0,7.0
332.0,3.0
248.0,2.0
233.0,2.0
180.0,1.0
143.0,1.0
130.0,6.0
152.0,3.0
131.0,2.0
120.0,8.0
125.0,1.0
131.0,2.0
141.0,4.0
144.0,1.0
110.0,4.0
108.0,2.0
130.0,1.0
115.0,7.0
126.0,2.0
114.0,5.0
154.0,3.0
138.0,2.0
129.0,5.0
132.0,5.0
154.0,7.0
157.0,3.0
137.0,5.0
157.0,4.0
137.0,0.0
132.0,2.0
118.0,2.0
112.0,3.0
127.0,0.0
115.0,3.0
128.0,3.0
147.0,4.0
135.0,13.0
131.0,18.0
165.0,6.0
133.0,1.0
124.0,2.0
158.0,7.0
153.0,6.0
138.0,3.0
165.0,1.0
164.0,5.0
178.0,9.0
252.0,8.0
221.0,18.0
213.0,21.0
306.0,29.0
292.0,29.0
267.0,14.0
289.0,23.0
294.0,10.0
282.0,8.0
208.0,7.0
210.0,5.0
170.0,1.0
206.0,9.0
191.0,4.0
187.0,5.0
159.0,6.0
187.0,5.0
196.0,7.0
223.0,5.0
192.0,8.0
219.0,5.0
201.0,6.0
205.0,8.0
220.0,3.0
228.0,7.0
236.0,10.0
183.0,16.0
202.0,9.0
174.0,3.0
135.0,2.0
171.0,3.0
155.0,3.0
126.0,4.0
129.0,3.0
91.0,4.0
87.0,0.0
87.0,3.0
70.0,2.0
69.0,2.0
56.0,5.0
49.0,7.0
48.0,1.0
