6.0,1.0
5.0,0.0
5.0,0.0
5.0,0.0
5.0,0.0
4.0,4.0
4.0,2.0
6.0,0.0
5.0,4.0
7.0,0.0
2.0,1.0
3.0,1.0
1.0,0.0
3.0,0.0
2.0,0.0
4.0,0.0
2.0,0.0
0.0,0.0
1.0,0.0
0.0,0.0
0.0,0.0
1.0,1.0
2.0,0.0
0.0,0.0
0.0,1.0
0.0,1.0
0.0,0.0
1.0,0.0
1.0,0.0
1.0,0.0
0.0,1.0
4.0,5.0
1.0,1.0
3.0,0.0
1.0,0.0
3.0,0.0
3.0,2.0
3.0,0.0
5.0,1.0
12.0,1.0
21.0,2.0
18.0,1.0
27.0,2.0
34.0,0.0
39.0,0.0
49.0,1.0
47.0,3.0
52.0,0.0
61.0,7.0
54.0,1.0
43.0,10.0
46.0,14.0
41.0,20.0
40.0,4.0
40.0,4.0
30.0,5.0
26.0,2.0
39.0,3.0
21.0,5.0
33.0,7.0
27.0,10.0
25.0,6.0
17.0,19.0
19.0,24.0
17.0,12.0
22.0,13.0
16.0,5.0
11.0,3.0
13.0,9.0
18.0,4.0
19.0,2.0
18.0,2.0
16.0,8.0
22.0,2.0
22.0,8.0
37.0,13.0
26.0,4.0
19.0,5.0
17.0,0.0
18.0,1.0
17.0,6.0
29.0,5.0
26.0,8.0
24.0,13.0
20.0,7.0
14.0,4.0
17.0,9.0
14.0,5.0
20.0,5.0
18.0,1.0
11.0,1.0
12.0,1.0
17.0,6.0
19.0,0.0
16.0,0.0
20.0,0.0
16.0,1.0
15.0,0.0
22.0,2.0
10.0,0.0
15.0,1.0
23.0,4.0
25.0,2.0
24.0,1.0
33.0,4.0
36.0,2.0
28.0,0.0
26.0,2.0
38.0,1.0
27.0,1.0
24.0,1.0
27.0,1.0
20.0,4.0
29.0,1.0
15.0,1.0
16.0,1.0
11.0,1.0
22.0,0.0
24.0,2.0
16.0,0.0
40.0,3.0
20.0,3.0
19.0,0.0
27.0,3.0
17.0,0.0
20.0,0.0
17.0,2.0
14.0,4.0
20.0,0.0
25.0,3.0
20.0,1.0
14.0,0.0
21.0,0.0
19.0,3.0
17.0,1.0
11.0,0.0
12.0,1.0
5.0,0.0
7.0,0.0
7.0,1.0
8.0,2.0
9.0,0.0
9.0,0.0
4.0,0.0
