49.0,1.0
47.0,7.0
49.0,12.0
37.0,19.0
36.0,24.0
46.0,29.0
30.0,13.0
32.0,12.0
22.0,13.0
21.0,12.0
16.0,32.0
25.0,19.0
24.0,16.0
22.0,12.0
21.0,6.0
19.0,12.0
12.0,13.0
18.0,8.0
12.0,5.0
17.0,6.0
11.0,12.0
19.0,28.0
11.0,16.0
14.0,9.0
15.0,19.0
10.0,13.0
9.0,2.0
11.0,10.0
9.0,5.0
6.0,8.0
5.0,14.0
6.0,14.0
5.0,7.0
5.0,11.0
1.0,13.0
8.0,5.0
6.0,15.0
6.0,8.0
8.0,8.0
25.0,1.0
35.0,2.0
45.0,3.0
58.0,2.0
63.0,2.0
81.0,4.0
96.0,18.0
95.0,69.0
100.0,75.0
119.0,86.0
132.0,75.0
162.0,96.0
164.0,66.0
170.0,50.0
176.0,32.0
142.0,9.0
137.0,5.0
133.0,4.0
124.0,6.0
113.0,3.0
115.0,4.0
103.0,5.0
110.0,5.0
96.0,2.0
104.0,4.0
95.0,5.0
110.0,5.0
89.0,0.0
98.0,1.0
108.0,3.0
118.0,3.0
119.0,2.0
101.0,4.0
121.0,1.0
100.0,4.0
103.0,2.0
117.0,2.0
123.0,3.0
102.0,4.0
142.0,8.0
122.0,4.0
125.0,3.0
140.0,6.0
143.0,2.0
134.0,7.0
118.0,3.0
99.0,6.0
119.0,3.0
110.0,8.0
110.0,5.0
117.0,6.0
117.0,4.0
116.0,6.0
125.0,24.0
163.0,7.0
127.0,2.0
140.0,8.0
142.0,3.0
144.0,7.0
149.0,3.0
152.0,2.0
175.0,8.0
211.0,7.0
296.0,35.0
263.0,55.0
228.0,73.0
255.0,121.0
227.0,126.0
222.0,101.0
237.0,150.0
225.0,93.0
271.0,36.0
253.0,7.0
216.0,9.0
170.0,4.0
184.0,5.0
160.0,8.0
163.0,10.0
146.0,9.0
180.0,5.0
166.0,13.0
189.0,8.0
189.0,4.0
166.0,7.0
206.0,14.0
170.0,9.0
155.0,3.0
177.0,62.0
146.0,122.0
153.0,124.0
166.0,170.0
130.0,112.0
146.0,62.0
138.0,37.0
133.0,32.0
98.0,8.0
93.0,2.0
90.0,0.0
84.0,3.0
68.0,2.0
64.0,3.0
71.0,4.0
60.0,9.0
57.0,3.0
45.0,3.0
