63.0,3.0
46.0,3.0
38.0,5.0
50.0,6.0
44.0,5.0
24.0,1.0
28.0,2.0
16.0,2.0
36.0,17.0
28.0,6.0
23.0,5.0
28.0,10.0
23.0,4.0
15.0,7.0
14.0,4.0
9.0,7.0
6.0,8.0
9.0,5.0
6.0,4.0
9.0,5.0
6.0,3.0
4.0,0.0
4.0,0.0
10.0,2.0
4.0,1.0
9.0,0.0
3.0,0.0
6.0,2.0
5.0,0.0
4.0,1.0
3.0,0.0
2.0,3.0
7.0,1.0
1.0,1.0
12.0,5.0
5.0,1.0
4.0,1.0
7.0,6.0
6.0,6.0
13.0,6.0
14.0,2.0
22.0,0.0
39.0,0.0
39.0,1.0
63.0,3.0
80.0,2.0
75.0,1.0
85.0,5.0
90.0,3.0
93.0,4.0
107.0,3.0
106.0,4.0
119.0,5.0
109.0,0.0
122.0,1.0
126.0,1.0
137.0,3.0
124.0,2.0
128.0,8.0
124.0,6.0
122.0,5.0
122.0,3.0
125.0,6.0
129.0,3.0
150.0,6.0
116.0,4.0
138.0,4.0
126.0,3.0
129.0,6.0
139.0,5.0
131.0,3.0
117.0,4.0
112.0,8.0
119.0,2.0
152.0,3.0
128.0,8.0
118.0,1.0
148.0,8.0
162.0,2.0
161.0,6.0
149.0,8.0
157.0,1.0
151.0,8.0
148.0,3.0
139.0,4.0
141.0,2.0
152.0,3.0
147.0,3.0
130.0,4.0
149.0,3.0
141.0,4.0
148.0,6.0
146.0,9.0
145.0,1.0
147.0,5.0
134.0,3.0
149.0,3.0
137.0,2.0
147.0,6.0
147.0,2.0
148.0,2.0
144.0,4.0
163.0,1.0
185.0,10.0
192.0,10.0
182.0,2.0
188.0,4.0
197.0,5.0
182.0,3.0
206.0,3.0
176.0,10.0
171.0,9.0
163.0,5.0
153.0,3.0
174.0,7.0
146.0,6.0
171.0,5.0
144.0,3.0
160.0,9.0
163.0,5.0
187.0,3.0
190.0,2.0
179.0,5.0
164.0,6.0
168.0,2.0
183.0,9.0
204.0,3.0
184.0,4.0
181.0,7.0
191.0,4.0
155.0,3.0
156.0,5.0
168.0,4.0
140.0,1.0
126.0,3.0
112.0,5.0
102.0,6.0
108.0,1.0
106.0,9.0
93.0,7.0
67.0,2.0
69.0,5.0
42.0,8.0
45.0,9.0
