52.0,5.0
34.0,4.0
26.0,2.0
35.0,1.0
23.0,1.0
40.0,2.0
37.0,4.0
30.0,2.0
27.0,3.0
17.0,1.0
21.0,1.0
15.0,0.0
15.0,2.0
20.0,6.0
22.0,6.0
13.0,0.0
13.0,2.0
10.0,0.0
10.0,0.0
13.0,1.0
7.0,2.0
8.0,2.0
8.0,1.0
9.0,0.0
6.0,0.0
7.0,1.0
4.0,1.0
2.0,0.0
6.0,5.0
6.0,2.0
6.0,1.0
4.0,0.0
4.0,0.0
6.0,0.0
1.0,2.0
5.0,1.0
8.0,5.0
10.0,2.0
8.0,3.0
14.0,6.0
9.0,4.0
25.0,3.0
33.0,4.0
25.0,13.0
40.0,25.0
65.0,4.0
66.0,14.0
70.0,28.0
73.0,35.0
74.0,60.0
81.0,65.0
82.0,101.0
90.0,69.0
92.0,66.0
89.0,29.0
100.0,18.0
73.0,35.0
95.0,44.0
77.0,26.0
82.0,21.0
94.0,28.0
78.0,19.0
85.0,25.0
91.0,20.0
86.0,28.0
79.0,42.0
76.0,49.0
76.0,45.0
89.0,35.0
81.0,28.0
81.0,41.0
90.0,63.0
111.0,34.0
96.0,19.0
92.0,26.0
114.0,38.0
120.0,64.0
111.0,36.0
109.0,31.0
103.0,73.0
93.0,35.0
100.0,39.0
102.0,27.0
83.0,72.0
100.0,75.0
94.0,38.0
95.0,10.0
102.0,20.0
97.0,12.0
91.0,5.0
106.0,12.0
91.0,12.0
95.0,6.0
98.0,7.0
80.0,7.0
84.0,15.0
101.0,0.0
88.0,2.0
79.0,1.0
98.0,3.0
94.0,3.0
99.0,1.0
91.0,0.0
104.0,0.0
96.0,1.0
96.0,3.0
112.0,2.0
90.0,1.0
100.0,6.0
92.0,0.0
86.0,3.0
100.0,3.0
84.0,2.0
83.0,3.0
83.0,2.0
86.0,8.0
91.0,4.0
77.0,2.0
74.0,2.0
86.0,6.0
80.0,2.0
88.0,5.0
80.0,3.0
74.0,3.0
90.0,3.0
87.0,6.0
78.0,7.0
92.0,8.0
62.0,3.0
79.0,2.0
72.0,2.0
62.0,4.0
58.0,7.0
62.0,4.0
42.0,2.0
67.0,9.0
36.0,1.0
40.0,1.0
51.0,2.0
29.0,2.0
34.0,4.0
40.0,1.0
49.0,3.0
30.0,1.0
