96.0,26.0
73.0,18.0
63.0,16.0
64.0,7.0
61.0,23.0
58.0,7.0
53.0,32.0
53.0,15.0
56.0,38.0
32.0,27.0
44.0,14.0
53.0,23.0
42.0,21.0
25.0,29.0
41.0,23.0
37.0,21.0
30.0,34.0
32.0,11.0
28.0,8.0
23.0,8.0
31.0,16.0
24.0,7.0
24.0,8.0
27.0,9.0
22.0,8.0
21.0,17.0
15.0,21.0
14.0,17.0
20.0,10.0
16.0,6.0
7.0,8.0
8.0,12.0
8.0,3.0
13.0,8.0
6.0,8.0
10.0,8.0
9.0,3.0
7.0,6.0
11.0,5.0
13.0,10.0
11.0,1.0
18.0,9.0
19.0,20.0
24.0,8.0
41.0,25.0
53.0,11.0
57.0,15.0
54.0,18.0
73.0,12.0
72.0,24.0
62.0,11.0
84.0,10.0
100.0,11.0
73.0,5.0
77.0,4.0
92.0,4.0
96.0,5.0
121.0,1.0
105.0,6.0
100.0,8.0
100.0,2.0
99.0,2.0
101.0,3.0
112.0,3.0
125.0,6.0
115.0,8.0
127.0,27.0
129.0,42.0
141.0,25.0
132.0,40.0
140.0,39.0
160.0,38.0
181.0,44.0
162.0,64.0
160.0,96.0
150.0,85.0
157.0,65.0
168.0,43.0
152.0,30.0
159.0,65.0
158.0,64.0
155.0,54.0
160.0,33.0
188.0,40.0
177.0,32.0
178.0,40.0
157.0,65.0
182.0,36.0
160.0,33.0
145.0,45.0
143.0,28.0
153.0,33.0
140.0,42.0
185.0,95.0
155.0,104.0
141.0,84.0
163.0,22.0
159.0,12.0
174.0,10.0
173.0,17.0
182.0,26.0
166.0,8.0
190.0,8.0
164.0,3.0
168.0,4.0
156.0,2.0
165.0,5.0
178.0,7.0
198.0,5.0
150.0,5.0
180.0,3.0
142.0,4.0
130.0,4.0
124.0,3.0
131.0,3.0
114.0,3.0
111.0,6.0
118.0,8.0
113.0,10.0
123.0,20.0
161.0,10.0
130.0,2.0
116.0,12.0
133.0,15.0
114.0,17.0
102.0,9.0
103.0,12.0
112.0,14.0
121.0,20.0
107.0,9.0
110.0,13.0
98.0,3.0
100.0,3.0
100.0,5.0
88.0,1.0
75.0,3.0
78.0,3.0
52.0,4.0
63.0,5.0
59.0,1.0
54.0,3.0
47.0,1.0
56.0,1.0
54.0,1.0
