3.0,2.0
2.0,3.0
1.0,0.0
0.0,0.0
1.0,1.0
4.0,5.0
2.0,1.0
3.0,2.0
0.0,0.0
1.0,0.0
0.0,0.0
0.0,0.0
1.0,0.0
0.0,0.0
0.0,0.0
0.0,0.0
1.0,4.0
0.0,2.0
2.0,4.0
0.0,0.0
1.0,1.0
0.0,0.0
1.0,1.0
0.0,1.0
1.0,1.0
0.0,0.0
0.0,0.0
0.0,0.0
0.0,0.0
0.0,0.0
1.0,0.0
0.0,0.0
0.0,0.0
0.0,1.0
0.0,0.0
0.0,1.0
1.0,2.0
2.0,0.0
1.0,1.0
10.0,2.0
7.0,0.0
4.0,0.0
25.0,3.0
19.0,3.0
23.0,6.0
23.0,4.0
22.0,3.0
31.0,3.0
23.0,18.0
24.0,13.0
17.0,2.0
26.0,3.0
18.0,6.0
19.0,11.0
21.0,4.0
15.0,3.0
22.0,4.0
14.0,3.0
14.0,9.0
11.0,8.0
8.0,3.0
9.0,2.0
9.0,5.0
15.0,5.0
9.0,2.0
7.0,7.0
4.0,7.0
10.0,2.0
7.0,10.0
14.0,2.0
9.0,8.0
9.0,5.0
7.0,5.0
12.0,2.0
16.0,3.0
11.0,5.0
17.0,8.0
12.0,5.0
14.0,10.0
11.0,3.0
7.0,4.0
9.0,2.0
8.0,8.0
7.0,7.0
10.0,2.0
9.0,0.0
9.0,0.0
16.0,1.0
7.0,0.0
4.0,5.0
11.0,1.0
13.0,2.0
16.0,2.0
12.0,1.0
12.0,0.0
13.0,3.0
13.0,1.0
13.0,1.0
17.0,4.0
14.0,5.0
22.0,1.0
18.0,2.0
19.0,2.0
12.0,2.0
18.0,4.0
15.0,3.0
19.0,1.0
17.0,5.0
14.0,6.0
12.0,4.0
14.0,5.0
10.0,1.0
11.0,2.0
13.0,0.0
7.0,3.0
13.0,0.0
11.0,0.0
9.0,2.0
8.0,0.0
7.0,0.0
8.0,0.0
4.0,0.0
11.0,4.0
16.0,1.0
13.0,3.0
10.0,0.0
7.0,0.0
8.0,0.0
7.0,1.0
2.0,0.0
5.0,1.0
5.0,0.0
9.0,0.0
2.0,0.0
9.0,0.0
9.0,0.0
3.0,0.0
4.0,0.0
3.0,0.0
3.0,0.0
5.0,0.0
0.0,1.0
5.0,1.0
4.0,0.0
