58.0,2.0
46.0,1.0
36.0,2.0
38.0,1.0
34.0,0.0
36.0,0.0
36.0,4.0
36.0,4.0
22.0,1.0
32.0,8.0
30.0,5.0
17.0,1.0
17.0,1.0
23.0,1.0
14.0,0.0
9.0,1.0
12.0,2.0
17.0,5.0
16.0,1.0
9.0,0.0
16.0,1.0
11.0,2.0
9.0,2.0
6.0,2.0
13.0,1.0
5.0,1.0
8.0,2.0
12.0,0.0
4.0,0.0
7.0,2.0
4.0,4.0
8.0,2.0
9.0,1.0
9.0,2.0
6.0,7.0
10.0,9.0
13.0,14.0
18.0,4.0
27.0,3.0
34.0,1.0
56.0,1.0
71.0,4.0
90.0,2.0
127.0,5.0
196.0,8.0
291.0,5.0
316.0,23.0
306.0,20.0
360.0,152.0
329.0,293.0
346.0,203.0
384.0,133.0
395.0,215.0
329.0,22.0
260.0,8.0
235.0,1.0
181.0,1.0
182.0,4.0
171.0,7.0
165.0,2.0
143.0,7.0
133.0,3.0
133.0,3.0
152.0,4.0
151.0,3.0
153.0,6.0
140.0,3.0
160.0,4.0
160.0,5.0
155.0,2.0
170.0,8.0
179.0,9.0
175.0,5.0
202.0,8.0
166.0,6.0
177.0,5.0
165.0,4.0
186.0,0.0
180.0,5.0
176.0,5.0
190.0,10.0
156.0,2.0
160.0,6.0
173.0,8.0
170.0,5.0
159.0,2.0
157.0,6.0
152.0,5.0
190.0,5.0
153.0,3.0
157.0,9.0
174.0,4.0
114.0,6.0
197.0,5.0
151.0,2.0
134.0,8.0
185.0,6.0
170.0,4.0
211.0,4.0
245.0,5.0
191.0,6.0
254.0,7.0
332.0,13.0
269.0,9.0
283.0,10.0
382.0,12.0
284.0,11.0
292.0,18.0
317.0,7.0
294.0,8.0
215.0,8.0
252.0,11.0
222.0,9.0
236.0,10.0
211.0,3.0
195.0,4.0
221.0,9.0
195.0,4.0
181.0,7.0
182.0,6.0
235.0,4.0
274.0,5.0
235.0,5.0
252.0,11.0
218.0,6.0
247.0,5.0
263.0,7.0
246.0,6.0
191.0,6.0
195.0,7.0
192.0,3.0
181.0,5.0
186.0,5.0
149.0,9.0
126.0,4.0
130.0,3.0
111.0,2.0
106.0,3.0
73.0,3.0
63.0,4.0
69.0,8.0
66.0,4.0
47.0,3.0
52.0,9.0
