128.0,16.0
117.0,16.0
98.0,14.0
91.0,16.0
99.0,10.0
101.0,8.0
86.0,21.0
68.0,18.0
80.0,7.0
80.0,10.0
63.0,9.0
68.0,8.0
72.0,13.0
57.0,6.0
53.0,11.0
57.0,3.0
41.0,6.0
47.0,8.0
45.0,8.0
35.0,8.0
36.0,6.0
21.0,1.0
20.0,3.0
33.0,1.0
26.0,4.0
19.0,5.0
23.0,7.0
31.0,8.0
21.0,6.0
13.0,6.0
15.0,3.0
17.0,4.0
23.0,12.0
18.0,10.0
12.0,11.0
16.0,7.0
20.0,19.0
24.0,31.0
15.0,26.0
113.0,3.0
122.0,4.0
159.0,7.0
242.0,6.0
293.0,19.0
303.0,131.0
319.0,352.0
274.0,496.0
259.0,522.0
280.0,464.0
289.0,441.0
315.0,382.0
341.0,336.0
347.0,264.0
351.0,133.0
436.0,55.0
411.0,57.0
390.0,66.0
309.0,154.0
301.0,275.0
253.0,207.0
255.0,279.0
260.0,187.0
241.0,225.0
267.0,222.0
266.0,217.0
273.0,216.0
245.0,284.0
212.0,259.0
227.0,276.0
205.0,285.0
245.0,212.0
248.0,149.0
325.0,144.0
318.0,66.0
275.0,32.0
290.0,40.0
292.0,89.0
289.0,66.0
314.0,65.0
306.0,152.0
306.0,160.0
290.0,206.0
273.0,167.0
286.0,233.0
293.0,212.0
278.0,272.0
263.0,264.0
376.0,159.0
296.0,170.0
337.0,163.0
329.0,147.0
322.0,266.0
350.0,252.0
333.0,198.0
256.0,206.0
310.0,180.0
415.0,81.0
339.0,174.0
353.0,172.0
359.0,219.0
350.0,237.0
391.0,241.0
358.0,397.0
320.0,403.0
322.0,421.0
345.0,585.0
323.0,466.0
273.0,482.0
303.0,534.0
281.0,434.0
331.0,391.0
486.0,284.0
424.0,196.0
460.0,204.0
418.0,256.0
392.0,110.0
432.0,68.0
428.0,56.0
406.0,41.0
370.0,24.0
428.0,15.0
402.0,36.0
376.0,26.0
403.0,31.0
409.0,25.0
413.0,35.0
402.0,15.0
381.0,32.0
368.0,19.0
393.0,22.0
336.0,14.0
363.0,5.0
352.0,19.0
295.0,8.0
283.0,16.0
203.0,17.0
199.0,5.0
142.0,3.0
133.0,5.0
145.0,4.0
126.0,8.0
145.0,9.0
139.0,7.0
101.0,10.0
