7.0,1.0
7.0,2.0
7.0,1.0
4.0,4.0
7.0,5.0
6.0,2.0
7.0,0.0
3.0,1.0
5.0,0.0
2.0,0.0
2.0,0.0
1.0,0.0
3.0,1.0
2.0,0.0
4.0,2.0
2.0,0.0
1.0,2.0
1.0,0.0
0.0,0.0
1.0,0.0
0.0,0.0
2.0,0.0
0.0,2.0
0.0,3.0
0.0,0.0
0.0,0.0
1.0,0.0
2.0,0.0
0.0,0.0
2.0,3.0
0.0,2.0
3.0,3.0
2.0,1.0
2.0,0.0
1.0,4.0
1.0,4.0
4.0,0.0
7.0,5.0
7.0,2.0
11.0,0.0
10.0,0.0
20.0,0.0
31.0,1.0
46.0,4.0
49.0,5.0
63.0,5.0
45.0,12.0
60.0,16.0
52.0,54.0
49.0,57.0
35.0,24.0
51.0,21.0
49.0,13.0
51.0,6.0
40.0,13.0
29.0,3.0
35.0,3.0
16.0,7.0
28.0,12.0
14.0,8.0
24.0,5.0
20.0,3.0
27.0,6.0
18.0,2.0
19.0,3.0
25.0,11.0
19.0,11.0
16.0,6.0
15.0,2.0
17.0,0.0
13.0,1.0
16.0,1.0
28.0,4.0
23.0,6.0
26.0,5.0
39.0,5.0
32.0,4.0
18.0,6.0
19.0,6.0
31.0,15.0
26.0,7.0
21.0,4.0
18.0,3.0
23.0,4.0
21.0,5.0
19.0,3.0
14.0,3.0
14.0,0.0
13.0,1.0
27.0,2.0
23.0,5.0
12.0,0.0
21.0,1.0
16.0,0.0
15.0,0.0
13.0,0.0
25.0,2.0
13.0,1.0
26.0,2.0
32.0,1.0
29.0,0.0
31.0,1.0
18.0,1.0
26.0,4.0
26.0,3.0
38.0,2.0
28.0,1.0
23.0,1.0
25.0,1.0
37.0,1.0
20.0,2.0
25.0,0.0
20.0,0.0
21.0,1.0
20.0,3.0
20.0,1.0
18.0,0.0
9.0,0.0
11.0,1.0
23.0,0.0
21.0,1.0
19.0,0.0
19.0,0.0
24.0,0.0
20.0,0.0
13.0,1.0
19.0,0.0
23.0,1.0
23.0,3.0
7.0,1.0
13.0,1.0
17.0,0.0
17.0,1.0
25.0,1.0
15.0,1.0
13.0,1.0
15.0,0.0
10.0,1.0
5.0,1.0
13.0,4.0
5.0,0.0
7.0,1.0
8.0,3.0
11.0,1.0
