157.0,23.0
128.0,45.0
128.0,42.0
118.0,42.0
131.0,74.0
127.0,54.0
93.0,25.0
96.0,26.0
88.0,7.0
92.0,32.0
83.0,17.0
59.0,14.0
66.0,16.0
51.0,11.0
63.0,4.0
53.0,9.0
45.0,4.0
31.0,1.0
48.0,4.0
51.0,8.0
29.0,1.0
46.0,5.0
24.0,11.0
27.0,4.0
27.0,3.0
21.0,7.0
21.0,4.0
18.0,8.0
21.0,3.0
22.0,6.0
30.0,7.0
15.0,7.0
14.0,6.0
18.0,5.0
20.0,3.0
29.0,11.0
17.0,14.0
20.0,15.0
29.0,15.0
46.0,15.0
50.0,7.0
59.0,8.0
91.0,5.0
108.0,12.0
96.0,16.0
129.0,31.0
138.0,25.0
152.0,67.0
154.0,22.0
182.0,10.0
208.0,13.0
187.0,26.0
240.0,52.0
224.0,8.0
190.0,11.0
178.0,2.0
181.0,3.0
248.0,4.0
214.0,11.0
210.0,3.0
217.0,13.0
223.0,4.0
228.0,4.0
218.0,4.0
251.0,6.0
251.0,5.0
253.0,7.0
244.0,9.0
265.0,13.0
267.0,13.0
267.0,7.0
268.0,10.0
272.0,12.0
261.0,16.0
281.0,9.0
280.0,13.0
326.0,13.0
299.0,7.0
279.0,14.0
352.0,21.0
339.0,36.0
335.0,35.0
356.0,36.0
330.0,18.0
318.0,17.0
328.0,18.0
330.0,26.0
362.0,67.0
359.0,84.0
342.0,20.0
335.0,25.0
354.0,66.0
349.0,60.0
339.0,86.0
317.0,209.0
314.0,281.0
462.0,30.0
403.0,31.0
450.0,53.0
448.0,64.0
421.0,43.0
420.0,56.0
428.0,34.0
436.0,36.0
388.0,44.0
437.0,53.0
392.0,26.0
418.0,12.0
371.0,12.0
367.0,7.0
285.0,8.0
297.0,7.0
311.0,11.0
335.0,7.0
330.0,10.0
329.0,13.0
324.0,11.0
345.0,12.0
330.0,10.0
283.0,23.0
375.0,19.0
316.0,26.0
343.0,23.0
322.0,29.0
286.0,31.0
303.0,26.0
285.0,24.0
268.0,30.0
227.0,12.0
240.0,18.0
255.0,11.0
217.0,16.0
239.0,23.0
220.0,16.0
183.0,13.0
172.0,10.0
170.0,6.0
173.0,12.0
122.0,18.0
116.0,5.0
99.0,6.0
115.0,8.0
84.0,16.0
109.0,16.0
