15.0,0.0
15.0,0.0
9.0,0.0
6.0,3.0
12.0,1.0
11.0,1.0
11.0,0.0
5.0,1.0
19.0,5.0
13.0,0.0
11.0,0.0
11.0,0.0
8.0,3.0
3.0,0.0
2.0,0.0
4.0,0.0
2.0,0.0
1.0,1.0
5.0,2.0
3.0,2.0
2.0,0.0
1.0,0.0
1.0,1.0
2.0,0.0
1.0,0.0
3.0,2.0
6.0,1.0
4.0,0.0
2.0,1.0
2.0,1.0
4.0,3.0
2.0,3.0
6.0,1.0
1.0,0.0
3.0,0.0
5.0,0.0
5.0,1.0
3.0,10.0
4.0,8.0
22.0,0.0
32.0,6.0
38.0,2.0
80.0,1.0
84.0,3.0
136.0,34.0
104.0,23.0
147.0,72.0
123.0,155.0
121.0,210.0
173.0,183.0
164.0,110.0
171.0,139.0
170.0,98.0
177.0,24.0
195.0,9.0
162.0,3.0
137.0,3.0
104.0,8.0
94.0,2.0
115.0,5.0
72.0,1.0
66.0,2.0
76.0,3.0
77.0,2.0
76.0,3.0
73.0,1.0
74.0,3.0
79.0,2.0
70.0,4.0
62.0,1.0
67.0,5.0
74.0,4.0
63.0,6.0
65.0,1.0
58.0,0.0
61.0,4.0
56.0,6.0
78.0,3.0
74.0,3.0
76.0,9.0
66.0,4.0
72.0,4.0
59.0,8.0
73.0,8.0
66.0,8.0
68.0,12.0
70.0,6.0
70.0,12.0
84.0,18.0
66.0,19.0
63.0,13.0
52.0,83.0
53.0,70.0
86.0,2.0
72.0,0.0
75.0,0.0
84.0,2.0
91.0,2.0
92.0,5.0
93.0,18.0
107.0,8.0
98.0,9.0
143.0,35.0
119.0,48.0
108.0,32.0
135.0,60.0
110.0,61.0
104.0,44.0
101.0,11.0
122.0,15.0
100.0,8.0
82.0,4.0
94.0,5.0
75.0,3.0
70.0,2.0
79.0,4.0
89.0,2.0
78.0,3.0
65.0,3.0
63.0,5.0
71.0,1.0
86.0,4.0
81.0,2.0
88.0,10.0
74.0,8.0
59.0,12.0
65.0,8.0
86.0,7.0
70.0,10.0
65.0,4.0
43.0,2.0
46.0,2.0
56.0,2.0
43.0,3.0
40.0,1.0
30.0,2.0
29.0,2.0
31.0,2.0
27.0,1.0
19.0,0.0
19.0,1.0
24.0,7.0
37.0,2.0
22.0,1.0
