151.0,24.0
138.0,35.0
115.0,36.0
111.0,54.0
97.0,39.0
88.0,18.0
73.0,3.0
63.0,5.0
81.0,46.0
87.0,37.0
53.0,17.0
60.0,25.0
80.0,22.0
58.0,19.0
49.0,30.0
56.0,44.0
46.0,39.0
44.0,17.0
42.0,12.0
49.0,10.0
26.0,9.0
31.0,10.0
47.0,24.0
21.0,33.0
29.0,21.0
26.0,21.0
26.0,27.0
23.0,13.0
30.0,8.0
24.0,5.0
18.0,8.0
29.0,3.0
25.0,5.0
29.0,4.0
31.0,2.0
36.0,16.0
28.0,15.0
26.0,25.0
37.0,14.0
91.0,4.0
107.0,6.0
113.0,3.0
189.0,9.0
242.0,18.0
333.0,62.0
351.0,137.0
377.0,154.0
406.0,286.0
403.0,380.0
402.0,292.0
484.0,198.0
485.0,154.0
456.0,63.0
427.0,18.0
396.0,14.0
407.0,9.0
399.0,5.0
358.0,7.0
372.0,5.0
338.0,8.0
376.0,13.0
361.0,10.0
373.0,8.0
370.0,12.0
337.0,17.0
366.0,10.0
371.0,13.0
369.0,8.0
399.0,8.0
418.0,9.0
436.0,18.0
422.0,15.0
368.0,5.0
384.0,10.0
361.0,9.0
387.0,20.0
392.0,17.0
444.0,29.0
422.0,38.0
450.0,93.0
454.0,121.0
468.0,76.0
491.0,91.0
432.0,120.0
486.0,110.0
481.0,121.0
450.0,152.0
495.0,78.0
477.0,60.0
500.0,75.0
520.0,118.0
492.0,241.0
517.0,309.0
522.0,325.0
415.0,265.0
432.0,373.0
667.0,78.0
541.0,241.0
576.0,320.0
583.0,214.0
534.0,187.0
568.0,351.0
578.0,799.0
467.0,567.0
484.0,618.0
536.0,707.0
481.0,484.0
542.0,655.0
538.0,583.0
592.0,415.0
588.0,206.0
575.0,24.0
573.0,19.0
534.0,23.0
467.0,22.0
520.0,38.0
493.0,22.0
533.0,63.0
496.0,105.0
485.0,233.0
606.0,61.0
571.0,126.0
568.0,204.0
564.0,227.0
524.0,314.0
497.0,483.0
499.0,510.0
477.0,601.0
485.0,622.0
403.0,453.0
394.0,525.0
400.0,354.0
455.0,272.0
373.0,261.0
355.0,137.0
326.0,34.0
277.0,18.0
243.0,13.0
173.0,7.0
175.0,3.0
146.0,8.0
193.0,11.0
151.0,13.0
139.0,13.0
