23.0,3.0
25.0,7.0
20.0,2.0
18.0,0.0
10.0,0.0
12.0,5.0
14.0,7.0
7.0,0.0
6.0,0.0
5.0,2.0
5.0,0.0
7.0,0.0
6.0,4.0
8.0,2.0
6.0,2.0
11.0,4.0
9.0,6.0
8.0,1.0
4.0,0.0
3.0,0.0
4.0,0.0
5.0,1.0
3.0,0.0
6.0,1.0
3.0,0.0
3.0,0.0
2.0,0.0
3.0,4.0
2.0,4.0
4.0,1.0
1.0,4.0
4.0,1.0
3.0,10.0
3.0,4.0
7.0,3.0
3.0,3.0
8.0,2.0
6.0,13.0
6.0,3.0
32.0,0.0
42.0,5.0
55.0,1.0
76.0,1.0
83.0,4.0
97.0,1.0
143.0,7.0
207.0,33.0
185.0,327.0
141.0,490.0
148.0,267.0
161.0,297.0
144.0,300.0
162.0,272.0
172.0,123.0
192.0,74.0
161.0,48.0
129.0,48.0
105.0,109.0
104.0,56.0
104.0,31.0
86.0,22.0
87.0,8.0
66.0,2.0
55.0,1.0
61.0,6.0
45.0,8.0
59.0,3.0
42.0,4.0
51.0,5.0
55.0,6.0
57.0,9.0
54.0,12.0
52.0,2.0
48.0,6.0
73.0,4.0
51.0,1.0
78.0,1.0
58.0,3.0
66.0,2.0
58.0,1.0
61.0,1.0
58.0,2.0
55.0,1.0
58.0,1.0
67.0,2.0
56.0,4.0
57.0,3.0
63.0,3.0
52.0,2.0
73.0,0.0
48.0,3.0
48.0,2.0
46.0,1.0
65.0,1.0
59.0,3.0
40.0,2.0
64.0,4.0
69.0,1.0
53.0,0.0
43.0,2.0
66.0,1.0
77.0,2.0
90.0,5.0
65.0,4.0
80.0,0.0
80.0,3.0
94.0,4.0
80.0,3.0
69.0,3.0
68.0,4.0
87.0,3.0
81.0,2.0
69.0,4.0
68.0,5.0
75.0,2.0
60.0,2.0
70.0,4.0
73.0,6.0
62.0,2.0
45.0,1.0
66.0,3.0
61.0,1.0
68.0,0.0
61.0,2.0
76.0,6.0
77.0,8.0
84.0,4.0
92.0,4.0
64.0,4.0
60.0,2.0
40.0,1.0
69.0,6.0
58.0,2.0
47.0,4.0
35.0,1.0
32.0,3.0
43.0,1.0
32.0,0.0
34.0,2.0
20.0,1.0
28.0,2.0
15.0,2.0
28.0,0.0
18.0,2.0
