10.0,1.0
11.0,2.0
13.0,0.0
19.0,2.0
15.0,1.0
8.0,0.0
13.0,2.0
10.0,1.0
7.0,0.0
16.0,2.0
5.0,0.0
8.0,0.0
11.0,0.0
8.0,1.0
8.0,0.0
3.0,0.0
8.0,0.0
4.0,0.0
6.0,1.0
4.0,2.0
1.0,0.0
3.0,0.0
3.0,1.0
1.0,0.0
5.0,0.0
1.0,0.0
2.0,1.0
6.0,1.0
2.0,0.0
2.0,1.0
1.0,0.0
4.0,1.0
5.0,3.0
5.0,1.0
4.0,0.0
5.0,2.0
5.0,4.0
2.0,5.0
10.0,6.0
32.0,3.0
26.0,0.0
48.0,0.0
67.0,4.0
91.0,9.0
125.0,13.0
102.0,15.0
135.0,29.0
140.0,70.0
134.0,182.0
112.0,111.0
169.0,88.0
179.0,78.0
177.0,54.0
173.0,16.0
188.0,4.0
160.0,11.0
137.0,9.0
140.0,6.0
115.0,4.0
100.0,5.0
83.0,1.0
74.0,3.0
76.0,4.0
81.0,0.0
56.0,4.0
76.0,4.0
86.0,1.0
65.0,3.0
70.0,2.0
73.0,3.0
79.0,5.0
89.0,4.0
74.0,9.0
71.0,1.0
58.0,2.0
76.0,4.0
74.0,6.0
64.0,4.0
95.0,12.0
55.0,12.0
72.0,8.0
72.0,10.0
77.0,14.0
69.0,37.0
77.0,18.0
76.0,17.0
56.0,9.0
69.0,11.0
74.0,20.0
66.0,25.0
56.0,23.0
75.0,39.0
63.0,30.0
79.0,5.0
82.0,3.0
74.0,6.0
91.0,3.0
74.0,1.0
105.0,5.0
107.0,4.0
110.0,8.0
118.0,8.0
153.0,28.0
124.0,30.0
134.0,50.0
147.0,44.0
110.0,34.0
115.0,21.0
122.0,8.0
100.0,14.0
87.0,6.0
105.0,8.0
75.0,7.0
78.0,4.0
64.0,1.0
98.0,3.0
62.0,1.0
66.0,5.0
68.0,2.0
73.0,2.0
73.0,3.0
67.0,1.0
56.0,1.0
65.0,1.0
89.0,3.0
66.0,2.0
77.0,4.0
67.0,2.0
77.0,8.0
69.0,5.0
58.0,5.0
50.0,2.0
41.0,6.0
43.0,2.0
45.0,1.0
31.0,2.0
37.0,1.0
43.0,1.0
28.0,1.0
27.0,1.0
17.0,0.0
23.0,9.0
22.0,2.0
20.0,0.0
