4.0,0.0
4.0,0.0
3.0,0.0
2.0,0.0
1.0,0.0
2.0,1.0
0.0,0.0
1.0,0.0
0.0,0.0
0.0,0.0
0.0,0.0
2.0,0.0
0.0,0.0
0.0,1.0
0.0,0.0
0.0,0.0
0.0,0.0
1.0,0.0
0.0,0.0
0.0,1.0
2.0,2.0
0.0,0.0
0.0,0.0
0.0,0.0
0.0,0.0
0.0,0.0
1.0,0.0
0.0,0.0
0.0,0.0
0.0,0.0
0.0,0.0
0.0,0.0
0.0,0.0
0.0,0.0
0.0,0.0
0.0,0.0
0.0,1.0
0.0,0.0
0.0,0.0
3.0,0.0
1.0,0.0
1.0,0.0
3.0,1.0
2.0,0.0
3.0,0.0
4.0,0.0
1.0,0.0
5.0,0.0
4.0,0.0
2.0,2.0
4.0,0.0
4.0,0.0
8.0,0.0
3.0,0.0
8.0,3.0
4.0,1.0
12.0,1.0
5.0,9.0
8.0,34.0
6.0,11.0
3.0,11.0
3.0,18.0
3.0,13.0
5.0,13.0
3.0,8.0
1.0,4.0
3.0,5.0
5.0,10.0
4.0,11.0
6.0,15.0
3.0,21.0
4.0,11.0
8.0,15.0
2.0,11.0
4.0,6.0
7.0,6.0
6.0,3.0
2.0,10.0
3.0,6.0
1.0,4.0
7.0,5.0
5.0,9.0
5.0,5.0
4.0,0.0
2.0,0.0
7.0,9.0
3.0,1.0
5.0,5.0
4.0,4.0
3.0,0.0
1.0,2.0
3.0,0.0
4.0,2.0
5.0,0.0
9.0,1.0
5.0,0.0
5.0,0.0
2.0,0.0
1.0,0.0
5.0,0.0
7.0,0.0
4.0,0.0
7.0,0.0
11.0,0.0
4.0,0.0
7.0,0.0
7.0,2.0
8.0,1.0
8.0,0.0
5.0,0.0
4.0,0.0
11.0,2.0
4.0,2.0
4.0,0.0
3.0,0.0
3.0,1.0
2.0,0.0
2.0,0.0
3.0,0.0
1.0,0.0
1.0,0.0
0.0,0.0
1.0,0.0
6.0,0.0
3.0,0.0
2.0,0.0
3.0,0.0
2.0,0.0
2.0,0.0
1.0,0.0
1.0,0.0
4.0,0.0
0.0,1.0
5.0,3.0
3.0,1.0
4.0,0.0
0.0,0.0
3.0,0.0
2.0,0.0
2.0,0.0
0.0,0.0
0.0,0.0
1.0,0.0
3.0,0.0
