49.0,6.0
61.0,4.0
38.0,0.0
36.0,2.0
42.0,0.0
21.0,0.0
39.0,1.0
32.0,1.0
15.0,0.0
34.0,2.0
14.0,0.0
13.0,0.0
16.0,1.0
26.0,1.0
19.0,0.0
24.0,4.0
12.0,1.0
14.0,1.0
13.0,0.0
7.0,3.0
11.0,1.0
3.0,0.0
10.0,3.0
7.0,1.0
3.0,1.0
7.0,1.0
8.0,1.0
10.0,0.0
5.0,2.0
1.0,2.0
6.0,0.0
8.0,2.0
7.0,1.0
6.0,2.0
10.0,1.0
15.0,9.0
14.0,12.0
19.0,4.0
25.0,2.0
42.0,3.0
54.0,4.0
62.0,2.0
103.0,6.0
139.0,5.0
156.0,4.0
211.0,2.0
274.0,4.0
227.0,2.0
338.0,12.0
336.0,61.0
306.0,68.0
350.0,68.0
356.0,76.0
260.0,22.0
202.0,2.0
191.0,6.0
182.0,1.0
116.0,0.0
165.0,3.0
135.0,3.0
125.0,0.0
109.0,1.0
110.0,4.0
151.0,1.0
112.0,4.0
130.0,3.0
143.0,7.0
151.0,2.0
124.0,9.0
149.0,17.0
168.0,32.0
172.0,4.0
147.0,5.0
154.0,8.0
151.0,4.0
163.0,3.0
166.0,2.0
125.0,2.0
162.0,3.0
196.0,12.0
170.0,3.0
173.0,1.0
160.0,7.0
161.0,1.0
183.0,5.0
158.0,5.0
147.0,3.0
164.0,5.0
165.0,1.0
164.0,0.0
167.0,5.0
145.0,0.0
149.0,1.0
209.0,5.0
161.0,2.0
181.0,2.0
199.0,4.0
186.0,5.0
194.0,6.0
229.0,4.0
232.0,16.0
236.0,9.0
329.0,11.0
267.0,9.0
231.0,4.0
330.0,13.0
282.0,14.0
278.0,13.0
341.0,17.0
313.0,8.0
292.0,10.0
264.0,8.0
268.0,7.0
214.0,5.0
225.0,6.0
198.0,5.0
237.0,4.0
256.0,9.0
257.0,7.0
230.0,7.0
258.0,9.0
310.0,2.0
253.0,4.0
262.0,5.0
279.0,8.0
263.0,1.0
284.0,11.0
307.0,13.0
240.0,6.0
246.0,11.0
222.0,5.0
237.0,4.0
246.0,6.0
195.0,7.0
161.0,3.0
139.0,8.0
132.0,3.0
132.0,3.0
100.0,13.0
78.0,1.0
64.0,5.0
77.0,1.0
68.0,1.0
56.0,6.0
