16.0,15.0
19.0,7.0
17.0,1.0
15.0,3.0
17.0,2.0
31.0,8.0
13.0,4.0
16.0,1.0
16.0,2.0
12.0,2.0
11.0,0.0
12.0,3.0
9.0,0.0
11.0,5.0
5.0,0.0
8.0,10.0
4.0,6.0
5.0,6.0
5.0,0.0
5.0,2.0
3.0,7.0
4.0,5.0
4.0,4.0
4.0,0.0
3.0,0.0
1.0,3.0
0.0,2.0
1.0,0.0
4.0,3.0
0.0,0.0
5.0,0.0
1.0,7.0
3.0,2.0
0.0,1.0
1.0,0.0
1.0,0.0
1.0,0.0
1.0,1.0
3.0,2.0
13.0,0.0
6.0,9.0
9.0,7.0
10.0,2.0
20.0,7.0
27.0,12.0
31.0,10.0
52.0,7.0
45.0,8.0
49.0,6.0
50.0,6.0
44.0,10.0
57.0,9.0
55.0,8.0
40.0,8.0
49.0,8.0
38.0,9.0
42.0,13.0
33.0,7.0
38.0,6.0
33.0,1.0
22.0,3.0
31.0,4.0
33.0,8.0
27.0,5.0
22.0,24.0
34.0,7.0
37.0,14.0
31.0,6.0
40.0,12.0
36.0,16.0
48.0,15.0
41.0,12.0
39.0,10.0
37.0,7.0
35.0,9.0
29.0,12.0
25.0,8.0
28.0,13.0
38.0,11.0
39.0,15.0
30.0,6.0
38.0,17.0
33.0,32.0
40.0,10.0
32.0,18.0
37.0,4.0
44.0,8.0
36.0,13.0
47.0,20.0
47.0,31.0
44.0,17.0
39.0,17.0
48.0,17.0
39.0,21.0
50.0,12.0
53.0,21.0
52.0,28.0
43.0,47.0
51.0,21.0
53.0,30.0
46.0,30.0
76.0,30.0
72.0,44.0
77.0,43.0
68.0,56.0
84.0,45.0
73.0,39.0
68.0,56.0
58.0,38.0
82.0,27.0
59.0,38.0
88.0,46.0
62.0,27.0
52.0,28.0
58.0,12.0
52.0,21.0
50.0,27.0
42.0,22.0
36.0,18.0
33.0,22.0
46.0,15.0
37.0,14.0
42.0,23.0
58.0,30.0
41.0,15.0
36.0,9.0
38.0,17.0
32.0,8.0
45.0,6.0
49.0,11.0
30.0,32.0
34.0,19.0
38.0,11.0
27.0,19.0
36.0,10.0
23.0,3.0
32.0,8.0
31.0,18.0
29.0,24.0
31.0,12.0
30.0,11.0
21.0,11.0
19.0,2.0
20.0,6.0
