88.0,5.0
69.0,10.0
69.0,13.0
59.0,8.0
61.0,10.0
53.0,9.0
60.0,13.0
45.0,20.0
36.0,12.0
46.0,4.0
47.0,10.0
41.0,22.0
25.0,5.0
31.0,2.0
30.0,4.0
35.0,6.0
28.0,6.0
23.0,2.0
19.0,6.0
15.0,1.0
13.0,0.0
16.0,2.0
14.0,9.0
17.0,2.0
15.0,1.0
18.0,0.0
10.0,0.0
15.0,0.0
25.0,11.0
19.0,4.0
21.0,2.0
18.0,4.0
21.0,2.0
7.0,8.0
13.0,1.0
21.0,6.0
23.0,3.0
23.0,2.0
25.0,9.0
36.0,12.0
43.0,3.0
53.0,5.0
76.0,4.0
76.0,3.0
99.0,7.0
152.0,6.0
136.0,5.0
130.0,7.0
150.0,8.0
152.0,8.0
162.0,6.0
168.0,5.0
175.0,2.0
155.0,7.0
158.0,9.0
167.0,3.0
200.0,7.0
178.0,1.0
186.0,4.0
166.0,3.0
184.0,2.0
160.0,5.0
159.0,5.0
186.0,1.0
171.0,1.0
173.0,4.0
196.0,3.0
169.0,5.0
208.0,11.0
159.0,6.0
192.0,4.0
179.0,11.0
208.0,3.0
238.0,5.0
203.0,8.0
237.0,4.0
238.0,9.0
267.0,14.0
265.0,13.0
261.0,42.0
287.0,101.0
268.0,64.0
289.0,38.0
250.0,83.0
267.0,50.0
274.0,57.0
267.0,61.0
271.0,61.0
264.0,80.0
271.0,62.0
262.0,61.0
288.0,81.0
263.0,90.0
284.0,117.0
249.0,197.0
274.0,167.0
403.0,31.0
379.0,18.0
383.0,47.0
361.0,74.0
413.0,102.0
379.0,150.0
354.0,223.0
351.0,328.0
360.0,315.0
340.0,318.0
329.0,225.0
327.0,83.0
300.0,20.0
247.0,10.0
261.0,10.0
267.0,6.0
288.0,8.0
281.0,5.0
226.0,9.0
218.0,6.0
205.0,9.0
229.0,23.0
212.0,37.0
189.0,97.0
235.0,12.0
236.0,43.0
225.0,57.0
244.0,29.0
244.0,72.0
220.0,57.0
205.0,41.0
194.0,53.0
200.0,39.0
206.0,64.0
185.0,67.0
180.0,143.0
153.0,239.0
157.0,218.0
169.0,175.0
163.0,112.0
145.0,80.0
129.0,48.0
132.0,15.0
106.0,32.0
84.0,7.0
79.0,6.0
77.0,8.0
85.0,8.0
