29.0,1.0
14.0,9.0
14.0,1.0
10.0,1.0
10.0,1.0
15.0,5.0
12.0,4.0
7.0,0.0
2.0,0.0
7.0,2.0
6.0,0.0
5.0,3.0
11.0,6.0
6.0,0.0
2.0,0.0
4.0,0.0
3.0,0.0
3.0,5.0
2.0,1.0
1.0,0.0
1.0,0.0
1.0,1.0
0.0,0.0
0.0,0.0
0.0,0.0
2.0,0.0
2.0,0.0
1.0,0.0
1.0,0.0
0.0,0.0
0.0,1.0
0.0,2.0
1.0,1.0
0.0,2.0
1.0,1.0
5.0,1.0
3.0,1.0
3.0,5.0
3.0,0.0
13.0,1.0
18.0,0.0
8.0,0.0
34.0,0.0
55.0,1.0
99.0,4.0
110.0,1.0
145.0,1.0
198.0,9.0
262.0,41.0
230.0,85.0
244.0,51.0
300.0,35.0
251.0,33.0
204.0,2.0
210.0,4.0
190.0,5.0
116.0,2.0
93.0,3.0
95.0,2.0
81.0,2.0
75.0,3.0
67.0,0.0
58.0,1.0
53.0,0.0
50.0,3.0
52.0,3.0
51.0,2.0
66.0,3.0
41.0,1.0
80.0,2.0
68.0,1.0
89.0,4.0
91.0,7.0
71.0,3.0
69.0,0.0
61.0,3.0
68.0,1.0
56.0,2.0
66.0,0.0
70.0,4.0
65.0,1.0
70.0,3.0
70.0,2.0
61.0,0.0
52.0,1.0
52.0,0.0
67.0,1.0
71.0,4.0
57.0,2.0
77.0,2.0
69.0,1.0
52.0,0.0
58.0,0.0
71.0,5.0
60.0,2.0
66.0,0.0
71.0,6.0
62.0,2.0
57.0,2.0
78.0,2.0
57.0,2.0
87.0,3.0
152.0,11.0
103.0,4.0
99.0,6.0
250.0,4.0
209.0,3.0
203.0,12.0
340.0,11.0
275.0,7.0
215.0,5.0
232.0,4.0
184.0,2.0
189.0,4.0
137.0,6.0
139.0,3.0
138.0,4.0
125.0,3.0
115.0,5.0
104.0,1.0
161.0,3.0
120.0,4.0
143.0,3.0
172.0,5.0
163.0,6.0
149.0,4.0
195.0,11.0
165.0,4.0
160.0,3.0
155.0,8.0
132.0,2.0
125.0,4.0
127.0,8.0
98.0,2.0
96.0,5.0
93.0,7.0
73.0,4.0
71.0,3.0
58.0,3.0
53.0,2.0
46.0,4.0
34.0,1.0
34.0,4.0
27.0,1.0
