54.0,6.0
40.0,1.0
35.0,1.0
52.0,3.0
35.0,3.0
31.0,2.0
30.0,5.0
30.0,2.0
22.0,0.0
19.0,1.0
22.0,1.0
13.0,0.0
16.0,0.0
11.0,2.0
16.0,2.0
13.0,0.0
14.0,1.0
5.0,0.0
10.0,3.0
5.0,0.0
4.0,1.0
5.0,1.0
7.0,0.0
12.0,1.0
4.0,1.0
2.0,0.0
3.0,0.0
5.0,2.0
0.0,3.0
4.0,2.0
3.0,4.0
1.0,3.0
4.0,2.0
5.0,1.0
3.0,1.0
4.0,1.0
3.0,7.0
8.0,8.0
3.0,9.0
13.0,4.0
22.0,4.0
12.0,3.0
28.0,11.0
30.0,4.0
37.0,13.0
40.0,68.0
50.0,46.0
65.0,28.0
63.0,22.0
89.0,26.0
72.0,12.0
86.0,15.0
97.0,28.0
84.0,12.0
93.0,5.0
101.0,9.0
95.0,10.0
97.0,18.0
91.0,24.0
80.0,8.0
102.0,30.0
82.0,84.0
77.0,21.0
87.0,16.0
59.0,8.0
88.0,16.0
86.0,9.0
79.0,19.0
84.0,25.0
72.0,71.0
93.0,40.0
90.0,29.0
89.0,6.0
114.0,14.0
100.0,4.0
105.0,11.0
118.0,19.0
116.0,19.0
127.0,9.0
124.0,44.0
112.0,22.0
124.0,12.0
110.0,21.0
107.0,34.0
103.0,30.0
93.0,45.0
115.0,31.0
99.0,33.0
85.0,12.0
79.0,3.0
92.0,2.0
97.0,0.0
83.0,2.0
94.0,2.0
97.0,6.0
122.0,35.0
109.0,5.0
110.0,3.0
108.0,4.0
104.0,5.0
106.0,1.0
111.0,5.0
118.0,4.0
107.0,3.0
95.0,5.0
102.0,2.0
115.0,2.0
98.0,2.0
105.0,3.0
92.0,2.0
73.0,4.0
82.0,3.0
103.0,3.0
90.0,4.0
89.0,3.0
77.0,4.0
92.0,1.0
70.0,1.0
81.0,2.0
92.0,5.0
95.0,17.0
66.0,6.0
67.0,0.0
71.0,1.0
84.0,2.0
83.0,6.0
84.0,4.0
69.0,3.0
69.0,3.0
73.0,4.0
46.0,3.0
81.0,1.0
79.0,5.0
55.0,3.0
44.0,1.0
28.0,3.0
48.0,1.0
49.0,4.0
37.0,4.0
44.0,0.0
47.0,8.0
27.0,1.0
38.0,1.0
26.0,1.0
