96.0,2.0
78.0,1.0
93.0,6.0
76.0,3.0
61.0,4.0
51.0,2.0
59.0,2.0
44.0,2.0
46.0,4.0
42.0,3.0
26.0,3.0
31.0,0.0
36.0,1.0
32.0,4.0
25.0,3.0
27.0,2.0
13.0,2.0
21.0,1.0
11.0,0.0
18.0,0.0
22.0,0.0
17.0,0.0
7.0,0.0
12.0,0.0
10.0,0.0
12.0,1.0
6.0,0.0
11.0,1.0
13.0,0.0
8.0,2.0
11.0,1.0
11.0,3.0
12.0,3.0
11.0,5.0
7.0,0.0
13.0,9.0
8.0,13.0
8.0,12.0
21.0,15.0
91.0,3.0
100.0,4.0
129.0,11.0
198.0,58.0
192.0,131.0
193.0,281.0
174.0,367.0
195.0,369.0
207.0,386.0
221.0,434.0
220.0,450.0
247.0,424.0
284.0,545.0
303.0,457.0
379.0,206.0
421.0,74.0
424.0,87.0
391.0,35.0
297.0,49.0
252.0,57.0
236.0,23.0
244.0,31.0
219.0,12.0
229.0,12.0
199.0,8.0
180.0,7.0
187.0,12.0
169.0,9.0
186.0,4.0
188.0,4.0
183.0,8.0
212.0,15.0
188.0,18.0
199.0,32.0
202.0,20.0
204.0,29.0
215.0,106.0
229.0,83.0
193.0,79.0
217.0,84.0
199.0,151.0
182.0,157.0
209.0,129.0
205.0,109.0
192.0,141.0
228.0,102.0
188.0,108.0
235.0,72.0
220.0,68.0
243.0,35.0
214.0,40.0
255.0,36.0
237.0,55.0
216.0,41.0
240.0,24.0
181.0,19.0
187.0,38.0
232.0,5.0
244.0,4.0
260.0,3.0
263.0,9.0
289.0,17.0
320.0,17.0
351.0,59.0
334.0,78.0
309.0,143.0
412.0,281.0
366.0,200.0
364.0,180.0
362.0,227.0
401.0,226.0
392.0,135.0
396.0,29.0
363.0,11.0
293.0,12.0
329.0,16.0
294.0,18.0
307.0,12.0
323.0,15.0
289.0,16.0
293.0,21.0
338.0,12.0
330.0,24.0
327.0,24.0
328.0,35.0
357.0,23.0
299.0,17.0
363.0,77.0
359.0,95.0
339.0,102.0
326.0,45.0
265.0,22.0
278.0,14.0
250.0,5.0
210.0,7.0
186.0,7.0
147.0,4.0
140.0,5.0
134.0,8.0
119.0,8.0
108.0,2.0
88.0,2.0
100.0,2.0
85.0,4.0
75.0,2.0
