3.0,0.0
2.0,0.0
0.0,0.0
0.0,0.0
2.0,1.0
0.0,0.0
4.0,0.0
2.0,0.0
1.0,0.0
1.0,0.0
0.0,0.0
1.0,0.0
0.0,0.0
0.0,0.0
1.0,0.0
1.0,0.0
4.0,0.0
0.0,0.0
1.0,0.0
0.0,0.0
0.0,0.0
1.0,0.0
0.0,0.0
0.0,1.0
0.0,0.0
0.0,0.0
0.0,0.0
0.0,0.0
0.0,0.0
0.0,0.0
0.0,0.0
0.0,0.0
1.0,1.0
1.0,0.0
0.0,0.0
0.0,1.0
0.0,1.0
0.0,4.0
2.0,4.0
6.0,1.0
7.0,1.0
5.0,0.0
10.0,1.0
19.0,0.0
26.0,1.0
23.0,3.0
29.0,3.0
35.0,11.0
34.0,19.0
25.0,20.0
17.0,18.0
18.0,23.0
12.0,15.0
10.0,20.0
13.0,34.0
13.0,24.0
21.0,17.0
14.0,20.0
6.0,18.0
9.0,9.0
13.0,8.0
14.0,9.0
11.0,6.0
15.0,13.0
16.0,12.0
11.0,3.0
8.0,2.0
10.0,1.0
14.0,2.0
10.0,0.0
12.0,0.0
20.0,0.0
4.0,0.0
12.0,1.0
15.0,0.0
14.0,0.0
12.0,0.0
10.0,2.0
15.0,4.0
14.0,0.0
9.0,0.0
21.0,0.0
14.0,3.0
11.0,0.0
10.0,2.0
15.0,6.0
13.0,2.0
12.0,0.0
13.0,0.0
12.0,0.0
16.0,0.0
16.0,4.0
17.0,12.0
14.0,2.0
18.0,0.0
12.0,0.0
20.0,1.0
17.0,3.0
15.0,0.0
12.0,0.0
19.0,1.0
17.0,0.0
17.0,1.0
15.0,0.0
20.0,1.0
29.0,2.0
13.0,1.0
13.0,0.0
16.0,3.0
16.0,0.0
18.0,1.0
15.0,0.0
12.0,1.0
12.0,1.0
12.0,0.0
13.0,1.0
7.0,1.0
8.0,0.0
15.0,0.0
6.0,0.0
11.0,0.0
12.0,2.0
11.0,1.0
9.0,0.0
10.0,1.0
10.0,0.0
13.0,0.0
11.0,1.0
17.0,1.0
8.0,0.0
11.0,1.0
14.0,0.0
15.0,0.0
8.0,0.0
3.0,1.0
5.0,0.0
3.0,1.0
5.0,0.0
7.0,1.0
4.0,0.0
3.0,0.0
4.0,1.0
3.0,0.0
4.0,1.0
