145.0,204.0
118.0,229.0
113.0,170.0
110.0,182.0
106.0,144.0
97.0,118.0
96.0,187.0
87.0,99.0
86.0,63.0
86.0,54.0
80.0,94.0
62.0,64.0
59.0,38.0
57.0,41.0
68.0,33.0
63.0,45.0
50.0,27.0
44.0,48.0
34.0,28.0
40.0,27.0
32.0,11.0
38.0,29.0
24.0,24.0
31.0,26.0
22.0,41.0
24.0,40.0
28.0,50.0
29.0,26.0
34.0,38.0
28.0,14.0
30.0,18.0
27.0,20.0
27.0,12.0
23.0,21.0
20.0,18.0
25.0,14.0
24.0,27.0
29.0,22.0
27.0,13.0
43.0,22.0
54.0,18.0
69.0,18.0
84.0,18.0
87.0,3.0
96.0,8.0
114.0,7.0
135.0,5.0
139.0,6.0
157.0,6.0
161.0,9.0
203.0,6.0
204.0,10.0
188.0,1.0
200.0,2.0
214.0,8.0
230.0,6.0
237.0,3.0
264.0,7.0
258.0,8.0
256.0,9.0
290.0,4.0
297.0,4.0
278.0,11.0
305.0,10.0
326.0,1.0
333.0,12.0
315.0,7.0
354.0,10.0
341.0,6.0
343.0,6.0
374.0,18.0
341.0,9.0
344.0,12.0
358.0,10.0
366.0,7.0
415.0,9.0
392.0,12.0
399.0,13.0
420.0,8.0
467.0,10.0
482.0,14.0
454.0,14.0
427.0,14.0
534.0,22.0
558.0,19.0
522.0,23.0
517.0,16.0
566.0,26.0
620.0,38.0
624.0,41.0
583.0,63.0
560.0,110.0
543.0,276.0
655.0,27.0
585.0,23.0
598.0,23.0
693.0,14.0
572.0,25.0
651.0,19.0
654.0,31.0
649.0,26.0
689.0,34.0
728.0,36.0
697.0,72.0
657.0,48.0
610.0,19.0
585.0,19.0
541.0,19.0
548.0,16.0
554.0,13.0
479.0,15.0
519.0,13.0
569.0,19.0
569.0,16.0
591.0,54.0
511.0,131.0
502.0,215.0
459.0,225.0
445.0,414.0
428.0,509.0
599.0,204.0
556.0,245.0
508.0,211.0
499.0,237.0
466.0,329.0
436.0,383.0
438.0,310.0
442.0,467.0
414.0,453.0
422.0,482.0
387.0,478.0
418.0,382.0
438.0,399.0
371.0,396.0
380.0,165.0
329.0,148.0
314.0,198.0
272.0,210.0
212.0,215.0
187.0,189.0
157.0,139.0
139.0,163.0
151.0,106.0
114.0,86.0
