31.0,13.0
27.0,6.0
21.0,0.0
24.0,0.0
9.0,2.0
34.0,0.0
25.0,3.0
18.0,7.0
12.0,1.0
14.0,1.0
8.0,1.0
16.0,2.0
15.0,0.0
12.0,0.0
7.0,3.0
7.0,2.0
4.0,2.0
5.0,0.0
8.0,1.0
9.0,0.0
7.0,2.0
6.0,0.0
8.0,2.0
3.0,0.0
6.0,2.0
3.0,1.0
6.0,2.0
5.0,1.0
5.0,3.0
3.0,0.0
2.0,4.0
2.0,3.0
3.0,8.0
5.0,2.0
2.0,4.0
4.0,0.0
6.0,5.0
2.0,5.0
8.0,7.0
20.0,2.0
36.0,1.0
32.0,2.0
62.0,1.0
95.0,2.0
85.0,0.0
116.0,2.0
123.0,4.0
169.0,9.0
147.0,53.0
146.0,61.0
152.0,58.0
155.0,93.0
147.0,59.0
112.0,14.0
93.0,6.0
94.0,2.0
82.0,2.0
67.0,0.0
70.0,4.0
64.0,2.0
51.0,4.0
62.0,0.0
62.0,2.0
56.0,0.0
45.0,0.0
44.0,2.0
50.0,0.0
49.0,0.0
49.0,0.0
62.0,1.0
53.0,1.0
55.0,4.0
53.0,2.0
59.0,0.0
70.0,5.0
65.0,5.0
49.0,1.0
43.0,2.0
47.0,0.0
69.0,2.0
54.0,3.0
56.0,0.0
55.0,0.0
53.0,0.0
56.0,5.0
54.0,0.0
54.0,2.0
48.0,3.0
49.0,4.0
48.0,1.0
65.0,0.0
62.0,2.0
60.0,3.0
72.0,3.0
56.0,3.0
55.0,1.0
62.0,1.0
39.0,3.0
61.0,3.0
57.0,1.0
58.0,2.0
53.0,2.0
78.0,3.0
88.0,3.0
87.0,0.0
144.0,4.0
105.0,4.0
113.0,2.0
129.0,5.0
123.0,1.0
113.0,5.0
104.0,3.0
68.0,2.0
72.0,1.0
68.0,3.0
79.0,4.0
71.0,1.0
62.0,2.0
69.0,2.0
72.0,4.0
66.0,1.0
59.0,3.0
89.0,4.0
87.0,2.0
60.0,3.0
73.0,1.0
59.0,0.0
68.0,3.0
65.0,5.0
86.0,5.0
75.0,4.0
63.0,5.0
68.0,1.0
54.0,0.0
51.0,2.0
58.0,0.0
46.0,0.0
42.0,5.0
40.0,0.0
36.0,1.0
22.0,1.0
37.0,2.0
34.0,0.0
17.0,1.0
