47.0,2.0
41.0,1.0
51.0,2.0
34.0,1.0
52.0,1.0
26.0,2.0
36.0,3.0
24.0,1.0
27.0,2.0
18.0,1.0
22.0,1.0
24.0,1.0
24.0,1.0
16.0,0.0
20.0,0.0
16.0,1.0
14.0,1.0
5.0,0.0
12.0,1.0
8.0,1.0
5.0,0.0
4.0,0.0
4.0,0.0
7.0,0.0
7.0,0.0
11.0,0.0
5.0,1.0
5.0,0.0
8.0,0.0
4.0,0.0
4.0,2.0
1.0,6.0
2.0,0.0
4.0,3.0
4.0,0.0
8.0,3.0
5.0,7.0
4.0,7.0
7.0,8.0
11.0,11.0
18.0,4.0
20.0,15.0
24.0,14.0
22.0,39.0
34.0,44.0
43.0,37.0
56.0,43.0
60.0,65.0
76.0,63.0
60.0,75.0
95.0,70.0
93.0,83.0
102.0,86.0
105.0,67.0
107.0,21.0
120.0,18.0
119.0,8.0
130.0,28.0
138.0,51.0
129.0,35.0
142.0,27.0
127.0,29.0
144.0,28.0
118.0,26.0
141.0,55.0
116.0,59.0
117.0,115.0
102.0,102.0
130.0,84.0
123.0,101.0
131.0,94.0
109.0,98.0
147.0,70.0
148.0,87.0
138.0,70.0
141.0,106.0
133.0,134.0
176.0,82.0
137.0,116.0
175.0,186.0
162.0,163.0
160.0,136.0
165.0,93.0
157.0,70.0
160.0,110.0
142.0,87.0
144.0,71.0
131.0,69.0
153.0,50.0
154.0,38.0
152.0,32.0
157.0,14.0
147.0,18.0
132.0,14.0
157.0,23.0
171.0,41.0
178.0,5.0
159.0,9.0
169.0,3.0
171.0,3.0
179.0,1.0
172.0,3.0
183.0,4.0
181.0,3.0
172.0,5.0
162.0,5.0
177.0,6.0
160.0,2.0
159.0,2.0
168.0,4.0
171.0,2.0
168.0,6.0
146.0,1.0
154.0,4.0
142.0,6.0
115.0,5.0
125.0,2.0
115.0,6.0
140.0,8.0
145.0,4.0
151.0,8.0
128.0,3.0
127.0,3.0
151.0,5.0
141.0,4.0
126.0,4.0
140.0,4.0
135.0,1.0
128.0,11.0
126.0,3.0
98.0,5.0
99.0,2.0
84.0,3.0
82.0,3.0
90.0,1.0
79.0,1.0
79.0,3.0
61.0,1.0
74.0,4.0
54.0,1.0
61.0,4.0
43.0,3.0
47.0,6.0
55.0,0.0
