125.0,101.0
123.0,81.0
104.0,117.0
93.0,78.0
92.0,83.0
91.0,64.0
97.0,56.0
69.0,60.0
78.0,58.0
77.0,39.0
60.0,34.0
68.0,7.0
63.0,26.0
53.0,34.0
50.0,39.0
52.0,46.0
41.0,26.0
48.0,20.0
41.0,28.0
31.0,19.0
33.0,23.0
32.0,24.0
36.0,8.0
34.0,35.0
27.0,44.0
27.0,13.0
27.0,10.0
21.0,14.0
19.0,5.0
26.0,0.0
26.0,3.0
23.0,4.0
15.0,3.0
21.0,1.0
16.0,5.0
23.0,3.0
22.0,1.0
32.0,4.0
33.0,11.0
50.0,1.0
60.0,2.0
76.0,3.0
151.0,2.0
161.0,6.0
240.0,3.0
298.0,6.0
341.0,5.0
355.0,17.0
450.0,15.0
447.0,14.0
443.0,10.0
420.0,9.0
373.0,5.0
361.0,10.0
331.0,12.0
323.0,12.0
349.0,14.0
341.0,3.0
296.0,3.0
316.0,2.0
291.0,4.0
292.0,9.0
312.0,10.0
317.0,11.0
330.0,9.0
332.0,4.0
341.0,8.0
380.0,10.0
374.0,9.0
360.0,5.0
367.0,6.0
342.0,9.0
311.0,3.0
327.0,10.0
322.0,6.0
325.0,11.0
330.0,11.0
412.0,16.0
423.0,14.0
397.0,10.0
412.0,11.0
430.0,9.0
449.0,9.0
407.0,8.0
427.0,17.0
415.0,6.0
394.0,7.0
417.0,16.0
451.0,4.0
415.0,4.0
415.0,18.0
450.0,31.0
415.0,114.0
523.0,14.0
491.0,13.0
480.0,10.0
488.0,12.0
437.0,17.0
442.0,6.0
480.0,17.0
524.0,13.0
523.0,17.0
639.0,18.0
564.0,21.0
637.0,39.0
670.0,108.0
535.0,66.0
579.0,34.0
627.0,27.0
473.0,21.0
497.0,16.0
418.0,14.0
443.0,13.0
417.0,16.0
420.0,13.0
418.0,13.0
402.0,10.0
426.0,12.0
404.0,20.0
481.0,9.0
510.0,16.0
395.0,14.0
470.0,14.0
430.0,14.0
426.0,13.0
449.0,21.0
470.0,20.0
478.0,30.0
423.0,14.0
426.0,19.0
402.0,27.0
416.0,48.0
453.0,181.0
361.0,118.0
367.0,45.0
267.0,42.0
299.0,20.0
208.0,7.0
220.0,10.0
197.0,26.0
200.0,68.0
172.0,121.0
152.0,128.0
133.0,117.0
