44.0,4.0
49.0,20.0
36.0,7.0
37.0,8.0
30.0,3.0
27.0,13.0
19.0,1.0
28.0,6.0
23.0,2.0
19.0,0.0
12.0,0.0
12.0,2.0
13.0,5.0
3.0,0.0
7.0,0.0
8.0,1.0
12.0,1.0
7.0,0.0
11.0,5.0
3.0,0.0
8.0,3.0
3.0,1.0
7.0,1.0
3.0,1.0
4.0,0.0
5.0,0.0
6.0,0.0
3.0,1.0
3.0,1.0
6.0,1.0
7.0,0.0
3.0,0.0
6.0,2.0
5.0,4.0
4.0,2.0
8.0,1.0
7.0,3.0
10.0,2.0
11.0,10.0
29.0,3.0
30.0,3.0
49.0,2.0
87.0,0.0
106.0,1.0
177.0,3.0
194.0,5.0
288.0,9.0
409.0,9.0
559.0,39.0
514.0,207.0
505.0,88.0
608.0,188.0
549.0,131.0
494.0,22.0
488.0,12.0
411.0,7.0
325.0,7.0
250.0,5.0
235.0,6.0
158.0,1.0
159.0,7.0
139.0,5.0
122.0,5.0
137.0,1.0
140.0,5.0
118.0,2.0
141.0,3.0
109.0,7.0
117.0,6.0
138.0,2.0
111.0,7.0
109.0,5.0
122.0,4.0
113.0,2.0
121.0,0.0
116.0,8.0
135.0,1.0
139.0,4.0
148.0,9.0
136.0,3.0
152.0,3.0
152.0,7.0
138.0,4.0
125.0,2.0
124.0,4.0
122.0,2.0
125.0,2.0
132.0,2.0
138.0,2.0
102.0,4.0
131.0,4.0
99.0,1.0
140.0,6.0
126.0,2.0
122.0,3.0
140.0,1.0
129.0,1.0
99.0,4.0
115.0,2.0
142.0,1.0
158.0,3.0
149.0,3.0
234.0,6.0
178.0,5.0
222.0,8.0
265.0,14.0
217.0,9.0
214.0,5.0
265.0,4.0
221.0,4.0
222.0,9.0
181.0,5.0
173.0,1.0
155.0,5.0
175.0,4.0
158.0,5.0
180.0,4.0
158.0,5.0
155.0,3.0
178.0,2.0
219.0,8.0
192.0,9.0
188.0,3.0
220.0,9.0
206.0,6.0
250.0,14.0
232.0,14.0
217.0,15.0
229.0,6.0
185.0,12.0
191.0,3.0
199.0,12.0
185.0,8.0
127.0,3.0
118.0,7.0
127.0,2.0
108.0,4.0
120.0,3.0
75.0,8.0
78.0,4.0
68.0,4.0
65.0,3.0
56.0,4.0
49.0,10.0
