134.0,9.0
101.0,12.0
96.0,19.0
117.0,9.0
96.0,5.0
103.0,11.0
108.0,18.0
89.0,16.0
96.0,13.0
78.0,14.0
72.0,8.0
71.0,8.0
69.0,19.0
72.0,44.0
57.0,27.0
54.0,27.0
58.0,18.0
46.0,14.0
46.0,10.0
38.0,4.0
47.0,3.0
49.0,1.0
32.0,5.0
28.0,1.0
24.0,2.0
29.0,4.0
23.0,1.0
24.0,7.0
27.0,11.0
21.0,12.0
15.0,5.0
19.0,12.0
20.0,7.0
18.0,2.0
20.0,14.0
16.0,3.0
22.0,13.0
25.0,20.0
26.0,22.0
72.0,5.0
58.0,7.0
75.0,4.0
110.0,3.0
129.0,3.0
189.0,7.0
187.0,10.0
195.0,11.0
246.0,44.0
232.0,106.0
263.0,83.0
250.0,35.0
304.0,68.0
274.0,58.0
223.0,10.0
260.0,6.0
254.0,7.0
276.0,9.0
263.0,30.0
253.0,20.0
256.0,11.0
244.0,11.0
280.0,9.0
226.0,7.0
214.0,11.0
235.0,7.0
216.0,8.0
256.0,9.0
241.0,15.0
255.0,9.0
257.0,10.0
270.0,10.0
269.0,19.0
281.0,4.0
302.0,13.0
269.0,11.0
303.0,12.0
306.0,27.0
331.0,17.0
306.0,17.0
346.0,43.0
350.0,40.0
339.0,30.0
346.0,56.0
326.0,14.0
329.0,15.0
292.0,11.0
337.0,10.0
342.0,16.0
325.0,7.0
293.0,2.0
285.0,10.0
303.0,9.0
276.0,5.0
279.0,11.0
284.0,10.0
303.0,40.0
319.0,13.0
258.0,3.0
302.0,6.0
350.0,10.0
334.0,8.0
344.0,8.0
403.0,8.0
409.0,8.0
391.0,7.0
426.0,10.0
318.0,8.0
316.0,7.0
327.0,9.0
294.0,15.0
327.0,5.0
302.0,4.0
293.0,5.0
288.0,18.0
310.0,7.0
303.0,7.0
269.0,10.0
235.0,10.0
269.0,9.0
270.0,11.0
266.0,5.0
266.0,6.0
321.0,8.0
303.0,9.0
304.0,9.0
312.0,18.0
365.0,22.0
330.0,17.0
270.0,11.0
292.0,15.0
264.0,15.0
287.0,16.0
274.0,10.0
248.0,26.0
225.0,9.0
214.0,11.0
197.0,6.0
190.0,6.0
190.0,10.0
153.0,13.0
160.0,29.0
162.0,8.0
126.0,9.0
125.0,12.0
