18.0,14.0
15.0,6.0
19.0,7.0
20.0,4.0
8.0,3.0
16.0,7.0
11.0,13.0
15.0,9.0
14.0,7.0
12.0,2.0
11.0,3.0
10.0,0.0
6.0,2.0
9.0,0.0
4.0,6.0
8.0,2.0
4.0,12.0
7.0,1.0
3.0,4.0
5.0,2.0
4.0,0.0
0.0,0.0
0.0,0.0
0.0,2.0
2.0,1.0
1.0,2.0
0.0,0.0
1.0,2.0
1.0,3.0
1.0,4.0
0.0,0.0
0.0,0.0
0.0,1.0
1.0,0.0
2.0,4.0
1.0,1.0
1.0,1.0
1.0,0.0
1.0,1.0
2.0,1.0
6.0,1.0
6.0,4.0
8.0,2.0
16.0,2.0
12.0,0.0
27.0,3.0
36.0,3.0
49.0,6.0
35.0,5.0
48.0,19.0
36.0,6.0
52.0,11.0
41.0,6.0
36.0,0.0
31.0,7.0
32.0,8.0
36.0,6.0
17.0,9.0
25.0,12.0
24.0,13.0
23.0,5.0
25.0,2.0
19.0,6.0
33.0,6.0
17.0,13.0
26.0,7.0
23.0,4.0
17.0,14.0
33.0,12.0
32.0,9.0
20.0,8.0
32.0,9.0
29.0,10.0
20.0,12.0
30.0,6.0
19.0,6.0
17.0,3.0
26.0,3.0
30.0,10.0
28.0,6.0
22.0,8.0
23.0,6.0
21.0,1.0
16.0,15.0
28.0,12.0
30.0,5.0
23.0,7.0
36.0,15.0
24.0,7.0
26.0,13.0
32.0,13.0
23.0,13.0
27.0,23.0
36.0,14.0
30.0,12.0
32.0,19.0
30.0,12.0
31.0,22.0
35.0,12.0
43.0,17.0
29.0,4.0
37.0,14.0
56.0,32.0
50.0,14.0
57.0,6.0
67.0,8.0
54.0,23.0
50.0,6.0
50.0,17.0
46.0,16.0
50.0,19.0
63.0,27.0
51.0,10.0
36.0,12.0
43.0,10.0
36.0,21.0
31.0,25.0
31.0,19.0
36.0,12.0
25.0,20.0
25.0,16.0
26.0,14.0
35.0,22.0
26.0,6.0
24.0,7.0
24.0,15.0
22.0,18.0
35.0,10.0
28.0,14.0
28.0,6.0
21.0,4.0
22.0,17.0
25.0,14.0
15.0,8.0
16.0,4.0
18.0,5.0
19.0,13.0
15.0,10.0
17.0,4.0
21.0,8.0
14.0,13.0
21.0,5.0
18.0,2.0
22.0,3.0
