48.0,4.0
47.0,6.0
45.0,16.0
46.0,1.0
35.0,5.0
41.0,4.0
23.0,4.0
24.0,6.0
29.0,1.0
17.0,1.0
31.0,4.0
25.0,1.0
22.0,3.0
17.0,0.0
11.0,1.0
17.0,0.0
6.0,0.0
12.0,0.0
5.0,1.0
15.0,0.0
12.0,1.0
11.0,2.0
6.0,1.0
9.0,0.0
4.0,1.0
5.0,1.0
9.0,3.0
7.0,9.0
4.0,3.0
5.0,0.0
7.0,1.0
8.0,4.0
5.0,5.0
5.0,6.0
7.0,2.0
1.0,4.0
6.0,7.0
8.0,2.0
13.0,4.0
16.0,1.0
23.0,2.0
28.0,2.0
62.0,4.0
66.0,1.0
91.0,6.0
119.0,1.0
121.0,0.0
117.0,3.0
159.0,9.0
149.0,13.0
144.0,7.0
156.0,4.0
139.0,4.0
98.0,0.0
101.0,3.0
98.0,0.0
82.0,0.0
63.0,0.0
89.0,0.0
78.0,2.0
76.0,1.0
76.0,2.0
80.0,2.0
80.0,2.0
87.0,15.0
66.0,3.0
59.0,1.0
71.0,2.0
68.0,3.0
70.0,2.0
67.0,3.0
84.0,2.0
55.0,5.0
63.0,1.0
91.0,4.0
76.0,0.0
70.0,0.0
84.0,2.0
90.0,4.0
87.0,4.0
100.0,2.0
94.0,3.0
83.0,3.0
91.0,1.0
78.0,1.0
72.0,3.0
96.0,3.0
89.0,1.0
82.0,0.0
92.0,4.0
97.0,2.0
90.0,4.0
111.0,2.0
111.0,12.0
98.0,2.0
105.0,1.0
86.0,3.0
114.0,1.0
109.0,1.0
100.0,4.0
108.0,4.0
92.0,3.0
135.0,7.0
140.0,1.0
133.0,3.0
155.0,5.0
107.0,2.0
104.0,3.0
124.0,8.0
126.0,4.0
118.0,5.0
120.0,2.0
112.0,0.0
105.0,2.0
113.0,0.0
109.0,5.0
100.0,5.0
101.0,3.0
90.0,4.0
120.0,5.0
126.0,5.0
92.0,1.0
110.0,6.0
111.0,7.0
119.0,4.0
138.0,8.0
110.0,5.0
128.0,3.0
104.0,5.0
130.0,9.0
90.0,3.0
122.0,4.0
78.0,1.0
89.0,2.0
69.0,1.0
77.0,1.0
64.0,0.0
78.0,3.0
66.0,3.0
74.0,5.0
55.0,1.0
70.0,2.0
51.0,6.0
67.0,5.0
