30.0,2.0
15.0,1.0
26.0,2.0
25.0,2.0
14.0,2.0
10.0,0.0
18.0,0.0
10.0,3.0
12.0,2.0
11.0,1.0
14.0,0.0
11.0,4.0
9.0,0.0
8.0,3.0
5.0,2.0
16.0,2.0
6.0,1.0
11.0,8.0
3.0,1.0
7.0,0.0
2.0,0.0
3.0,1.0
2.0,2.0
5.0,0.0
5.0,0.0
1.0,0.0
1.0,0.0
1.0,0.0
3.0,0.0
7.0,0.0
5.0,1.0
1.0,8.0
9.0,7.0
2.0,1.0
2.0,4.0
3.0,9.0
7.0,14.0
8.0,10.0
15.0,18.0
36.0,5.0
52.0,1.0
57.0,3.0
84.0,2.0
86.0,2.0
119.0,6.0
145.0,31.0
164.0,115.0
142.0,286.0
156.0,295.0
134.0,264.0
163.0,238.0
144.0,270.0
149.0,199.0
179.0,127.0
137.0,61.0
171.0,18.0
103.0,10.0
97.0,12.0
81.0,9.0
68.0,10.0
66.0,9.0
66.0,2.0
55.0,2.0
54.0,3.0
61.0,9.0
60.0,7.0
52.0,4.0
51.0,1.0
51.0,3.0
64.0,14.0
46.0,9.0
51.0,6.0
72.0,13.0
79.0,5.0
54.0,9.0
61.0,5.0
77.0,14.0
55.0,2.0
64.0,5.0
62.0,9.0
57.0,13.0
66.0,25.0
51.0,9.0
59.0,10.0
57.0,17.0
51.0,25.0
63.0,19.0
58.0,18.0
64.0,6.0
54.0,3.0
54.0,5.0
49.0,9.0
52.0,27.0
55.0,4.0
59.0,2.0
40.0,2.0
48.0,0.0
51.0,4.0
54.0,2.0
68.0,5.0
64.0,4.0
70.0,0.0
84.0,1.0
63.0,5.0
88.0,0.0
88.0,1.0
77.0,0.0
70.0,2.0
82.0,0.0
84.0,6.0
73.0,2.0
77.0,4.0
63.0,1.0
70.0,3.0
77.0,1.0
53.0,1.0
57.0,1.0
59.0,1.0
58.0,5.0
58.0,3.0
85.0,3.0
57.0,1.0
64.0,3.0
68.0,2.0
69.0,0.0
54.0,1.0
57.0,5.0
63.0,1.0
74.0,3.0
56.0,1.0
52.0,1.0
58.0,0.0
52.0,1.0
49.0,2.0
37.0,1.0
37.0,4.0
36.0,1.0
29.0,8.0
23.0,2.0
21.0,2.0
35.0,1.0
20.0,3.0
21.0,4.0
16.0,4.0
