44.0,2.0
38.0,2.0
30.0,2.0
32.0,1.0
15.0,0.0
21.0,0.0
13.0,0.0
11.0,0.0
16.0,0.0
10.0,1.0
12.0,0.0
11.0,0.0
6.0,1.0
12.0,7.0
5.0,3.0
8.0,3.0
9.0,3.0
5.0,0.0
2.0,0.0
5.0,0.0
5.0,2.0
5.0,0.0
4.0,3.0
3.0,2.0
6.0,0.0
2.0,3.0
5.0,0.0
1.0,0.0
2.0,2.0
2.0,1.0
4.0,3.0
5.0,1.0
4.0,1.0
4.0,5.0
3.0,5.0
9.0,5.0
3.0,9.0
4.0,7.0
15.0,11.0
31.0,1.0
37.0,5.0
51.0,1.0
94.0,4.0
134.0,4.0
199.0,27.0
226.0,131.0
207.0,320.0
220.0,409.0
193.0,300.0
176.0,374.0
273.0,317.0
288.0,297.0
216.0,293.0
207.0,196.0
236.0,139.0
221.0,149.0
176.0,116.0
156.0,114.0
127.0,65.0
115.0,58.0
85.0,35.0
100.0,55.0
83.0,34.0
77.0,27.0
75.0,29.0
93.0,19.0
84.0,13.0
91.0,18.0
82.0,15.0
96.0,44.0
100.0,77.0
103.0,54.0
117.0,33.0
112.0,42.0
105.0,44.0
111.0,22.0
122.0,50.0
110.0,31.0
113.0,56.0
108.0,38.0
115.0,49.0
96.0,39.0
106.0,35.0
89.0,23.0
79.0,14.0
86.0,6.0
99.0,14.0
96.0,4.0
102.0,4.0
106.0,2.0
103.0,3.0
101.0,4.0
110.0,1.0
125.0,3.0
106.0,4.0
98.0,5.0
110.0,3.0
86.0,1.0
120.0,8.0
127.0,6.0
143.0,3.0
179.0,4.0
224.0,7.0
230.0,13.0
217.0,19.0
305.0,150.0
237.0,178.0
217.0,145.0
259.0,221.0
233.0,149.0
214.0,109.0
254.0,84.0
228.0,33.0
186.0,14.0
191.0,10.0
172.0,8.0
152.0,4.0
165.0,0.0
138.0,6.0
140.0,4.0
194.0,9.0
190.0,8.0
234.0,10.0
239.0,8.0
192.0,7.0
163.0,6.0
172.0,8.0
206.0,4.0
182.0,7.0
147.0,3.0
139.0,4.0
137.0,5.0
133.0,4.0
135.0,4.0
106.0,2.0
88.0,1.0
76.0,4.0
51.0,3.0
75.0,7.0
56.0,2.0
46.0,1.0
42.0,5.0
33.0,2.0
42.0,8.0
