49.0,8.0
39.0,9.0
44.0,6.0
42.0,8.0
38.0,7.0
43.0,5.0
37.0,7.0
36.0,5.0
39.0,3.0
29.0,3.0
30.0,5.0
25.0,2.0
22.0,13.0
26.0,9.0
24.0,8.0
20.0,3.0
22.0,2.0
23.0,11.0
16.0,5.0
14.0,7.0
13.0,7.0
13.0,5.0
9.0,5.0
6.0,0.0
16.0,8.0
20.0,7.0
7.0,12.0
17.0,1.0
15.0,1.0
12.0,2.0
12.0,3.0
14.0,4.0
17.0,2.0
16.0,1.0
20.0,0.0
17.0,1.0
24.0,6.0
17.0,7.0
27.0,9.0
46.0,4.0
48.0,3.0
68.0,1.0
118.0,3.0
164.0,1.0
202.0,9.0
221.0,20.0
233.0,29.0
208.0,94.0
232.0,127.0
218.0,208.0
279.0,66.0
278.0,25.0
271.0,12.0
206.0,7.0
205.0,5.0
183.0,4.0
180.0,7.0
180.0,2.0
175.0,2.0
165.0,4.0
148.0,2.0
144.0,2.0
136.0,6.0
160.0,4.0
145.0,6.0
143.0,5.0
160.0,1.0
138.0,4.0
124.0,0.0
154.0,7.0
143.0,4.0
186.0,6.0
163.0,8.0
154.0,4.0
156.0,2.0
179.0,5.0
160.0,8.0
162.0,3.0
193.0,6.0
183.0,2.0
202.0,2.0
211.0,2.0
211.0,5.0
187.0,3.0
199.0,9.0
185.0,9.0
203.0,7.0
220.0,8.0
207.0,6.0
211.0,20.0
218.0,25.0
190.0,113.0
184.0,121.0
241.0,4.0
231.0,3.0
255.0,5.0
292.0,15.0
310.0,16.0
279.0,9.0
262.0,11.0
269.0,9.0
314.0,15.0
357.0,36.0
320.0,63.0
309.0,97.0
368.0,210.0
352.0,228.0
304.0,143.0
322.0,113.0
278.0,64.0
251.0,16.0
226.0,2.0
223.0,3.0
197.0,7.0
200.0,5.0
209.0,8.0
183.0,7.0
178.0,3.0
172.0,5.0
188.0,14.0
209.0,2.0
198.0,6.0
181.0,4.0
173.0,0.0
162.0,4.0
172.0,5.0
198.0,11.0
214.0,26.0
197.0,37.0
202.0,17.0
153.0,8.0
178.0,6.0
162.0,9.0
123.0,9.0
110.0,6.0
104.0,3.0
78.0,2.0
81.0,3.0
79.0,5.0
66.0,2.0
67.0,6.0
86.0,5.0
80.0,8.0
66.0,8.0
