101.0,0.0
111.0,5.0
108.0,5.0
115.0,3.0
88.0,0.0
74.0,2.0
93.0,2.0
84.0,1.0
76.0,2.0
71.0,5.0
66.0,1.0
71.0,3.0
47.0,5.0
48.0,2.0
35.0,3.0
33.0,5.0
25.0,6.0
35.0,13.0
25.0,10.0
15.0,0.0
14.0,6.0
17.0,4.0
8.0,6.0
19.0,14.0
8.0,3.0
13.0,16.0
7.0,30.0
7.0,22.0
11.0,21.0
12.0,16.0
3.0,23.0
3.0,34.0
6.0,22.0
4.0,26.0
14.0,40.0
7.0,50.0
9.0,62.0
9.0,64.0
20.0,44.0
35.0,47.0
46.0,82.0
35.0,25.0
59.0,22.0
81.0,12.0
72.0,9.0
97.0,4.0
99.0,2.0
122.0,9.0
125.0,5.0
126.0,3.0
125.0,10.0
147.0,4.0
154.0,3.0
137.0,5.0
138.0,4.0
153.0,5.0
137.0,2.0
137.0,6.0
141.0,10.0
144.0,6.0
143.0,14.0
139.0,26.0
116.0,37.0
144.0,21.0
156.0,37.0
152.0,21.0
157.0,21.0
149.0,38.0
135.0,29.0
162.0,61.0
155.0,74.0
151.0,28.0
157.0,55.0
142.0,35.0
142.0,24.0
140.0,37.0
136.0,34.0
157.0,71.0
157.0,26.0
164.0,67.0
159.0,67.0
156.0,34.0
161.0,87.0
150.0,119.0
154.0,92.0
165.0,93.0
154.0,54.0
141.0,94.0
151.0,43.0
150.0,71.0
151.0,33.0
143.0,27.0
154.0,34.0
133.0,5.0
168.0,7.0
147.0,4.0
146.0,5.0
134.0,5.0
161.0,7.0
172.0,7.0
153.0,10.0
181.0,9.0
203.0,12.0
188.0,10.0
188.0,6.0
214.0,6.0
189.0,5.0
194.0,6.0
180.0,4.0
185.0,8.0
188.0,6.0
159.0,3.0
156.0,8.0
171.0,6.0
174.0,3.0
177.0,7.0
130.0,7.0
179.0,5.0
168.0,7.0
187.0,7.0
160.0,4.0
187.0,5.0
191.0,8.0
188.0,3.0
184.0,7.0
182.0,7.0
188.0,6.0
184.0,9.0
203.0,4.0
210.0,4.0
143.0,4.0
159.0,1.0
162.0,5.0
143.0,0.0
146.0,4.0
117.0,3.0
125.0,2.0
109.0,4.0
89.0,2.0
93.0,2.0
67.0,4.0
73.0,5.0
80.0,14.0
49.0,4.0
