64.0,15.0
46.0,8.0
51.0,4.0
40.0,1.0
37.0,3.0
23.0,3.0
36.0,2.0
30.0,2.0
34.0,0.0
30.0,1.0
27.0,6.0
22.0,2.0
21.0,0.0
12.0,0.0
20.0,5.0
16.0,2.0
14.0,1.0
12.0,1.0
10.0,1.0
8.0,9.0
3.0,1.0
5.0,1.0
8.0,0.0
7.0,2.0
6.0,3.0
5.0,5.0
6.0,0.0
5.0,0.0
2.0,2.0
0.0,0.0
1.0,1.0
1.0,3.0
2.0,1.0
1.0,1.0
3.0,2.0
3.0,2.0
5.0,2.0
4.0,0.0
3.0,3.0
11.0,1.0
11.0,2.0
9.0,2.0
16.0,7.0
14.0,17.0
36.0,15.0
51.0,3.0
54.0,12.0
64.0,6.0
53.0,6.0
71.0,12.0
78.0,21.0
68.0,21.0
72.0,15.0
57.0,10.0
47.0,20.0
53.0,17.0
53.0,12.0
38.0,14.0
59.0,12.0
47.0,15.0
45.0,10.0
54.0,15.0
54.0,19.0
47.0,9.0
60.0,10.0
51.0,6.0
58.0,15.0
59.0,19.0
47.0,16.0
61.0,13.0
77.0,20.0
51.0,16.0
57.0,16.0
57.0,16.0
63.0,13.0
62.0,7.0
55.0,20.0
61.0,15.0
56.0,9.0
64.0,15.0
62.0,6.0
74.0,26.0
64.0,11.0
56.0,10.0
62.0,11.0
51.0,11.0
63.0,15.0
47.0,12.0
42.0,16.0
62.0,10.0
59.0,8.0
71.0,9.0
44.0,7.0
56.0,21.0
79.0,33.0
68.0,14.0
64.0,8.0
76.0,14.0
79.0,7.0
92.0,14.0
99.0,11.0
98.0,18.0
113.0,15.0
110.0,16.0
116.0,18.0
104.0,8.0
97.0,12.0
52.0,13.0
77.0,8.0
68.0,5.0
93.0,12.0
103.0,10.0
116.0,5.0
100.0,2.0
93.0,2.0
97.0,12.0
81.0,7.0
80.0,2.0
81.0,2.0
68.0,4.0
87.0,2.0
94.0,6.0
82.0,1.0
65.0,0.0
82.0,9.0
71.0,4.0
80.0,13.0
82.0,16.0
72.0,6.0
91.0,6.0
92.0,5.0
94.0,13.0
113.0,0.0
76.0,9.0
98.0,6.0
56.0,4.0
72.0,2.0
74.0,2.0
74.0,3.0
68.0,1.0
81.0,2.0
70.0,0.0
61.0,1.0
47.0,2.0
