80.0,6.0
77.0,4.0
70.0,4.0
76.0,2.0
62.0,1.0
56.0,6.0
59.0,5.0
59.0,4.0
41.0,4.0
52.0,5.0
42.0,2.0
30.0,1.0
32.0,0.0
23.0,0.0
23.0,1.0
17.0,2.0
24.0,0.0
21.0,1.0
22.0,3.0
25.0,2.0
15.0,2.0
11.0,0.0
7.0,1.0
16.0,0.0
19.0,0.0
8.0,0.0
13.0,4.0
9.0,0.0
10.0,3.0
10.0,3.0
9.0,1.0
18.0,0.0
16.0,6.0
10.0,7.0
10.0,10.0
7.0,11.0
27.0,6.0
18.0,17.0
18.0,52.0
101.0,7.0
99.0,7.0
146.0,6.0
211.0,33.0
217.0,73.0
229.0,287.0
209.0,425.0
220.0,503.0
208.0,744.0
194.0,962.0
253.0,975.0
270.0,965.0
317.0,761.0
350.0,543.0
394.0,302.0
459.0,122.0
423.0,246.0
394.0,196.0
295.0,247.0
298.0,297.0
258.0,175.0
252.0,94.0
246.0,60.0
232.0,50.0
235.0,29.0
195.0,18.0
200.0,29.0
192.0,7.0
205.0,13.0
239.0,49.0
226.0,62.0
208.0,84.0
203.0,52.0
187.0,99.0
197.0,112.0
217.0,121.0
202.0,111.0
207.0,96.0
208.0,189.0
211.0,154.0
174.0,152.0
200.0,178.0
216.0,146.0
214.0,132.0
218.0,154.0
203.0,112.0
249.0,113.0
195.0,117.0
250.0,78.0
250.0,93.0
213.0,96.0
233.0,50.0
249.0,105.0
253.0,182.0
271.0,140.0
226.0,124.0
217.0,97.0
285.0,10.0
294.0,26.0
317.0,24.0
321.0,33.0
299.0,45.0
335.0,31.0
403.0,199.0
353.0,243.0
399.0,294.0
397.0,440.0
380.0,351.0
388.0,270.0
415.0,341.0
393.0,289.0
448.0,222.0
462.0,101.0
420.0,82.0
392.0,29.0
378.0,34.0
352.0,39.0
323.0,25.0
328.0,21.0
306.0,28.0
367.0,131.0
379.0,37.0
384.0,60.0
387.0,68.0
394.0,88.0
368.0,65.0
357.0,63.0
389.0,192.0
370.0,166.0
346.0,156.0
383.0,182.0
371.0,121.0
345.0,130.0
325.0,125.0
296.0,74.0
244.0,28.0
201.0,11.0
188.0,7.0
156.0,4.0
124.0,4.0
123.0,2.0
96.0,3.0
76.0,2.0
83.0,2.0
85.0,5.0
