99.0,5.0
95.0,9.0
62.0,12.0
63.0,12.0
54.0,11.0
41.0,8.0
50.0,8.0
46.0,8.0
44.0,10.0
38.0,3.0
25.0,1.0
31.0,2.0
32.0,2.0
25.0,3.0
21.0,3.0
23.0,4.0
18.0,0.0
16.0,0.0
16.0,2.0
24.0,1.0
17.0,1.0
17.0,3.0
12.0,1.0
15.0,4.0
12.0,2.0
12.0,1.0
10.0,3.0
9.0,5.0
10.0,0.0
8.0,1.0
11.0,5.0
9.0,5.0
12.0,7.0
8.0,13.0
9.0,6.0
14.0,4.0
11.0,2.0
16.0,15.0
17.0,18.0
57.0,1.0
78.0,5.0
97.0,1.0
167.0,1.0
205.0,8.0
259.0,8.0
275.0,6.0
288.0,16.0
279.0,120.0
259.0,263.0
272.0,420.0
351.0,448.0
366.0,465.0
375.0,278.0
369.0,148.0
389.0,29.0
317.0,10.0
280.0,12.0
262.0,8.0
248.0,4.0
241.0,7.0
227.0,3.0
220.0,6.0
186.0,11.0
170.0,5.0
186.0,13.0
140.0,5.0
181.0,7.0
176.0,6.0
190.0,7.0
183.0,1.0
180.0,10.0
173.0,6.0
212.0,2.0
165.0,3.0
199.0,7.0
183.0,7.0
199.0,1.0
191.0,5.0
196.0,5.0
211.0,9.0
224.0,7.0
196.0,6.0
196.0,6.0
197.0,4.0
200.0,3.0
183.0,3.0
201.0,9.0
185.0,5.0
207.0,4.0
201.0,13.0
194.0,6.0
189.0,6.0
200.0,18.0
168.0,7.0
218.0,5.0
221.0,6.0
237.0,5.0
202.0,3.0
230.0,9.0
229.0,12.0
212.0,10.0
282.0,12.0
339.0,26.0
294.0,25.0
337.0,18.0
385.0,23.0
354.0,22.0
329.0,21.0
340.0,19.0
322.0,16.0
318.0,17.0
310.0,7.0
315.0,12.0
295.0,8.0
282.0,9.0
246.0,5.0
258.0,13.0
275.0,9.0
238.0,8.0
264.0,9.0
265.0,8.0
277.0,7.0
270.0,13.0
299.0,7.0
248.0,11.0
289.0,6.0
332.0,5.0
319.0,13.0
300.0,13.0
303.0,32.0
300.0,31.0
283.0,13.0
309.0,15.0
225.0,8.0
197.0,8.0
200.0,7.0
165.0,3.0
129.0,4.0
135.0,6.0
110.0,4.0
96.0,13.0
103.0,5.0
109.0,4.0
81.0,4.0
