3.0,1.0
4.0,0.0
6.0,0.0
1.0,0.0
1.0,0.0
3.0,1.0
2.0,0.0
1.0,0.0
1.0,0.0
2.0,0.0
0.0,0.0
0.0,0.0
0.0,0.0
2.0,0.0
1.0,0.0
2.0,0.0
1.0,0.0
0.0,0.0
3.0,1.0
0.0,0.0
0.0,0.0
1.0,0.0
0.0,0.0
0.0,1.0
0.0,1.0
1.0,0.0
0.0,0.0
0.0,0.0
0.0,1.0
0.0,0.0
0.0,1.0
0.0,0.0
0.0,0.0
0.0,0.0
1.0,0.0
3.0,5.0
2.0,4.0
1.0,3.0
0.0,1.0
3.0,0.0
3.0,0.0
10.0,1.0
8.0,0.0
9.0,3.0
10.0,1.0
19.0,0.0
23.0,6.0
25.0,1.0
21.0,0.0
23.0,32.0
18.0,19.0
16.0,9.0
25.0,7.0
17.0,36.0
22.0,10.0
17.0,8.0
14.0,18.0
13.0,9.0
13.0,6.0
20.0,5.0
14.0,0.0
20.0,4.0
22.0,1.0
21.0,2.0
18.0,4.0
15.0,5.0
16.0,10.0
22.0,13.0
27.0,12.0
18.0,6.0
25.0,9.0
20.0,6.0
28.0,12.0
16.0,12.0
23.0,10.0
20.0,5.0
17.0,17.0
17.0,9.0
26.0,20.0
24.0,11.0
21.0,6.0
17.0,4.0
22.0,2.0
24.0,5.0
22.0,2.0
19.0,0.0
19.0,2.0
8.0,1.0
23.0,0.0
10.0,2.0
17.0,3.0
20.0,1.0
20.0,1.0
19.0,1.0
9.0,4.0
23.0,6.0
29.0,3.0
30.0,3.0
20.0,1.0
23.0,4.0
17.0,0.0
21.0,0.0
26.0,1.0
18.0,1.0
20.0,3.0
16.0,1.0
29.0,1.0
23.0,0.0
22.0,2.0
17.0,1.0
18.0,0.0
24.0,0.0
18.0,0.0
23.0,0.0
11.0,2.0
15.0,0.0
14.0,1.0
8.0,2.0
11.0,2.0
13.0,1.0
20.0,1.0
13.0,0.0
13.0,1.0
10.0,0.0
14.0,1.0
10.0,0.0
13.0,0.0
12.0,0.0
10.0,0.0
8.0,0.0
12.0,0.0
10.0,0.0
8.0,0.0
9.0,2.0
13.0,1.0
8.0,0.0
3.0,1.0
6.0,1.0
4.0,0.0
4.0,0.0
6.0,1.0
5.0,0.0
3.0,0.0
4.0,0.0
