89.0,14.0
84.0,39.0
74.0,44.0
57.0,10.0
57.0,3.0
46.0,2.0
56.0,5.0
32.0,0.0
44.0,9.0
28.0,2.0
33.0,3.0
30.0,10.0
33.0,2.0
30.0,7.0
21.0,4.0
16.0,1.0
19.0,0.0
19.0,0.0
16.0,0.0
14.0,0.0
18.0,3.0
15.0,1.0
9.0,8.0
12.0,1.0
9.0,1.0
10.0,4.0
4.0,1.0
6.0,1.0
8.0,3.0
7.0,1.0
4.0,0.0
8.0,3.0
7.0,5.0
1.0,2.0
6.0,0.0
6.0,3.0
10.0,1.0
5.0,3.0
5.0,2.0
14.0,2.0
14.0,1.0
28.0,2.0
31.0,3.0
41.0,5.0
39.0,2.0
48.0,5.0
68.0,2.0
54.0,1.0
68.0,1.0
68.0,2.0
63.0,2.0
80.0,0.0
77.0,3.0
74.0,2.0
80.0,2.0
61.0,2.0
60.0,1.0
77.0,0.0
88.0,1.0
65.0,1.0
74.0,1.0
85.0,3.0
91.0,1.0
84.0,3.0
88.0,4.0
67.0,0.0
85.0,0.0
93.0,3.0
92.0,3.0
109.0,1.0
93.0,2.0
88.0,0.0
96.0,3.0
96.0,2.0
116.0,7.0
102.0,1.0
119.0,0.0
94.0,5.0
128.0,3.0
110.0,0.0
115.0,5.0
141.0,1.0
144.0,7.0
133.0,4.0
134.0,9.0
123.0,6.0
114.0,1.0
118.0,5.0
125.0,0.0
150.0,8.0
148.0,4.0
140.0,4.0
179.0,6.0
146.0,3.0
177.0,6.0
189.0,12.0
169.0,4.0
196.0,4.0
206.0,7.0
174.0,9.0
228.0,5.0
197.0,8.0
210.0,3.0
217.0,4.0
188.0,2.0
186.0,4.0
176.0,4.0
132.0,6.0
170.0,6.0
146.0,1.0
119.0,2.0
130.0,4.0
162.0,4.0
125.0,4.0
142.0,6.0
119.0,2.0
125.0,4.0
139.0,6.0
141.0,5.0
118.0,4.0
185.0,9.0
181.0,5.0
176.0,8.0
156.0,4.0
123.0,7.0
145.0,6.0
152.0,3.0
140.0,5.0
138.0,4.0
135.0,6.0
134.0,8.0
146.0,7.0
124.0,2.0
99.0,3.0
70.0,3.0
77.0,1.0
88.0,3.0
74.0,5.0
84.0,4.0
90.0,13.0
64.0,6.0
60.0,1.0
44.0,4.0
50.0,3.0
