16.0,7.0
22.0,2.0
15.0,2.0
22.0,4.0
17.0,3.0
22.0,4.0
9.0,5.0
11.0,0.0
11.0,0.0
7.0,4.0
9.0,7.0
4.0,1.0
5.0,3.0
6.0,4.0
4.0,1.0
8.0,0.0
5.0,3.0
1.0,0.0
3.0,1.0
3.0,0.0
6.0,3.0
3.0,6.0
5.0,8.0
2.0,0.0
3.0,8.0
2.0,0.0
3.0,1.0
2.0,1.0
1.0,1.0
1.0,0.0
0.0,0.0
2.0,0.0
1.0,0.0
0.0,0.0
1.0,7.0
1.0,2.0
0.0,1.0
0.0,2.0
3.0,1.0
2.0,1.0
2.0,1.0
1.0,2.0
3.0,5.0
10.0,2.0
12.0,6.0
21.0,3.0
21.0,6.0
15.0,8.0
34.0,0.0
25.0,0.0
25.0,2.0
34.0,11.0
28.0,9.0
20.0,4.0
27.0,2.0
28.0,4.0
15.0,3.0
25.0,3.0
16.0,8.0
23.0,7.0
26.0,12.0
28.0,15.0
25.0,9.0
21.0,7.0
22.0,10.0
32.0,8.0
23.0,27.0
37.0,13.0
28.0,8.0
37.0,17.0
32.0,9.0
28.0,17.0
29.0,9.0
24.0,8.0
28.0,8.0
22.0,9.0
17.0,12.0
21.0,12.0
26.0,7.0
25.0,13.0
24.0,23.0
26.0,14.0
29.0,10.0
22.0,9.0
30.0,7.0
25.0,1.0
25.0,8.0
29.0,10.0
20.0,11.0
26.0,10.0
34.0,8.0
23.0,7.0
31.0,12.0
21.0,10.0
23.0,9.0
24.0,13.0
39.0,20.0
34.0,14.0
32.0,17.0
33.0,15.0
31.0,17.0
42.0,19.0
45.0,12.0
56.0,28.0
42.0,13.0
51.0,12.0
48.0,20.0
39.0,23.0
41.0,12.0
44.0,16.0
43.0,10.0
36.0,14.0
43.0,13.0
40.0,13.0
29.0,14.0
30.0,14.0
37.0,16.0
31.0,6.0
22.0,8.0
28.0,9.0
24.0,18.0
24.0,20.0
29.0,14.0
23.0,11.0
16.0,6.0
34.0,7.0
30.0,8.0
26.0,17.0
19.0,17.0
25.0,12.0
21.0,15.0
16.0,18.0
33.0,16.0
26.0,13.0
12.0,15.0
19.0,11.0
14.0,24.0
21.0,7.0
15.0,5.0
18.0,20.0
20.0,10.0
20.0,4.0
18.0,14.0
19.0,5.0
