35.0,0.0
22.0,6.0
23.0,0.0
25.0,0.0
25.0,4.0
25.0,1.0
19.0,0.0
14.0,4.0
15.0,1.0
15.0,1.0
11.0,0.0
19.0,1.0
14.0,1.0
16.0,0.0
17.0,1.0
9.0,0.0
11.0,1.0
15.0,3.0
11.0,1.0
14.0,2.0
3.0,0.0
4.0,1.0
8.0,0.0
4.0,6.0
8.0,4.0
9.0,3.0
3.0,0.0
4.0,1.0
5.0,0.0
5.0,1.0
4.0,0.0
11.0,1.0
3.0,1.0
6.0,1.0
12.0,1.0
6.0,3.0
8.0,1.0
13.0,3.0
15.0,8.0
21.0,2.0
33.0,1.0
40.0,0.0
63.0,5.0
76.0,1.0
93.0,2.0
100.0,2.0
131.0,5.0
136.0,17.0
148.0,98.0
137.0,85.0
126.0,35.0
130.0,66.0
126.0,39.0
111.0,16.0
118.0,6.0
107.0,4.0
95.0,9.0
82.0,7.0
82.0,5.0
88.0,0.0
72.0,7.0
65.0,7.0
73.0,4.0
58.0,4.0
70.0,6.0
59.0,3.0
73.0,12.0
55.0,2.0
50.0,9.0
72.0,5.0
53.0,2.0
63.0,5.0
77.0,5.0
61.0,3.0
76.0,7.0
64.0,5.0
69.0,5.0
59.0,3.0
64.0,0.0
68.0,2.0
64.0,5.0
64.0,6.0
79.0,10.0
74.0,12.0
65.0,3.0
62.0,8.0
81.0,8.0
76.0,7.0
66.0,2.0
79.0,3.0
54.0,5.0
81.0,5.0
78.0,12.0
64.0,2.0
64.0,2.0
76.0,5.0
74.0,4.0
77.0,0.0
88.0,4.0
94.0,1.0
76.0,1.0
95.0,3.0
124.0,0.0
95.0,5.0
95.0,4.0
139.0,2.0
122.0,2.0
112.0,3.0
145.0,7.0
151.0,5.0
127.0,4.0
110.0,2.0
93.0,0.0
90.0,0.0
98.0,3.0
102.0,3.0
86.0,3.0
91.0,4.0
74.0,5.0
67.0,3.0
84.0,2.0
99.0,4.0
79.0,3.0
83.0,6.0
83.0,1.0
81.0,2.0
97.0,4.0
98.0,2.0
88.0,1.0
86.0,5.0
72.0,3.0
70.0,2.0
76.0,1.0
55.0,4.0
82.0,1.0
78.0,2.0
57.0,1.0
49.0,0.0
55.0,1.0
46.0,1.0
35.0,3.0
37.0,1.0
34.0,3.0
33.0,0.0
