3.0,1.0
0.0,0.0
2.0,2.0
3.0,0.0
1.0,0.0
1.0,1.0
1.0,0.0
1.0,0.0
1.0,0.0
2.0,0.0
0.0,0.0
2.0,0.0
1.0,0.0
0.0,2.0
1.0,3.0
1.0,1.0
0.0,0.0
0.0,0.0
0.0,0.0
0.0,0.0
1.0,0.0
0.0,0.0
0.0,0.0
0.0,0.0
0.0,0.0
0.0,0.0
0.0,0.0
0.0,0.0
0.0,0.0
0.0,0.0
0.0,0.0
0.0,0.0
1.0,0.0
0.0,0.0
0.0,0.0
0.0,0.0
0.0,0.0
1.0,0.0
1.0,3.0
3.0,0.0
3.0,3.0
2.0,4.0
1.0,0.0
4.0,1.0
10.0,1.0
6.0,0.0
8.0,0.0
16.0,0.0
26.0,0.0
17.0,1.0
31.0,1.0
51.0,2.0
58.0,2.0
43.0,0.0
44.0,0.0
48.0,2.0
36.0,1.0
26.0,0.0
18.0,0.0
15.0,1.0
10.0,0.0
7.0,1.0
8.0,1.0
6.0,0.0
7.0,1.0
5.0,0.0
11.0,0.0
8.0,0.0
15.0,3.0
8.0,1.0
12.0,1.0
10.0,1.0
8.0,0.0
4.0,1.0
10.0,3.0
16.0,1.0
8.0,0.0
5.0,0.0
9.0,0.0
11.0,0.0
12.0,1.0
14.0,0.0
14.0,1.0
7.0,0.0
7.0,1.0
8.0,0.0
14.0,0.0
4.0,1.0
12.0,0.0
13.0,1.0
11.0,0.0
9.0,7.0
12.0,1.0
10.0,0.0
6.0,0.0
8.0,1.0
8.0,0.0
7.0,0.0
12.0,0.0
13.0,1.0
7.0,1.0
15.0,5.0
13.0,1.0
16.0,0.0
19.0,0.0
21.0,0.0
10.0,1.0
20.0,1.0
20.0,0.0
22.0,0.0
28.0,3.0
30.0,3.0
18.0,3.0
15.0,4.0
15.0,5.0
12.0,1.0
10.0,0.0
13.0,1.0
4.0,1.0
5.0,2.0
15.0,1.0
17.0,1.0
4.0,0.0
8.0,0.0
13.0,4.0
14.0,1.0
14.0,2.0
17.0,4.0
9.0,1.0
7.0,3.0
11.0,0.0
6.0,0.0
9.0,1.0
7.0,0.0
8.0,1.0
8.0,0.0
16.0,1.0
15.0,0.0
2.0,0.0
6.0,0.0
3.0,0.0
3.0,0.0
4.0,0.0
3.0,1.0
