64.0,13.0
57.0,8.0
47.0,8.0
57.0,21.0
47.0,11.0
33.0,39.0
31.0,25.0
26.0,13.0
36.0,23.0
26.0,21.0
24.0,20.0
27.0,21.0
24.0,24.0
20.0,17.0
16.0,10.0
12.0,13.0
17.0,10.0
25.0,9.0
16.0,13.0
13.0,5.0
17.0,8.0
17.0,5.0
13.0,3.0
19.0,5.0
15.0,3.0
5.0,5.0
16.0,9.0
13.0,14.0
18.0,10.0
11.0,5.0
10.0,2.0
13.0,5.0
14.0,7.0
17.0,7.0
25.0,5.0
20.0,19.0
20.0,27.0
22.0,18.0
22.0,21.0
57.0,4.0
60.0,0.0
97.0,3.0
152.0,7.0
189.0,7.0
235.0,16.0
229.0,83.0
250.0,139.0
238.0,138.0
232.0,140.0
302.0,88.0
332.0,54.0
347.0,55.0
333.0,17.0
275.0,11.0
255.0,8.0
242.0,9.0
250.0,10.0
230.0,5.0
235.0,7.0
191.0,2.0
201.0,6.0
180.0,6.0
200.0,8.0
176.0,3.0
189.0,4.0
192.0,10.0
164.0,3.0
186.0,9.0
222.0,8.0
224.0,4.0
237.0,4.0
202.0,6.0
230.0,11.0
225.0,1.0
220.0,9.0
242.0,5.0
214.0,2.0
249.0,9.0
238.0,7.0
237.0,6.0
294.0,5.0
276.0,16.0
281.0,8.0
283.0,10.0
294.0,7.0
268.0,9.0
254.0,4.0
285.0,6.0
289.0,11.0
294.0,12.0
314.0,12.0
328.0,8.0
327.0,36.0
294.0,59.0
302.0,129.0
312.0,163.0
397.0,28.0
422.0,15.0
408.0,34.0
423.0,22.0
402.0,43.0
466.0,96.0
449.0,304.0
369.0,351.0
428.0,232.0
453.0,434.0
372.0,207.0
341.0,150.0
401.0,176.0
334.0,95.0
276.0,53.0
286.0,12.0
258.0,10.0
249.0,9.0
233.0,10.0
227.0,20.0
242.0,9.0
226.0,7.0
230.0,12.0
226.0,5.0
208.0,9.0
249.0,11.0
235.0,28.0
231.0,85.0
211.0,39.0
219.0,87.0
179.0,85.0
194.0,81.0
188.0,86.0
207.0,56.0
161.0,68.0
138.0,51.0
181.0,114.0
169.0,71.0
152.0,27.0
129.0,26.0
99.0,5.0
85.0,4.0
87.0,3.0
94.0,10.0
86.0,15.0
60.0,14.0
61.0,13.0
51.0,33.0
