2.0,1.0
2.0,0.0
3.0,0.0
3.0,0.0
7.0,0.0
2.0,0.0
1.0,0.0
5.0,0.0
1.0,0.0
3.0,0.0
1.0,0.0
4.0,0.0
0.0,0.0
2.0,1.0
2.0,1.0
0.0,0.0
0.0,0.0
0.0,0.0
0.0,0.0
0.0,0.0
0.0,1.0
0.0,0.0
0.0,0.0
0.0,0.0
0.0,1.0
1.0,0.0
1.0,0.0
0.0,2.0
0.0,2.0
2.0,0.0
0.0,0.0
1.0,0.0
0.0,0.0
2.0,0.0
0.0,0.0
0.0,0.0
0.0,2.0
0.0,4.0
1.0,5.0
7.0,2.0
6.0,0.0
13.0,0.0
11.0,1.0
20.0,0.0
21.0,0.0
29.0,0.0
43.0,6.0
58.0,2.0
52.0,10.0
48.0,34.0
75.0,52.0
76.0,40.0
96.0,46.0
87.0,24.0
85.0,21.0
103.0,5.0
75.0,2.0
58.0,2.0
53.0,2.0
38.0,4.0
33.0,1.0
28.0,3.0
14.0,0.0
22.0,1.0
15.0,1.0
16.0,1.0
19.0,3.0
13.0,1.0
21.0,1.0
11.0,0.0
23.0,1.0
22.0,1.0
29.0,3.0
14.0,3.0
17.0,1.0
22.0,1.0
22.0,8.0
23.0,7.0
33.0,2.0
23.0,1.0
23.0,5.0
27.0,9.0
28.0,7.0
15.0,5.0
27.0,1.0
25.0,3.0
9.0,0.0
21.0,1.0
21.0,2.0
21.0,2.0
19.0,2.0
14.0,4.0
20.0,4.0
19.0,0.0
19.0,1.0
23.0,1.0
18.0,1.0
20.0,0.0
24.0,1.0
19.0,2.0
22.0,0.0
26.0,0.0
27.0,1.0
34.0,6.0
33.0,4.0
57.0,4.0
38.0,6.0
38.0,2.0
74.0,4.0
75.0,6.0
73.0,3.0
72.0,3.0
61.0,1.0
77.0,5.0
70.0,0.0
74.0,2.0
55.0,22.0
51.0,35.0
63.0,28.0
64.0,23.0
59.0,2.0
59.0,2.0
60.0,2.0
55.0,3.0
49.0,1.0
43.0,6.0
52.0,7.0
36.0,5.0
54.0,6.0
36.0,2.0
35.0,1.0
22.0,3.0
27.0,1.0
20.0,0.0
23.0,2.0
14.0,6.0
16.0,0.0
20.0,0.0
11.0,0.0
12.0,0.0
10.0,0.0
10.0,1.0
7.0,0.0
2.0,2.0
