31.0,16.0
16.0,6.0
10.0,0.0
11.0,0.0
6.0,0.0
7.0,0.0
4.0,0.0
9.0,1.0
3.0,1.0
1.0,0.0
4.0,0.0
7.0,0.0
2.0,0.0
6.0,0.0
5.0,0.0
4.0,0.0
4.0,1.0
4.0,0.0
1.0,0.0
4.0,2.0
0.0,0.0
1.0,0.0
2.0,1.0
0.0,2.0
3.0,0.0
2.0,0.0
0.0,0.0
0.0,0.0
0.0,0.0
1.0,3.0
1.0,1.0
1.0,0.0
1.0,0.0
2.0,0.0
3.0,1.0
9.0,4.0
3.0,3.0
10.0,1.0
12.0,6.0
17.0,0.0
19.0,0.0
33.0,6.0
36.0,1.0
64.0,1.0
83.0,1.0
126.0,5.0
195.0,2.0
149.0,2.0
241.0,6.0
281.0,27.0
179.0,7.0
224.0,5.0
239.0,19.0
178.0,5.0
110.0,0.0
101.0,0.0
105.0,1.0
79.0,1.0
76.0,3.0
69.0,0.0
69.0,0.0
66.0,0.0
61.0,5.0
53.0,2.0
81.0,1.0
53.0,2.0
75.0,5.0
63.0,4.0
82.0,3.0
71.0,14.0
67.0,16.0
75.0,5.0
96.0,4.0
70.0,1.0
68.0,4.0
99.0,1.0
89.0,2.0
78.0,1.0
84.0,2.0
93.0,2.0
93.0,2.0
92.0,2.0
70.0,2.0
89.0,2.0
70.0,1.0
80.0,1.0
75.0,1.0
86.0,4.0
106.0,2.0
79.0,5.0
88.0,2.0
83.0,2.0
67.0,4.0
79.0,5.0
82.0,1.0
73.0,3.0
80.0,4.0
88.0,3.0
74.0,2.0
93.0,1.0
101.0,1.0
77.0,2.0
129.0,2.0
105.0,9.0
106.0,2.0
176.0,8.0
128.0,2.0
142.0,4.0
151.0,5.0
144.0,1.0
129.0,4.0
140.0,3.0
117.0,2.0
121.0,2.0
97.0,2.0
85.0,3.0
88.0,2.0
73.0,3.0
86.0,5.0
90.0,4.0
91.0,2.0
89.0,1.0
73.0,2.0
78.0,2.0
95.0,3.0
82.0,2.0
92.0,0.0
98.0,3.0
91.0,1.0
78.0,0.0
68.0,0.0
79.0,1.0
83.0,1.0
49.0,0.0
54.0,4.0
44.0,1.0
47.0,0.0
43.0,3.0
38.0,0.0
25.0,2.0
19.0,1.0
23.0,0.0
21.0,0.0
13.0,0.0
