10.0,31.0
6.0,37.0
7.0,60.0
10.0,32.0
8.0,9.0
8.0,16.0
5.0,25.0
8.0,20.0
7.0,8.0
5.0,2.0
3.0,5.0
4.0,2.0
1.0,0.0
1.0,1.0
0.0,0.0
0.0,0.0
0.0,1.0
0.0,0.0
0.0,1.0
0.0,0.0
1.0,0.0
0.0,0.0
0.0,0.0
1.0,0.0
0.0,0.0
0.0,5.0
0.0,0.0
0.0,0.0
0.0,0.0
0.0,2.0
0.0,3.0
0.0,3.0
0.0,1.0
0.0,0.0
0.0,0.0
1.0,0.0
2.0,0.0
1.0,0.0
0.0,0.0
1.0,2.0
0.0,0.0
1.0,0.0
2.0,0.0
3.0,0.0
3.0,1.0
1.0,1.0
0.0,0.0
1.0,1.0
1.0,0.0
4.0,0.0
10.0,1.0
12.0,0.0
16.0,2.0
5.0,0.0
6.0,2.0
7.0,5.0
9.0,0.0
11.0,0.0
12.0,2.0
17.0,1.0
17.0,0.0
16.0,0.0
17.0,0.0
12.0,0.0
15.0,0.0
15.0,0.0
10.0,0.0
8.0,0.0
8.0,1.0
6.0,0.0
6.0,1.0
6.0,2.0
7.0,3.0
6.0,2.0
12.0,0.0
2.0,1.0
2.0,0.0
8.0,2.0
12.0,2.0
12.0,1.0
5.0,0.0
13.0,1.0
7.0,2.0
12.0,0.0
4.0,0.0
11.0,0.0
12.0,1.0
8.0,1.0
4.0,2.0
6.0,1.0
13.0,1.0
12.0,4.0
8.0,0.0
5.0,1.0
10.0,1.0
9.0,0.0
12.0,1.0
16.0,0.0
9.0,6.0
13.0,1.0
8.0,3.0
3.0,3.0
13.0,0.0
5.0,0.0
4.0,11.0
11.0,3.0
12.0,0.0
9.0,1.0
11.0,1.0
12.0,2.0
7.0,0.0
11.0,1.0
4.0,0.0
6.0,2.0
5.0,1.0
12.0,2.0
11.0,2.0
17.0,0.0
14.0,5.0
12.0,5.0
12.0,2.0
12.0,0.0
13.0,1.0
7.0,1.0
6.0,0.0
5.0,10.0
10.0,12.0
15.0,34.0
11.0,33.0
11.0,24.0
6.0,9.0
5.0,2.0
5.0,4.0
7.0,6.0
7.0,3.0
4.0,4.0
10.0,14.0
8.0,7.0
6.0,1.0
4.0,4.0
1.0,0.0
8.0,1.0
9.0,3.0
15.0,4.0
