26.0,2.0
14.0,1.0
15.0,0.0
15.0,6.0
7.0,1.0
4.0,0.0
14.0,0.0
2.0,2.0
7.0,1.0
9.0,1.0
2.0,1.0
7.0,0.0
5.0,0.0
3.0,0.0
3.0,0.0
2.0,2.0
2.0,1.0
2.0,3.0
2.0,0.0
4.0,0.0
1.0,0.0
1.0,0.0
1.0,0.0
2.0,4.0
1.0,0.0
1.0,0.0
2.0,0.0
4.0,2.0
1.0,0.0
1.0,1.0
1.0,0.0
4.0,0.0
3.0,0.0
3.0,0.0
1.0,3.0
0.0,0.0
7.0,0.0
7.0,1.0
9.0,2.0
9.0,1.0
17.0,0.0
25.0,1.0
51.0,2.0
53.0,1.0
95.0,3.0
130.0,4.0
169.0,1.0
179.0,2.0
243.0,3.0
297.0,14.0
159.0,2.0
180.0,4.0
253.0,10.0
143.0,3.0
126.0,1.0
93.0,1.0
83.0,1.0
96.0,1.0
105.0,4.0
57.0,3.0
57.0,2.0
54.0,0.0
50.0,0.0
51.0,1.0
42.0,0.0
64.0,0.0
54.0,0.0
54.0,1.0
57.0,2.0
68.0,5.0
68.0,0.0
63.0,0.0
67.0,2.0
74.0,2.0
68.0,1.0
62.0,3.0
71.0,1.0
85.0,2.0
94.0,1.0
71.0,3.0
65.0,2.0
70.0,1.0
73.0,1.0
58.0,3.0
87.0,4.0
70.0,0.0
68.0,2.0
65.0,0.0
74.0,1.0
75.0,5.0
89.0,5.0
88.0,11.0
85.0,4.0
83.0,3.0
79.0,3.0
68.0,3.0
84.0,0.0
80.0,2.0
76.0,0.0
95.0,3.0
103.0,11.0
83.0,5.0
113.0,2.0
107.0,3.0
93.0,7.0
161.0,3.0
149.0,1.0
126.0,6.0
144.0,1.0
148.0,4.0
133.0,8.0
147.0,4.0
116.0,4.0
105.0,6.0
81.0,2.0
77.0,1.0
72.0,3.0
70.0,0.0
77.0,1.0
56.0,2.0
80.0,2.0
97.0,3.0
71.0,2.0
68.0,2.0
75.0,1.0
55.0,4.0
97.0,2.0
77.0,4.0
70.0,1.0
74.0,1.0
71.0,3.0
67.0,1.0
78.0,0.0
55.0,0.0
50.0,3.0
47.0,1.0
48.0,2.0
32.0,4.0
21.0,4.0
38.0,2.0
14.0,1.0
21.0,0.0
12.0,2.0
16.0,1.0
