40.0,2.0
38.0,3.0
24.0,2.0
26.0,0.0
22.0,2.0
17.0,2.0
10.0,0.0
15.0,1.0
16.0,0.0
12.0,2.0
10.0,1.0
9.0,0.0
9.0,1.0
4.0,0.0
3.0,0.0
4.0,0.0
7.0,0.0
11.0,0.0
12.0,1.0
7.0,1.0
10.0,0.0
9.0,0.0
3.0,0.0
5.0,2.0
2.0,2.0
2.0,0.0
4.0,1.0
4.0,0.0
3.0,1.0
3.0,0.0
9.0,1.0
4.0,0.0
1.0,0.0
5.0,2.0
5.0,1.0
6.0,2.0
7.0,2.0
7.0,7.0
4.0,17.0
39.0,2.0
55.0,4.0
58.0,1.0
77.0,5.0
106.0,4.0
137.0,15.0
156.0,60.0
168.0,121.0
168.0,253.0
141.0,255.0
158.0,189.0
165.0,145.0
188.0,128.0
186.0,146.0
240.0,135.0
289.0,59.0
255.0,96.0
241.0,25.0
221.0,57.0
167.0,22.0
154.0,5.0
134.0,5.0
102.0,4.0
121.0,4.0
100.0,4.0
104.0,2.0
79.0,7.0
92.0,7.0
83.0,4.0
89.0,8.0
88.0,6.0
84.0,2.0
97.0,3.0
87.0,8.0
98.0,2.0
90.0,18.0
102.0,14.0
116.0,37.0
110.0,25.0
109.0,35.0
93.0,75.0
94.0,106.0
107.0,178.0
94.0,100.0
100.0,72.0
90.0,29.0
87.0,25.0
95.0,35.0
94.0,12.0
77.0,7.0
95.0,20.0
101.0,35.0
76.0,76.0
85.0,81.0
134.0,1.0
103.0,7.0
90.0,6.0
111.0,2.0
100.0,2.0
106.0,3.0
139.0,8.0
154.0,2.0
157.0,6.0
242.0,8.0
191.0,6.0
232.0,9.0
280.0,14.0
227.0,33.0
228.0,42.0
254.0,80.0
250.0,37.0
223.0,32.0
244.0,9.0
165.0,8.0
173.0,4.0
156.0,10.0
137.0,8.0
149.0,8.0
171.0,5.0
121.0,6.0
142.0,2.0
143.0,3.0
173.0,4.0
131.0,13.0
149.0,15.0
164.0,3.0
135.0,4.0
157.0,8.0
170.0,6.0
147.0,9.0
131.0,3.0
144.0,7.0
123.0,8.0
121.0,4.0
87.0,3.0
103.0,5.0
80.0,1.0
86.0,2.0
70.0,2.0
49.0,1.0
60.0,3.0
46.0,1.0
57.0,3.0
39.0,1.0
35.0,3.0
