102.0,5.0
67.0,17.0
60.0,1.0
40.0,5.0
55.0,5.0
34.0,5.0
46.0,7.0
34.0,2.0
25.0,7.0
23.0,8.0
26.0,1.0
36.0,0.0
39.0,27.0
27.0,12.0
26.0,6.0
13.0,1.0
21.0,3.0
24.0,3.0
24.0,6.0
21.0,3.0
17.0,0.0
13.0,1.0
3.0,4.0
4.0,0.0
10.0,1.0
12.0,1.0
7.0,4.0
7.0,1.0
7.0,1.0
11.0,5.0
4.0,2.0
11.0,2.0
9.0,7.0
10.0,9.0
9.0,12.0
7.0,15.0
19.0,29.0
13.0,23.0
23.0,33.0
97.0,7.0
105.0,25.0
152.0,90.0
153.0,213.0
186.0,316.0
190.0,489.0
192.0,319.0
175.0,330.0
193.0,481.0
180.0,578.0
217.0,658.0
278.0,553.0
305.0,507.0
346.0,464.0
398.0,271.0
391.0,66.0
371.0,37.0
302.0,17.0
254.0,7.0
239.0,12.0
218.0,10.0
193.0,4.0
185.0,10.0
221.0,6.0
205.0,3.0
200.0,2.0
176.0,8.0
174.0,10.0
163.0,10.0
165.0,6.0
200.0,6.0
176.0,4.0
222.0,10.0
248.0,7.0
203.0,10.0
222.0,11.0
206.0,2.0
219.0,10.0
206.0,10.0
233.0,26.0
209.0,36.0
219.0,71.0
194.0,39.0
206.0,42.0
214.0,28.0
233.0,16.0
223.0,50.0
174.0,38.0
214.0,87.0
205.0,79.0
209.0,68.0
202.0,58.0
186.0,190.0
172.0,227.0
252.0,10.0
202.0,4.0
222.0,9.0
213.0,12.0
237.0,8.0
250.0,9.0
238.0,12.0
272.0,8.0
322.0,8.0
373.0,19.0
336.0,31.0
357.0,24.0
464.0,73.0
350.0,125.0
361.0,80.0
386.0,103.0
371.0,73.0
381.0,42.0
339.0,14.0
328.0,7.0
319.0,15.0
292.0,9.0
275.0,9.0
301.0,15.0
289.0,8.0
266.0,11.0
277.0,6.0
284.0,9.0
290.0,11.0
294.0,6.0
317.0,18.0
290.0,11.0
297.0,11.0
385.0,24.0
307.0,15.0
341.0,34.0
289.0,27.0
275.0,23.0
260.0,11.0
255.0,20.0
263.0,11.0
204.0,2.0
188.0,3.0
156.0,4.0
139.0,7.0
135.0,9.0
105.0,7.0
79.0,4.0
77.0,3.0
91.0,5.0
84.0,9.0
