27.0,2.0
35.0,1.0
21.0,0.0
38.0,2.0
16.0,0.0
22.0,1.0
22.0,1.0
28.0,1.0
13.0,0.0
18.0,0.0
16.0,0.0
13.0,0.0
16.0,0.0
11.0,2.0
7.0,0.0
13.0,1.0
10.0,0.0
13.0,2.0
13.0,1.0
6.0,0.0
7.0,0.0
9.0,1.0
8.0,0.0
4.0,0.0
10.0,2.0
4.0,0.0
5.0,0.0
6.0,0.0
5.0,0.0
3.0,0.0
6.0,1.0
6.0,4.0
7.0,2.0
2.0,1.0
4.0,4.0
6.0,8.0
9.0,5.0
9.0,4.0
18.0,5.0
20.0,0.0
30.0,0.0
43.0,4.0
62.0,4.0
67.0,0.0
95.0,0.0
137.0,7.0
118.0,5.0
135.0,18.0
131.0,73.0
124.0,35.0
146.0,25.0
135.0,66.0
117.0,39.0
102.0,7.0
99.0,6.0
95.0,1.0
102.0,2.0
93.0,9.0
72.0,16.0
80.0,8.0
67.0,3.0
70.0,13.0
73.0,12.0
71.0,11.0
58.0,5.0
66.0,9.0
62.0,11.0
47.0,10.0
51.0,9.0
67.0,21.0
75.0,10.0
76.0,11.0
57.0,1.0
69.0,0.0
85.0,2.0
78.0,4.0
74.0,1.0
82.0,2.0
91.0,7.0
74.0,5.0
90.0,10.0
72.0,5.0
75.0,7.0
68.0,6.0
72.0,4.0
68.0,1.0
85.0,3.0
72.0,3.0
85.0,2.0
92.0,2.0
77.0,8.0
78.0,3.0
81.0,1.0
91.0,1.0
84.0,1.0
83.0,3.0
68.0,6.0
87.0,2.0
93.0,5.0
92.0,6.0
96.0,0.0
116.0,6.0
145.0,4.0
136.0,7.0
135.0,22.0
165.0,68.0
159.0,86.0
149.0,116.0
152.0,132.0
154.0,130.0
158.0,99.0
149.0,34.0
156.0,11.0
125.0,5.0
113.0,5.0
109.0,2.0
88.0,7.0
84.0,1.0
80.0,0.0
106.0,1.0
115.0,4.0
103.0,1.0
121.0,5.0
109.0,4.0
118.0,5.0
122.0,4.0
123.0,4.0
121.0,4.0
97.0,2.0
118.0,3.0
76.0,4.0
91.0,2.0
86.0,3.0
72.0,1.0
67.0,2.0
73.0,2.0
61.0,1.0
53.0,6.0
42.0,2.0
51.0,2.0
43.0,1.0
49.0,1.0
44.0,3.0
42.0,9.0
