135.0,51.0
109.0,40.0
97.0,16.0
91.0,25.0
103.0,34.0
85.0,44.0
64.0,59.0
66.0,27.0
68.0,24.0
65.0,22.0
55.0,28.0
61.0,26.0
48.0,19.0
58.0,32.0
46.0,10.0
37.0,6.0
44.0,10.0
40.0,22.0
40.0,21.0
29.0,10.0
27.0,10.0
34.0,14.0
19.0,9.0
27.0,4.0
19.0,6.0
19.0,12.0
23.0,11.0
11.0,14.0
16.0,21.0
17.0,15.0
13.0,10.0
13.0,15.0
17.0,10.0
9.0,4.0
21.0,10.0
13.0,16.0
24.0,17.0
21.0,21.0
36.0,18.0
34.0,3.0
46.0,6.0
60.0,2.0
64.0,7.0
94.0,6.0
83.0,3.0
120.0,5.0
109.0,5.0
144.0,4.0
135.0,4.0
156.0,2.0
187.0,4.0
182.0,3.0
176.0,4.0
178.0,4.0
166.0,3.0
185.0,4.0
172.0,2.0
186.0,4.0
190.0,4.0
185.0,5.0
174.0,3.0
188.0,6.0
200.0,13.0
196.0,9.0
204.0,24.0
191.0,16.0
189.0,8.0
226.0,22.0
194.0,28.0
228.0,26.0
246.0,29.0
238.0,17.0
249.0,9.0
230.0,8.0
241.0,3.0
268.0,5.0
262.0,8.0
241.0,5.0
266.0,10.0
264.0,5.0
293.0,9.0
312.0,12.0
312.0,17.0
273.0,21.0
289.0,17.0
279.0,17.0
277.0,12.0
281.0,16.0
278.0,6.0
279.0,8.0
257.0,10.0
243.0,19.0
270.0,53.0
293.0,7.0
305.0,12.0
319.0,4.0
315.0,6.0
295.0,6.0
287.0,5.0
328.0,10.0
288.0,11.0
313.0,10.0
354.0,8.0
364.0,11.0
320.0,9.0
348.0,11.0
343.0,17.0
312.0,13.0
350.0,16.0
324.0,7.0
290.0,10.0
276.0,3.0
329.0,9.0
326.0,12.0
375.0,13.0
302.0,21.0
304.0,36.0
292.0,38.0
281.0,61.0
309.0,161.0
360.0,31.0
281.0,17.0
319.0,17.0
316.0,14.0
313.0,26.0
304.0,93.0
279.0,75.0
296.0,45.0
295.0,70.0
291.0,67.0
248.0,72.0
244.0,66.0
243.0,51.0
229.0,67.0
259.0,37.0
228.0,35.0
206.0,84.0
191.0,44.0
159.0,80.0
147.0,94.0
151.0,33.0
138.0,26.0
113.0,39.0
97.0,20.0
