19.0,0.0
14.0,1.0
15.0,0.0
4.0,1.0
6.0,2.0
12.0,6.0
4.0,1.0
8.0,1.0
8.0,0.0
7.0,3.0
7.0,0.0
6.0,0.0
7.0,0.0
4.0,1.0
1.0,0.0
1.0,0.0
4.0,3.0
0.0,0.0
2.0,0.0
2.0,3.0
1.0,0.0
2.0,0.0
1.0,0.0
2.0,0.0
1.0,0.0
1.0,1.0
1.0,1.0
1.0,1.0
0.0,0.0
0.0,0.0
2.0,0.0
1.0,1.0
0.0,2.0
2.0,6.0
1.0,3.0
0.0,1.0
5.0,13.0
4.0,4.0
3.0,2.0
7.0,0.0
4.0,0.0
7.0,0.0
19.0,0.0
21.0,1.0
31.0,2.0
48.0,0.0
57.0,1.0
54.0,0.0
82.0,4.0
104.0,10.0
100.0,8.0
97.0,47.0
99.0,65.0
106.0,59.0
113.0,52.0
97.0,53.0
92.0,57.0
75.0,50.0
62.0,14.0
57.0,9.0
46.0,1.0
31.0,1.0
37.0,1.0
29.0,1.0
28.0,2.0
31.0,4.0
25.0,1.0
35.0,1.0
32.0,6.0
34.0,3.0
34.0,5.0
33.0,4.0
27.0,1.0
41.0,4.0
35.0,4.0
32.0,1.0
39.0,6.0
34.0,6.0
39.0,4.0
41.0,0.0
44.0,9.0
58.0,19.0
29.0,6.0
28.0,6.0
45.0,8.0
33.0,6.0
35.0,2.0
40.0,2.0
33.0,0.0
30.0,1.0
41.0,2.0
22.0,0.0
43.0,6.0
48.0,0.0
41.0,0.0
47.0,0.0
42.0,2.0
38.0,0.0
40.0,0.0
29.0,1.0
45.0,3.0
50.0,5.0
47.0,0.0
47.0,1.0
52.0,2.0
50.0,0.0
40.0,0.0
45.0,1.0
75.0,1.0
66.0,1.0
59.0,2.0
60.0,2.0
52.0,1.0
51.0,2.0
49.0,0.0
50.0,3.0
49.0,0.0
55.0,5.0
55.0,4.0
65.0,6.0
77.0,3.0
68.0,3.0
55.0,1.0
48.0,2.0
49.0,0.0
71.0,3.0
84.0,8.0
76.0,7.0
68.0,5.0
40.0,1.0
47.0,4.0
51.0,3.0
57.0,4.0
31.0,6.0
39.0,1.0
29.0,3.0
29.0,2.0
33.0,0.0
24.0,5.0
18.0,3.0
16.0,4.0
24.0,1.0
17.0,0.0
18.0,1.0
