138.0,33.0
151.0,52.0
117.0,55.0
122.0,32.0
114.0,34.0
110.0,18.0
91.0,25.0
88.0,27.0
95.0,34.0
71.0,40.0
81.0,20.0
74.0,34.0
55.0,27.0
70.0,21.0
69.0,16.0
58.0,11.0
50.0,7.0
56.0,14.0
49.0,32.0
40.0,25.0
42.0,9.0
41.0,10.0
34.0,8.0
34.0,10.0
41.0,15.0
31.0,2.0
26.0,6.0
32.0,10.0
33.0,6.0
30.0,6.0
32.0,2.0
38.0,1.0
21.0,5.0
28.0,8.0
23.0,1.0
31.0,4.0
37.0,6.0
24.0,8.0
31.0,13.0
69.0,4.0
96.0,4.0
131.0,3.0
163.0,3.0
177.0,5.0
266.0,9.0
325.0,10.0
339.0,14.0
443.0,29.0
466.0,140.0
484.0,88.0
449.0,17.0
458.0,13.0
408.0,16.0
357.0,7.0
410.0,11.0
395.0,8.0
393.0,8.0
401.0,5.0
349.0,5.0
364.0,6.0
345.0,4.0
305.0,7.0
326.0,6.0
331.0,5.0
353.0,4.0
366.0,7.0
381.0,6.0
406.0,5.0
423.0,9.0
466.0,8.0
408.0,14.0
409.0,12.0
384.0,11.0
364.0,12.0
341.0,10.0
347.0,11.0
362.0,10.0
344.0,9.0
436.0,14.0
416.0,24.0
486.0,34.0
463.0,39.0
480.0,120.0
437.0,96.0
439.0,168.0
455.0,88.0
484.0,126.0
445.0,152.0
474.0,145.0
446.0,178.0
459.0,200.0
374.0,281.0
335.0,191.0
721.0,21.0
566.0,12.0
558.0,20.0
623.0,28.0
580.0,38.0
592.0,29.0
609.0,35.0
550.0,31.0
695.0,74.0
724.0,320.0
591.0,360.0
592.0,468.0
585.0,555.0
564.0,642.0
538.0,550.0
556.0,398.0
583.0,342.0
617.0,122.0
593.0,25.0
540.0,18.0
474.0,13.0
467.0,13.0
512.0,26.0
486.0,12.0
459.0,17.0
475.0,23.0
494.0,40.0
606.0,15.0
586.0,40.0
572.0,34.0
559.0,40.0
545.0,85.0
512.0,131.0
557.0,247.0
485.0,304.0
460.0,280.0
452.0,340.0
406.0,348.0
422.0,346.0
418.0,302.0
389.0,370.0
410.0,100.0
312.0,43.0
333.0,42.0
261.0,27.0
241.0,25.0
213.0,36.0
187.0,19.0
194.0,21.0
182.0,27.0
155.0,23.0
