8.0,12.0
11.0,14.0
13.0,12.0
14.0,8.0
9.0,8.0
7.0,3.0
8.0,5.0
7.0,13.0
8.0,1.0
7.0,3.0
9.0,5.0
4.0,3.0
4.0,8.0
4.0,0.0
0.0,2.0
2.0,2.0
3.0,2.0
1.0,1.0
1.0,0.0
3.0,3.0
5.0,4.0
0.0,0.0
2.0,0.0
4.0,2.0
2.0,7.0
1.0,0.0
0.0,0.0
0.0,1.0
1.0,1.0
0.0,0.0
0.0,2.0
0.0,0.0
0.0,1.0
1.0,1.0
0.0,0.0
1.0,2.0
3.0,4.0
0.0,8.0
2.0,1.0
4.0,4.0
9.0,2.0
6.0,5.0
16.0,13.0
21.0,8.0
23.0,1.0
25.0,7.0
38.0,8.0
36.0,10.0
43.0,10.0
33.0,18.0
43.0,11.0
40.0,6.0
60.0,14.0
33.0,7.0
35.0,3.0
28.0,13.0
28.0,3.0
16.0,10.0
18.0,8.0
28.0,12.0
12.0,9.0
16.0,3.0
22.0,14.0
22.0,8.0
24.0,8.0
27.0,17.0
33.0,5.0
19.0,6.0
33.0,17.0
23.0,4.0
26.0,10.0
26.0,11.0
22.0,12.0
17.0,16.0
21.0,6.0
22.0,6.0
20.0,8.0
16.0,2.0
32.0,10.0
27.0,10.0
29.0,4.0
28.0,11.0
29.0,9.0
24.0,14.0
29.0,12.0
24.0,11.0
28.0,13.0
25.0,8.0
30.0,6.0
25.0,13.0
28.0,11.0
17.0,18.0
35.0,17.0
44.0,10.0
25.0,10.0
34.0,3.0
33.0,0.0
35.0,5.0
30.0,24.0
48.0,10.0
28.0,21.0
51.0,14.0
45.0,15.0
45.0,15.0
52.0,4.0
39.0,8.0
43.0,7.0
37.0,7.0
29.0,25.0
41.0,12.0
49.0,22.0
55.0,6.0
37.0,14.0
39.0,23.0
33.0,14.0
22.0,13.0
27.0,9.0
29.0,8.0
32.0,26.0
21.0,17.0
34.0,13.0
32.0,4.0
32.0,11.0
23.0,9.0
32.0,10.0
18.0,12.0
23.0,7.0
23.0,12.0
23.0,16.0
22.0,9.0
37.0,9.0
23.0,8.0
19.0,4.0
29.0,5.0
14.0,7.0
20.0,6.0
18.0,9.0
9.0,9.0
23.0,9.0
23.0,7.0
9.0,7.0
21.0,12.0
18.0,17.0
11.0,7.0
