60.0,5.0
61.0,7.0
61.0,7.0
65.0,1.0
50.0,1.0
59.0,1.0
56.0,2.0
48.0,2.0
36.0,0.0
26.0,1.0
22.0,4.0
32.0,4.0
30.0,5.0
25.0,5.0
32.0,6.0
21.0,3.0
27.0,2.0
21.0,0.0
20.0,3.0
7.0,0.0
14.0,2.0
15.0,0.0
11.0,0.0
14.0,1.0
17.0,0.0
9.0,0.0
12.0,1.0
13.0,1.0
6.0,2.0
11.0,0.0
13.0,2.0
13.0,1.0
10.0,3.0
12.0,1.0
18.0,7.0
9.0,6.0
12.0,15.0
9.0,15.0
23.0,20.0
82.0,6.0
96.0,5.0
103.0,0.0
184.0,5.0
193.0,8.0
268.0,40.0
272.0,130.0
259.0,256.0
237.0,437.0
218.0,593.0
292.0,423.0
306.0,256.0
341.0,295.0
366.0,230.0
394.0,113.0
426.0,36.0
425.0,32.0
373.0,19.0
326.0,32.0
296.0,78.0
263.0,24.0
210.0,14.0
228.0,15.0
220.0,7.0
215.0,17.0
195.0,12.0
195.0,2.0
170.0,6.0
180.0,9.0
191.0,4.0
228.0,11.0
203.0,9.0
200.0,13.0
218.0,16.0
191.0,12.0
184.0,13.0
194.0,9.0
214.0,35.0
196.0,51.0
225.0,97.0
180.0,140.0
191.0,118.0
191.0,136.0
199.0,126.0
208.0,142.0
199.0,117.0
215.0,66.0
192.0,65.0
198.0,78.0
184.0,81.0
176.0,89.0
175.0,127.0
160.0,105.0
177.0,107.0
256.0,10.0
251.0,5.0
244.0,3.0
261.0,8.0
241.0,9.0
245.0,7.0
262.0,10.0
260.0,11.0
281.0,13.0
358.0,24.0
360.0,32.0
363.0,43.0
428.0,112.0
380.0,171.0
336.0,153.0
411.0,141.0
404.0,138.0
369.0,48.0
346.0,15.0
327.0,9.0
308.0,10.0
299.0,9.0
297.0,11.0
281.0,12.0
288.0,12.0
240.0,5.0
266.0,13.0
300.0,10.0
303.0,11.0
280.0,14.0
363.0,14.0
326.0,19.0
301.0,16.0
351.0,11.0
347.0,53.0
291.0,56.0
338.0,50.0
263.0,30.0
287.0,50.0
273.0,22.0
229.0,13.0
227.0,7.0
197.0,8.0
149.0,13.0
133.0,1.0
159.0,3.0
103.0,3.0
125.0,2.0
82.0,2.0
103.0,8.0
68.0,3.0
