21.0,6.0
11.0,9.0
11.0,10.0
14.0,12.0
9.0,3.0
9.0,3.0
9.0,3.0
12.0,6.0
5.0,5.0
6.0,2.0
5.0,2.0
8.0,3.0
3.0,3.0
3.0,0.0
4.0,3.0
4.0,4.0
0.0,0.0
3.0,1.0
4.0,8.0
1.0,3.0
1.0,5.0
1.0,6.0
0.0,2.0
0.0,5.0
0.0,7.0
1.0,7.0
2.0,3.0
0.0,3.0
3.0,4.0
0.0,0.0
2.0,0.0
1.0,0.0
3.0,0.0
0.0,0.0
0.0,0.0
2.0,0.0
3.0,0.0
1.0,0.0
3.0,2.0
4.0,0.0
9.0,1.0
9.0,0.0
12.0,0.0
25.0,0.0
31.0,1.0
50.0,0.0
54.0,3.0
63.0,3.0
87.0,1.0
99.0,4.0
95.0,4.0
106.0,9.0
76.0,8.0
63.0,8.0
65.0,6.0
71.0,13.0
52.0,20.0
38.0,14.0
35.0,13.0
38.0,0.0
28.0,3.0
31.0,0.0
29.0,0.0
22.0,1.0
35.0,0.0
24.0,0.0
18.0,0.0
26.0,0.0
18.0,0.0
25.0,0.0
25.0,2.0
18.0,0.0
19.0,1.0
18.0,1.0
23.0,0.0
19.0,1.0
30.0,1.0
28.0,5.0
15.0,1.0
26.0,1.0
15.0,0.0
23.0,0.0
24.0,0.0
28.0,0.0
14.0,0.0
20.0,1.0
26.0,1.0
16.0,1.0
14.0,0.0
26.0,0.0
20.0,0.0
21.0,2.0
14.0,1.0
22.0,0.0
24.0,1.0
26.0,0.0
24.0,0.0
31.0,1.0
37.0,1.0
37.0,1.0
32.0,0.0
28.0,0.0
37.0,5.0
28.0,0.0
27.0,0.0
40.0,1.0
24.0,2.0
28.0,3.0
39.0,10.0
34.0,6.0
57.0,5.0
36.0,1.0
35.0,0.0
30.0,2.0
22.0,1.0
26.0,1.0
31.0,1.0
29.0,0.0
25.0,2.0
28.0,0.0
43.0,3.0
32.0,1.0
35.0,0.0
19.0,1.0
31.0,2.0
32.0,1.0
35.0,1.0
27.0,0.0
20.0,0.0
29.0,2.0
27.0,1.0
24.0,1.0
22.0,1.0
18.0,1.0
20.0,0.0
20.0,0.0
17.0,0.0
26.0,3.0
25.0,1.0
14.0,0.0
23.0,0.0
16.0,0.0
16.0,0.0
14.0,1.0
