5.0,1.0
5.0,0.0
6.0,0.0
3.0,0.0
2.0,3.0
5.0,0.0
3.0,0.0
1.0,2.0
1.0,2.0
1.0,2.0
0.0,0.0
4.0,1.0
1.0,0.0
1.0,0.0
2.0,1.0
0.0,1.0
1.0,0.0
1.0,0.0
2.0,1.0
0.0,0.0
0.0,0.0
1.0,0.0
0.0,0.0
0.0,0.0
0.0,0.0
1.0,0.0
0.0,0.0
0.0,0.0
0.0,0.0
1.0,0.0
0.0,0.0
0.0,0.0
0.0,0.0
0.0,1.0
0.0,0.0
0.0,0.0
2.0,1.0
1.0,2.0
2.0,4.0
5.0,1.0
6.0,1.0
9.0,0.0
18.0,1.0
26.0,4.0
26.0,0.0
31.0,5.0
52.0,25.0
52.0,38.0
62.0,61.0
52.0,47.0
64.0,72.0
77.0,76.0
86.0,57.0
74.0,36.0
99.0,45.0
96.0,15.0
91.0,1.0
69.0,8.0
78.0,2.0
49.0,1.0
28.0,1.0
23.0,0.0
29.0,0.0
24.0,5.0
23.0,2.0
20.0,6.0
13.0,6.0
16.0,2.0
20.0,3.0
24.0,2.0
26.0,3.0
20.0,0.0
30.0,5.0
22.0,7.0
30.0,9.0
16.0,5.0
32.0,8.0
23.0,1.0
29.0,3.0
22.0,9.0
26.0,5.0
24.0,7.0
25.0,3.0
17.0,0.0
8.0,0.0
19.0,0.0
17.0,1.0
15.0,4.0
25.0,0.0
17.0,4.0
18.0,4.0
28.0,9.0
23.0,8.0
32.0,1.0
27.0,0.0
33.0,2.0
33.0,2.0
41.0,2.0
32.0,0.0
30.0,2.0
16.0,1.0
27.0,3.0
48.0,9.0
36.0,4.0
33.0,0.0
71.0,1.0
65.0,7.0
52.0,3.0
102.0,2.0
76.0,4.0
97.0,4.0
81.0,2.0
55.0,4.0
87.0,1.0
68.0,4.0
65.0,6.0
64.0,10.0
56.0,25.0
58.0,6.0
51.0,7.0
66.0,7.0
71.0,4.0
69.0,7.0
70.0,1.0
50.0,3.0
35.0,2.0
36.0,4.0
35.0,1.0
23.0,8.0
39.0,3.0
26.0,1.0
31.0,11.0
35.0,2.0
21.0,0.0
22.0,2.0
21.0,0.0
12.0,3.0
12.0,6.0
10.0,1.0
9.0,0.0
9.0,0.0
9.0,1.0
9.0,2.0
5.0,1.0
