41.0,1.0
25.0,4.0
23.0,0.0
22.0,1.0
20.0,0.0
16.0,0.0
16.0,1.0
7.0,0.0
20.0,0.0
22.0,0.0
7.0,0.0
4.0,0.0
11.0,0.0
7.0,0.0
7.0,1.0
6.0,1.0
7.0,0.0
5.0,1.0
5.0,2.0
9.0,1.0
3.0,2.0
0.0,0.0
1.0,3.0
5.0,0.0
4.0,0.0
4.0,0.0
4.0,0.0
0.0,2.0
4.0,4.0
4.0,2.0
1.0,1.0
0.0,3.0
4.0,0.0
5.0,0.0
4.0,1.0
6.0,4.0
15.0,7.0
7.0,2.0
16.0,7.0
19.0,0.0
23.0,1.0
28.0,1.0
30.0,1.0
46.0,2.0
61.0,4.0
74.0,0.0
81.0,2.0
83.0,2.0
86.0,6.0
96.0,10.0
122.0,6.0
104.0,11.0
109.0,11.0
71.0,1.0
68.0,0.0
83.0,2.0
76.0,2.0
71.0,18.0
75.0,29.0
77.0,24.0
69.0,29.0
84.0,42.0
74.0,62.0
73.0,34.0
75.0,27.0
79.0,35.0
67.0,32.0
82.0,20.0
72.0,78.0
70.0,65.0
94.0,66.0
98.0,51.0
111.0,10.0
109.0,2.0
91.0,7.0
99.0,7.0
98.0,1.0
131.0,5.0
95.0,8.0
102.0,3.0
107.0,2.0
113.0,6.0
112.0,12.0
114.0,4.0
98.0,8.0
90.0,4.0
96.0,1.0
83.0,3.0
88.0,1.0
93.0,3.0
89.0,2.0
80.0,6.0
91.0,2.0
97.0,2.0
86.0,2.0
91.0,2.0
93.0,3.0
92.0,2.0
103.0,5.0
107.0,4.0
95.0,3.0
103.0,2.0
118.0,3.0
98.0,2.0
96.0,6.0
109.0,8.0
114.0,1.0
118.0,2.0
120.0,3.0
109.0,1.0
108.0,0.0
127.0,1.0
83.0,5.0
99.0,4.0
88.0,2.0
93.0,4.0
86.0,3.0
69.0,3.0
91.0,4.0
67.0,3.0
101.0,4.0
95.0,3.0
91.0,9.0
78.0,2.0
76.0,2.0
81.0,2.0
90.0,1.0
83.0,1.0
73.0,2.0
70.0,2.0
62.0,3.0
73.0,2.0
67.0,2.0
74.0,3.0
65.0,1.0
57.0,3.0
50.0,2.0
39.0,4.0
34.0,4.0
33.0,8.0
26.0,1.0
29.0,1.0
34.0,1.0
24.0,1.0
