4.0,2.0
3.0,1.0
2.0,0.0
1.0,1.0
4.0,1.0
4.0,0.0
1.0,0.0
0.0,0.0
1.0,0.0
2.0,1.0
0.0,0.0
0.0,0.0
2.0,0.0
0.0,0.0
0.0,0.0
0.0,0.0
0.0,0.0
0.0,0.0
1.0,0.0
1.0,0.0
0.0,0.0
0.0,0.0
0.0,0.0
0.0,0.0
0.0,0.0
0.0,0.0
1.0,0.0
0.0,2.0
0.0,0.0
1.0,0.0
0.0,0.0
0.0,0.0
0.0,0.0
1.0,0.0
2.0,4.0
0.0,0.0
3.0,4.0
0.0,3.0
1.0,4.0
8.0,0.0
8.0,0.0
8.0,2.0
15.0,0.0
23.0,0.0
29.0,2.0
28.0,0.0
52.0,4.0
51.0,13.0
52.0,42.0
59.0,36.0
67.0,50.0
93.0,64.0
95.0,49.0
78.0,30.0
93.0,67.0
87.0,28.0
93.0,7.0
65.0,6.0
51.0,4.0
35.0,2.0
23.0,0.0
19.0,0.0
18.0,0.0
17.0,4.0
18.0,2.0
19.0,0.0
22.0,2.0
23.0,3.0
24.0,1.0
20.0,2.0
26.0,2.0
35.0,2.0
37.0,3.0
24.0,0.0
26.0,1.0
25.0,1.0
32.0,2.0
25.0,1.0
17.0,1.0
31.0,3.0
23.0,3.0
24.0,8.0
23.0,0.0
18.0,2.0
21.0,5.0
16.0,6.0
23.0,5.0
20.0,1.0
15.0,0.0
18.0,2.0
21.0,6.0
22.0,5.0
25.0,6.0
16.0,1.0
22.0,1.0
26.0,5.0
30.0,2.0
35.0,1.0
26.0,1.0
24.0,0.0
28.0,2.0
21.0,4.0
41.0,2.0
41.0,2.0
47.0,2.0
60.0,9.0
55.0,2.0
74.0,9.0
109.0,25.0
90.0,71.0
75.0,72.0
80.0,107.0
85.0,172.0
82.0,166.0
46.0,259.0
63.0,256.0
63.0,195.0
60.0,196.0
51.0,149.0
65.0,79.0
82.0,19.0
70.0,4.0
51.0,4.0
50.0,4.0
39.0,9.0
42.0,5.0
34.0,1.0
36.0,1.0
32.0,2.0
26.0,4.0
23.0,5.0
16.0,1.0
26.0,1.0
31.0,6.0
25.0,2.0
28.0,5.0
16.0,1.0
20.0,2.0
8.0,2.0
13.0,0.0
5.0,0.0
16.0,1.0
6.0,5.0
5.0,0.0
